0.824857
1.828476
1.324944
0.467089
0.828345
0.648638
0.765943
0.211406
0.421758
0.666311
1.44611
1.14666
1.221182
0.988285
0.566885
0.439704
0.608082
0.22661
0.253149
1.748732
0.335046
0.796006
0.1989
0.286553
0.947848
0.688009
1.326675
0.532918
2.481223
0.260203
1.029547
0.468856
1.078462
5.408857
0.659928
0.425934
0.132839
2.431822
0.658461
0.708782
1.741065
0.172008
0.996056
0.527757
0.352726
0.115015
1.516664
1.028674
0.61135
2.417655
0.535306
2.035754
1.728833
0.992819
0.276699
1.474244
0.959844
0.895301
0.472786
0.20388
1.587529
0.9853
1.498666
0.128604
0.641758
0.362979
1.20046
0.40791
0.494553
0.71413
0.669378
0.773347
0.126455
2.838854
0.393482
0.791964
2.815551
0.346438
0.584471
2.109942
0.626239
2.462451
0.32114
1.306062
0.912907
2.049357
2.558132
0.220779
0.326661
0.374875
1.344897
0.738206
0.130078
0.776894
1.421399
0.793233
0.633529
2.941414
0.363779
0.71234
0.926194
1.195453
2.121831
0.735732
1.291364
0.537995
0.916816
0.469081
0.476131
2.451348
1.066089
0.713009
2.277385
0.524953
0.484408
0.425542
0.266168
1.069685
0.807047
0.551876
0.270309
1.283366
0.557823
1.171485
1.153577
0.74218
0.355446
0.929092
0.169386
0.479977
3.125436
0.219209
1.700228
0.916228
0.745452
2.096468
0.401136
1.774089
1.406052
1.188229
1.296746
1.040232
0.537351
1.534945
0.420313
1.023841
0.996116
0.190393
0.675101
0.326608
2.671348
0.557679
1.010612
0.289283
0.45531
0.415276
1.58187
0.962009
0.886321
1.037215
0.765511
0.509958
1.392897
0.527751
0.52988
0.886042
1.089559
3.062892
0.85322
2.061429
2.442441
1.173926
1.461228
0.933751
0.775227
1.780099
0.471058
1.288732
2.268132
2.347856
0.44747
4.335807
1.572879
0.686935
0.659808
0.179218
0.44455
0.046172
1.231447
2.1015
0.287389
2.907716
2.2934
1.554552
1.446002
0.610349
3.202184
0.597893
1.28178
2.536974
0.416135
0.064976
2.093482
0.790542
0.507252
1.908467
1.546944
0.677621
0.426969
0.344697
0.754176
1.741588
1.562206
1.426726
0.666668
3.643187
0.458238
2.097368
0.25952
1.03991
2.113595
1.347096
0.757959
0.352788
0.414675
0.470968
1.516716
0.580317
0.631898
0.60954
0.255182
0.696996
1.65187
1.684351
1.248888
0.935555
1.138212
0.475427
0.33425
1.127786
1.259264
0.948916
1.712466
1.20465
0.429811
0.830918
1.84214
0.226851
0.228815
2.163975
0.222243
0.32833
0.187872
0.278506
0.645485
0.310625
0.493833
0.55569
0.336693
0.077114
0.848131
0.464142
0.504212
0.528262
1.175706
4.92822
0.977885
0.555027
1.524024
0.05778
0.597
0.725204
1.856018
0.30057
0.423572
2.194737
1.18513
1.162817
0.369179
1.046219
1.648725
1.252244
0.343482
2.061729
0.989408
1.319907
0.443302
2.901589
0.857878
0.613341
0.679542
0.900698
0.290929
1.516018
1.815839
1.024146
2.51964
0.418497
0.711138
0.929025
0.554732
2.514466
0.649584
0.467556
0.424166
0.215918
1.871134
0.852927
0.274648
0.099485
1.638061
0.273241
0.527165
1.172794
1.902982
0.235361
2.438605
1.946751
0.532622
0.371188
1.43731
0.712386
0.832656
0.653368
0.335966
1.314628
0.176488
1.117324
2.38623
0.763018
1.627152
0.600759
1.066026
0.463396
0.947611
1.499863
1.089059
0.783878
0.297206
0.697752
1.252656
1.546636
0.562737
3.70658
0.807976
2.226227
1.854591
2.077022
0.648501
0.722632
0.795956
0.21486
2.546407
1.982744
0.790481
1.473418
0.322121
0.631413
0.512452
0.152654
1.307837
1.642335
0.584704
2.235791
0.919297
1.701474
0.457377
1.323582
0.792778
2.463431
2.088376
1.425348
1.779052
0.497415
0.613809
2.761924
0.739594
1.306637
0.395427
0.746473
0.981038
0.643579
0.904135
1.276102
1.060372
1.968489
1.488628
1.05127
0.862072
2.627223
1.272379
0.692518
0.595226
0.842105
0.442052
0.844353
0.508851
2.11389
0.311577
0.200449
0.641744
1.904365
1.222244
0.283595
1.687017
1.686715
1.071034
0.752144
0.475778
0.263196
0.282251
1.477422
1.964531
0.788224
1.011056
1.158429
2.052277
1.280791
0.520342
1.824612
2.923377
0.809287
0.202583
0.832073
0.525898
1.036409
1.064558
1.008104
0.301555
0.185505
0.414357
1.498832
0.706747
1.576036
0.842815
0.676028
0.88887
1.313076
0.758774
1.001823
0.422197
0.331025
1.002008
0.188791
1.03512
0.438387
2.28491
1.00154
0.305967
0.475035
1.66087
0.259627
0.917219
1.352289
1.916229
1.086718
1.478728
0.523153
0.363857
0.805133
1.212592
1.976719
4.388434
0.737028
0.810225
0.39874
2.753044
0.487893
0.699351
0.361353
0.555946
3.567784
0.355928
0.44427
0.140649
0.861354
0.315929
0.486865
0.302046
1.056257
1.228339
0.403593
2.002819
1.44522
2.443785
0.505059
1.808151
1.412579
1.773014
0.824694
0.34146
0.579716
0.247822
0.653361
1.191918
0.879435
0.516848
4.629786
0.250076
0.348621
0.845732
0.610918
0.218555
0.391024
0.317672
0.380709
0.092726
0.238353
0.343721
0.535558
0.491893
0.570613
0.396967
0.233298
0.25999
0.241265
0.09673
0.112998
0.626169
0.140795
0.313129
0.087712
0.118489
0.411966
0.280719
0.434344
0.2859
0.947695
0.114187
0.382518
0.191933
0.449022
1.712035
0.264912
0.177244
0.058263
1.193784
0.246532
0.393459
0.757208
0.073779
0.427646
0.237759
0.153033
0.052427
0.550705
0.409329
0.320728
0.844146
0.221671
0.864684
0.637469
0.381225
0.135172
0.53602
0.47253
0.42979
0.228276
0.09079
0.536742
0.365657
0.685258
0.056878
0.264278
0.152059
0.442778
0.242895
0.211616
0.28617
0.284983
0.328721
0.056854
0.898512
0.168992
0.306536
0.990791
0.135569
0.315933
0.895584
0.315243
1.121055
0.138787
0.496114
0.35093
0.888664
1.181414
0.096482
0.142703
0.158125
0.624269
0.28911
0.055043
0.300899
0.443273
0.39542
0.361365
1.275539
0.154195
0.326624
0.349624
0.436921
0.997621
0.283048
0.540085
0.2626
0.431021
0.194109
0.198815
1.242926
0.490408
0.280559
1.06455
0.321907
0.207952
0.175703
0.11464
0.425147
0.288676
0.225206
0.119218
0.517531
0.229962
0.439702
0.459441
0.284056
0.154001
0.460886
0.074477
0.192172
1.396015
0.096962
0.591332
0.446377
0.289819
0.770054
0.181713
0.595001
0.540372
0.446325
0.527266
0.599864
0.257616
0.571388
0.174529
0.40367
0.370775
0.083923
0.266964
0.138831
0.933305
0.239016
0.382192
0.150775
0.220714
0.170885
0.716198
0.396011
0.31843
0.504284
0.380146
0.210789
0.599732
0.210661
0.299689
0.335634
0.406245
1.182774
0.34898
0.869207
1.263062
0.512962
0.51965
0.396526
0.361559
0.760723
0.283221
0.527935
0.784666
0.832772
0.184459
1.611888
0.541699
0.304266
0.282589
0.079086
0.184806
0.0193
0.594995
0.864722
0.127499
0.933452
1.001553
0.715754
0.521303
0.245529
1.058062
0.347022
0.449185
1.055167
0.179539
0.029411
0.760106
0.314201
0.292405
0.65378
0.65314
0.32432
0.183641
0.143176
0.304562
0.603467
0.620771
0.550132
0.29998
1.351554
0.202696
0.989146
0.15373
0.38622
0.951144
0.657138
0.299131
0.15661
0.172345
0.223697
0.607783
0.233349
0.262163
0.328025
0.114945
0.276842
0.59805
0.824232
0.426447
0.324689
0.429644
0.200018
0.146572
0.429983
0.463023
0.370277
0.762344
0.467713
0.174372
0.315344
0.726006
0.099634
0.101062
0.767995
0.099848
0.142158
0.085625
0.122575
0.260211
0.178844
0.290708
0.294768
0.141978
0.032931
0.417174
0.215422
0.210714
0.217841
0.533022
2.068677
0.432283
0.2269
0.67087
0.023924
0.244
0.428722
0.797268
0.129724
0.182386
0.845913
0.368424
0.473093
0.213263
0.491289
0.77128
0.466239
0.149678
0.730479
0.369788
0.536887
0.198901
1.026706
0.336824
0.250655
0.271869
0.373705
0.126017
0.600776
0.683772
0.43029
0.986354
0.17431
0.283386
0.380201
0.300496
1.10422
0.259341
0.275991
0.17779
0.094236
0.692949
0.343818
0.11845
0.043205
0.641416
0.116903
0.241473
0.425812
0.679964
0.103644
1.270474
0.852495
0.220879
0.202043
0.539409
0.288919
0.359279
0.265101
0.146803
0.516059
0.096822
0.543634
1.083801
0.300448
0.621993
0.239011
0.458965
0.189053
0.355468
0.729419
0.359036
0.38647
0.121264
0.268924
0.470677
0.545259
0.230734
1.211003
0.426825
0.857113
0.988797
0.973017
0.258636
0.317824
0.317344
0.092767
0.971757
0.888148
0.287164
0.671999
0.137021
0.234491
0.2153
0.067728
0.461916
0.584233
0.234095
0.765197
0.389292
0.590797
0.218739
0.532016
0.330231
1.053032
0.908695
0.577952
0.677865
0.19931
0.280528
0.905532
0.334146
0.621944
0.165968
0.376183
0.376961
0.2526
0.429116
0.618992
0.392807
0.680033
0.586627
0.383783
0.346364
0.890915
0.544517
0.288715
0.239247
0.328296
0.18658
0.370033
0.274245
0.887802
0.130844
0.088749
0.255198
0.77172
0.438505
0.123658
0.6051
0.757322
0.402881
0.357794
0.205878
0.115468
0.119898
0.487364
0.698138
0.333592
0.388536
0.422258
0.882087
0.604722
0.209109
0.731649
0.980771
0.299957
0.083339
0.491515
0.198508
0.389483
0.476187
0.427797
0.131569
0.082947
0.17307
0.65041
0.309097
0.629422
0.33252
0.265605
0.337195
0.6368
0.309816
0.383981
0.174939
0.142014
0.503735
0.081847
0.397195
0.18972
1.014271
0.376099
0.139709
0.207877
0.720855
0.114735
0.376981
0.484941
0.622619
0.435543
0.495164
0.217117
0.157934
0.388962
0.446491
0.71432
2.045048
0.283437
0.320551
0.223094
0.954408
0.252179
0.276644
0.154744
0.298095
1.311261
0.148544
0.186738
0.061397
0.346158
0.196978
0.228409
0.143068
0.396085
0.460764
0.16821
0.827357
0.560255
0.886938
0.215934
0.707117
0.674642
0.714819
0.326247
0.20011
0.240535
0.112398
0.352185
0.447265
0.347197
0.219341
1.697888
0.1087
0.207916
0.464662
0.349627
0.132943
0.23575
0.195008
0.225553
0.056775
0.151122
0.212014
0.296591
0.284283
0.326468
0.232397
0.137238
0.170772
0.143246
0.05724
0.069819
0.350063
0.085517
0.18018
0.054243
0.070626
0.234204
0.168831
0.240295
0.176301
0.514959
0.070298
0.216142
0.116707
0.266502
0.837671
0.160248
0.105472
0.035672
0.66542
0.142262
0.246743
0.414981
0.044569
0.253618
0.147677
0.093808
0.032491
0.311306
0.232038
0.198342
0.440906
0.134335
0.473606
0.359301
0.214976
0.083975
0.298488
0.278048
0.254215
0.136569
0.055751
0.2922
0.207933
0.388633
0.034442
0.158825
0.093665
0.255387
0.160041
0.128793
0.172251
0.166572
0.196108
0.035005
0.469756
0.101337
0.182568
0.533189
0.078863
0.198088
0.492346
0.195557
0.588489
0.084363
0.288565
0.198729
0.490521
0.610823
0.059627
0.085189
0.097092
0.352505
0.172473
0.0324
0.180175
0.239055
0.238823
0.231381
0.662629
0.094109
0.194076
0.205235
0.243687
0.535291
0.168031
0.29754
0.161693
0.25633
0.116768
0.11867
0.677733
0.280713
0.167479
0.588662
0.212831
0.126684
0.106545
0.070739
0.248029
0.164956
0.135247
0.073161
0.287341
0.137535
0.253566
0.257309
0.164923
0.094452
0.278656
0.045547
0.113478
0.705515
0.060527
0.330995
0.269577
0.16974
0.422547
0.10762
0.314462
0.311053
0.262646
0.30014
0.378578
0.159364
0.314626
0.103979
0.23699
0.219211
0.051769
0.15889
0.084528
0.491279
0.144506
0.223623
0.093689
0.135626
0.104493
0.406753
0.236126
0.18101
0.296032
0.226437
0.128482
0.34847
0.127632
0.190763
0.198015
0.235085
0.616471
0.207611
0.467492
0.690799
0.290707
0.293026
0.235663
0.213752
0.425914
0.18879
0.305649
0.42391
0.44619
0.111539
0.77703
0.294716
0.184719
0.167304
0.048426
0.11194
0.011553
0.351909
0.466941
0.077951
0.478498
0.539835
0.399354
0.298271
0.148438
0.555402
0.224624
0.248566
0.560686
0.109177
0.018098
0.415506
0.18707
0.190854
0.353264
0.375488
0.197639
0.112373
0.083876
0.179404
0.33033
0.33293
0.313087
0.184247
0.686977
0.122695
0.542463
0.098543
0.22586
0.514261
0.38458
0.178535
0.093318
0.101411
0.136699
0.341965
0.140708
0.157996
0.20535
0.070512
0.16481
0.324216
0.471453
0.235417
0.183009
0.240913
0.121703
0.090258
0.252981
0.26727
0.211915
0.418094
0.267931
0.102623
0.187276
0.405649
0.061504
0.062718
0.41312
0.062072
0.087877
0.053439
0.075338
0.157027
0.114409
0.192961
0.184104
0.087393
0.019829
0.247181
0.128335
0.127461
0.131223
0.302101
1.047046
0.245476
0.136618
0.380119
0.014272
0.146
0.281356
0.439721
0.08037
0.111015
0.462909
0.200685
0.271166
0.137378
0.287103
0.430195
0.264383
0.087278
0.394912
0.214523
0.308166
0.117199
0.517851
0.200226
0.149118
0.163343
0.222222
0.076035
0.324627
0.380683
0.243264
0.525964
0.106343
0.170752
0.224393
0.185537
0.605249
0.157859
0.183341
0.105617
0.056206
0.383448
0.201428
0.072786
0.026202
0.359817
0.069081
0.147352
0.245782
0.376943
0.063558
0.694645
0.474664
0.132926
0.124894
0.306926
0.17362
0.214768
0.159351
0.090237
0.296954
0.060467
0.322054
0.579975
0.178095
0.338869
0.144156
0.270755
0.111151
0.207776
0.411711
0.198971
0.228551
0.071495
0.15697
0.269592
0.306075
0.140725
0.635252
0.260969
0.450636
0.570049
0.536596
0.152658
0.190514
0.18624
0.05605
0.501994
0.480209
0.165093
0.380385
0.083773
0.133947
0.128673
0.041607
0.262403
0.331657
0.139235
0.408087
0.223407
0.326256
0.133742
0.302093
0.188262
0.565561
0.490476
0.324398
0.381872
0.12005
0.169908
0.462064
0.193468
0.363085
0.100522
0.227843
0.221239
0.15113
0.251182
0.357159
0.224147
0.378625
0.336744
0.221931
0.205586
0.480222
0.305714
0.172563
0.144818
0.188786
0.112965
0.22112
0.174337
0.482434
0.079156
0.054148
0.153207
0.411674
0.239523
0.076104
0.336176
0.422044
0.234272
0.213789
0.125321
0.071233
0.073176
0.266583
0.371257
0.202374
0.221282
0.245129
0.472634
0.345971
0.126082
0.390735
0.512723
0.17493
0.04878
0.316365
0.114163
0.227016
0.281311
0.253033
0.081067
0.051209
0.104185
0.359324
0.186051
0.340198
0.200509
0.158562
0.19791
0.369584
0.183226
0.223667
0.106647
0.088277
0.304306
0.04863
0.23305
0.115842
0.54669
0.220122
0.086
0.12722
0.394851
0.070147
0.213854
0.277065
0.329911
0.249323
0.270196
0.13206
0.09589
0.234567
0.257644
0.379217
1.073378
0.165906
0.188496
0.142596
0.486307
0.155518
0.166401
0.094437
0.187262
0.68288
0.089324
0.115895
0.037248
0.205201
0.135392
0.137772
0.088057
0.222818
0.265182
0.102519
0.459496
0.319817
0.463675
0.132923
0.400762
0.390189
0.381369
0.189487
0.129778
0.145788
0.069851
0.218403
0.258505
0.205319
0.134742
0.864218
0.066256
0.145654
0.309431
0.239105
0.092356
0.164938
0.137314
0.154627
0.039878
0.105434
0.149166
0.199654
0.194856
0.219285
0.16126
0.093978
0.121933
0.099281
0.03895
0.049348
0.23822
0.059933
0.121867
0.038404
0.048561
0.157221
0.118758
0.161878
0.122014
0.341495
0.049558
0.145647
0.082439
0.187281
0.520785
0.113557
0.072647
0.02507
0.443127
0.096744
0.174784
0.274979
0.030988
0.178289
0.10568
0.066125
0.022906
0.21268
0.156649
0.13891
0.288458
0.094584
0.315585
0.245638
0.144924
0.059328
0.202544
0.188608
0.175826
0.093362
0.03918
0.194863
0.140587
0.263486
0.023809
0.111581
0.066843
0.177408
0.113961
0.090773
0.121853
0.113489
0.137089
0.024589
0.309165
0.069893
0.128274
0.353238
0.053494
0.138134
0.329602
0.139459
0.382266
0.058907
0.200883
0.13368
0.328876
0.393134
0.042323
0.058362
0.068848
0.237973
0.120981
0.021986
0.127355
0.158281
0.167026
0.164165
0.425035
0.066248
0.134365
0.143411
0.163444
0.350246
0.117714
0.197941
0.114252
0.178599
0.081646
0.081984
0.443821
0.188963
0.11762
0.391574
0.152308
0.08908
0.074841
0.050261
0.172078
0.112212
0.094709
0.051499
0.192745
0.095898
0.175799
0.172727
0.112826
0.066459
0.194784
0.031926
0.077947
0.447686
0.043318
0.225921
0.189852
0.11669
0.28404
0.073252
0.206108
0.216287
0.185079
0.205363
0.269374
0.112663
0.211024
0.071767
0.165274
0.154663
0.036583
0.110763
0.05911
0.32267
0.100909
0.156154
0.065467
0.095354
0.074157
0.275344
0.165761
0.122702
0.200868
0.156538
0.091143
0.241438
0.090347
0.13541
0.138855
0.163292
0.398227
0.145609
0.308982
0.454222
0.195625
0.20141
0.164659
0.147235
0.287499
0.137893
0.212722
0.283779
0.296285
0.078215
0.48061
0.195627
0.130638
0.115888
0.034007
0.078585
0.007984
0.24665
0.309197
0.054588
0.308096
0.354847
0.268186
0.206081
0.104902
0.362598
0.160325
0.166231
0.367916
0.076524
0.012712
0.278738
0.131422
0.136143
0.234387
0.259322
0.138683
0.079453
0.056953
0.124245
0.223119
0.218217
0.214728
0.13078
0.436267
0.085574
0.357309
0.069507
0.157809
0.339103
0.265694
0.12551
0.063829
0.069091
0.095499
0.233172
0.099005
0.11108
0.143629
0.049535
0.115163
0.21542
0.32088
0.157336
0.123521
0.162159
0.085822
0.063959
0.177757
0.185444
0.14405
0.274275
0.184295
0.070165
0.131957
0.273513
0.043528
0.044566
0.274042
0.044091
0.062439
0.03795
0.053135
0.110947
0.08107
0.138435
0.129947
0.062236
0.013753
0.168057
0.088044
0.089518
0.091981
0.201583
0.651411
0.164254
0.095755
0.258938
0.009854
0.102
0.203086
0.295088
0.057296
0.07768
0.307552
0.133402
0.185791
0.098135
0.197744
0.286813
0.180593
0.058712
0.26389
0.148661
0.212092
0.07964
0.329295
0.140451
0.103194
0.11505
0.155604
0.052685
0.214541
0.257037
0.16393
0.347185
0.075236
0.120921
0.156563
0.12831
0.403109
0.11243
0.131379
0.072547
0.038454
0.25951
0.139106
0.051517
0.018254
0.244756
0.047013
0.103694
0.170647
0.255659
0.044549
0.453243
0.320727
0.092719
0.085927
0.210208
0.122252
0.150286
0.111916
0.063653
0.204579
0.042085
0.225428
0.378696
0.124394
0.226326
0.101741
0.18898
0.075925
0.144482
0.278839
0.133349
0.15657
0.048823
0.107737
0.185929
0.20872
0.100131
0.415081
0.181157
0.293245
0.382266
0.357381
0.105529
0.133388
0.128446
0.038839
0.32449
0.317418
0.112657
0.260176
0.059045
0.090474
0.089255
0.02923
0.180038
0.2282
0.096924
0.270219
0.151001
0.221606
0.093668
0.20664
0.126809
0.37224
0.325939
0.218855
0.260368
0.084379
0.118342
0.298632
0.131232
0.250772
0.070316
0.157441
0.154316
0.106044
0.169492
0.243817
0.152704
0.25885
0.231689
0.153901
0.144232
0.31953
0.205234
0.120482
0.10256
0.127987
0.079117
0.155067
0.125521
0.320982
0.055213
0.037829
0.107912
0.270317
0.158886
0.053748
0.227573
0.284274
0.162745
0.148363
0.088013
0.050383
0.051464
0.178482
0.243908
0.144289
0.14977
0.170919
0.311178
0.233969
0.088652
0.257671
0.335332
0.12099
0.033045
0.223675
0.07721
0.158716
0.196233
0.177496
0.057257
0.036157
0.072631
0.240516
0.129948
0.224319
0.142731
0.111129
0.138057
0.251353
0.127417
0.155027
0.075408
0.063183
0.209349
0.033184
0.163029
0.081541
0.360051
0.153925
0.060584
0.089866
0.259736
0.049148
0.144493
0.191776
0.217031
0.170614
0.180481
0.093482
0.066922
0.164667
0.179006
0.24977
0.679904
0.114369
0.130192
0.100776
0.311992
0.108735
0.11774
0.066246
0.132121
0.44207
0.061964
0.08326
0.02591
0.143499
0.09833
0.095215
0.061799
0.149946
0.182934
0.072184
0.309613
0.219367
0.301738
0.094641
0.272114
0.26758
0.249526
0.130285
0.092348
0.102797
0.049506
0.153021
0.179192
0.143601
0.095955
0.544211
0.046475
0.111015
0.228642
0.179847
0.069208
0.125421
0.104564
0.115406
0.03021
0.078758
0.113398
0.1485
0.146182
0.162055
0.122199
0.069843
0.092889
0.074638
0.028684
0.037566
0.179088
0.045399
0.08996
0.029296
0.036144
0.115667
0.090626
0.120393
0.091006
0.25231
0.037644
0.107627
0.063008
0.143571
0.369356
0.087258
0.054177
0.019018
0.32571
0.071759
0.133708
0.202449
0.023283
0.136561
0.081406
0.050237
0.017358
0.160331
0.116018
0.104966
0.211806
0.07212
0.23339
0.18569
0.107248
0.045125
0.151638
0.139625
0.132613
0.069058
0.029676
0.143999
0.104002
0.197007
0.017743
0.08509
0.05157
0.135198
0.086347
0.069188
0.093616
0.084098
0.104145
0.018599
0.228257
0.052105
0.098086
0.261761
0.03946
0.103527
0.244826
0.107302
0.278933
0.044405
0.153308
0.098451
0.244777
0.28544
0.032404
0.043221
0.052696
0.17733
0.092274
0.016169
0.097915
0.116157
0.126843
0.124947
0.307054
0.050383
0.101067
0.109344
0.120714
0.256165
0.089676
0.145758
0.087259
0.135533
0.061789
0.061336
0.323077
0.139482
0.089794
0.290121
0.116185
0.067675
0.056872
0.038536
0.130434
0.083476
0.071932
0.039072
0.142746
0.072538
0.133694
0.127626
0.084095
0.050395
0.147969
0.024133
0.058093
0.321602
0.033389
0.170367
0.145036
0.087319
0.211989
0.053995
0.150645
0.165133
0.142468
0.154382
0.20716
0.08584
0.156569
0.053635
0.125891
0.119059
0.027867
0.083788
0.044593
0.238202
0.076134
0.119327
0.049191
0.07237
0.056836
0.206298
0.126872
0.09097
0.149155
0.117671
0.06999
0.183774
0.069299
0.103304
0.106269
0.124263
0.289646
0.111158
0.227894
0.330272
0.144664
0.152604
0.12535
0.110307
0.21524
0.107335
0.162256
0.211688
0.219858
0.059348
0.340145
0.143706
0.100175
0.087232
0.025755
0.059715
0.005969
0.188824
0.228648
0.041204
0.223508
0.26001
0.198843
0.156932
0.080378
0.266059
0.122666
0.122543
0.27058
0.057943
0.009622
0.20787
0.100486
0.103708
0.1729
0.197124
0.105358
0.060701
0.041983
0.093774
0.166918
0.159053
0.162237
0.100337
0.313754
0.064482
0.262462
0.052356
0.120604
0.249428
0.201635
0.095989
0.047246
0.051043
0.071986
0.175343
0.07556
0.084695
0.10797
0.037549
0.087346
0.158912
0.241367
0.115925
0.091475
0.120165
0.065409
0.048907
0.136564
0.141481
0.107049
0.200154
0.139042
0.052056
0.101356
0.203941
0.033203
0.034101
0.202567
0.033714
0.047838
0.028963
0.040406
0.085022
0.061442
0.10566
0.098778
0.04793
0.010318
0.124421
0.065447
0.068013
0.069879
0.148119
0.456794
0.120488
0.072663
0.194379
0.007371
0.0778
0.157173
0.219555
0.04406
0.058644
0.227648
0.098031
0.139547
0.075024
0.148905
0.211543
0.135482
0.042876
0.196078
0.112637
0.160116
0.058708
0.236963
0.10728
0.07737
0.087998
0.118634
0.039416
0.157663
0.192481
0.121387
0.256097
0.057537
0.092993
0.119108
0.095563
0.29815
0.086783
0.10018
0.053969
0.028444
0.194441
0.104866
0.039395
0.013741
0.183528
0.034659
0.078935
0.129916
0.192042
0.033636
0.328933
0.24066
0.069964
0.063539
0.158698
0.093556
0.11439
0.085252
0.048407
0.154524
0.031423
0.172219
0.275889
0.094653
0.167716
0.077909
0.143974
0.056271
0.109687
0.208136
0.098427
0.116819
0.036157
0.080513
0.140685
0.157162
0.07717
0.305996
0.136386
0.213789
0.285114
0.264681
0.07926
0.10143
0.096512
0.029049
0.235836
0.233755
0.08396
0.196139
0.044967
0.066724
0.067055
0.02213
0.135657
0.173556
0.073274
0.199759
0.11159
0.166261
0.070849
0.155194
0.093472
0.274365
0.241407
0.162695
0.19638
0.064338
0.089063
0.217577
0.097177
0.189665
0.053179
0.117803
0.117676
0.080699
0.124976
0.182943
0.113841
0.196063
0.175325
0.116758
0.110149
0.237292
0.151757
0.09126
0.078772
0.094709
0.059933
0.11822
0.09707
0.237807
0.041605
0.028523
0.082572
0.198188
0.116439
0.040925
0.17037
0.212005
0.123787
0.111803
0.066755
0.038402
0.03911
0.13207
0.178735
0.11166
0.111133
0.13076
0.228715
0.173961
0.067563
0.189375
0.24637
0.091314
0.0243
0.169661
0.056924
0.121282
0.149327
0.135728
0.043566
0.027505
0.054803
0.178356
0.098429
0.164281
0.110471
0.084616
0.105148
0.187407
0.096387
0.117541
0.057676
0.048767
0.156335
0.024496
0.124516
0.061962
0.265246
0.117596
0.046041
0.068582
0.190159
0.037113
0.107083
0.145964
0.159085
0.127931
0.133391
0.071672
0.050422
0.125716
0.136437
0.183682
0.481095
0.085816
0.097753
0.076207
0.225904
0.081978
0.090476
0.0501
0.100296
0.321233
0.046463
0.064578
0.019468
0.109487
0.075287
0.071107
0.046768
0.110817
0.138494
0.054872
0.230932
0.165304
0.220382
0.072744
0.204446
0.201647
0.182163
0.097765
0.070147
0.078529
0.037724
0.115712
0.136035
0.109354
0.073844
0.387489
0.035215
0.089037
0.179702
0.143313
0.054463
0.100392
0.083639
0.090843
0.024024
0.061685
0.090526
0.117114
0.1158
0.126989
0.097598
0.054644
0.074045
0.059025
0.022247
0.02999
0.142733
0.036121
0.070135
0.023433
0.028309
0.090023
0.072694
0.094867
0.071342
0.198745
0.029989
0.084129
0.050569
0.115919
0.283151
0.070399
0.042497
0.01515
0.255616
0.056178
0.107471
0.158619
0.018384
0.110138
0.06561
0.040018
0.013781
0.128063
0.090889
0.083299
0.166269
0.057777
0.183781
0.148792
0.083985
0.035993
0.120273
0.109258
0.105466
0.053775
0.023582
0.113039
0.081311
0.156244
0.013886
0.068228
0.041751
0.108787
0.06839
0.055376
0.075603
0.065696
0.083266
0.014758
0.179821
0.040838
0.078913
0.207018
0.030702
0.081449
0.193562
0.086503
0.217885
0.035155
0.123544
0.076637
0.193848
0.222257
0.026028
0.033674
0.042306
0.140139
0.074057
0.012528
0.079136
0.090566
0.101354
0.099674
0.238232
0.040236
0.080018
0.08776
0.094478
0.200194
0.07182
0.114005
0.069982
0.108303
0.049122
0.048251
0.252168
0.108999
0.072127
0.229272
0.092671
0.053988
0.045405
0.030997
0.104176
0.065576
0.057436
0.031089
0.112155
0.057724
0.10736
0.099912
0.066096
0.040072
0.118421
0.01915
0.045587
0.248716
0.026968
0.136129
0.116394
0.068846
0.168107
0.041919
0.117322
0.133189
0.115509
0.122638
0.167523
0.068588
0.123269
0.04216
0.101051
0.096476
0.022269
0.066649
0.03531
0.187911
0.060307
0.096179
0.038795
0.05766
0.045664
0.164
0.102266
0.071229
0.117162
0.093166
0.056434
0.147835
0.055832
0.082651
0.085656
0.09984
0.225787
0.089321
0.179235
0.257794
0.11326
0.122271
0.100473
0.087074
0.171169
0.087131
0.130632
0.167994
0.17381
0.047298
0.260455
0.112177
0.080702
0.0691
0.020468
0.047688
0.004691
0.152459
0.180115
0.032634
0.173638
0.203274
0.15641
0.126399
0.064707
0.209021
0.098344
0.095749
0.212747
0.046055
0.007642
0.164882
0.080847
0.082668
0.135723
0.158492
0.084136
0.048672
0.032626
0.074599
0.13245
0.123456
0.129741
0.080746
0.242635
0.051039
0.205834
0.041268
0.097173
0.195675
0.161794
0.077252
0.036814
0.039728
0.056979
0.139538
0.060626
0.067888
0.085177
0.029877
0.069636
0.124607
0.192534
0.090542
0.07166
0.094314
0.052316
0.039235
0.110519
0.114082
0.084005
0.15577
0.110793
0.040678
0.08193
0.161643
0.026565
0.027351
0.159427
0.02702
0.03843
0.023156
0.03223
0.068456
0.048731
0.084271
0.078784
0.038756
0.008141
0.097267
0.051215
0.054256
0.055817
0.115509
0.347733
0.093547
0.057921
0.154598
0.005803
0.0621
0.127331
0.173536
0.035532
0.046463
0.179473
0.076443
0.110712
0.060019
0.11833
0.165844
0.107412
0.033035
0.155157
0.089944
0.127566
0.045604
0.183076
0.086235
0.060998
0.070765
0.095231
0.030984
0.123297
0.153066
0.095159
0.201606
0.046171
0.075145
0.095467
0.074787
0.235693
0.070328
0.079858
0.042249
0.022137
0.154736
0.083345
0.031636
0.010872
0.145685
0.026916
0.063127
0.104316
0.153143
0.02664
0.255757
0.191991
0.055466
0.049364
0.126865
0.075288
0.091626
0.068277
0.038611
0.123386
0.024608
0.138749
0.214963
0.075825
0.132027
0.062698
0.115604
0.04392
0.08772
0.164593
0.076983
0.091934
0.028203
0.063415
0.112548
0.125319
0.06243
0.241093
0.108127
0.166594
0.226168
0.208846
0.062643
0.081136
0.076411
0.022825
0.183499
0.183596
0.066035
0.156626
0.035961
0.051972
0.052961
0.017581
0.108029
0.139803
0.0583
0.157414
0.087138
0.13212
0.05628
0.123216
0.072833
0.216053
0.190176
0.128166
0.157019
0.051585
0.070398
0.169733
0.07599
0.151532
0.042258
0.092761
0.094588
0.064506
0.097467
0.145402
0.089598
0.157463
0.140362
0.093377
0.088538
0.187884
0.118912
0.072676
0.06355
0.073987
0.0477
0.094842
0.078495
0.187603
0.032925
0.022588
0.066457
0.155
0.09058
0.032693
0.135324
0.16801
0.099407
0.088663
0.053143
0.0307
0.031214
0.103734
0.139581
0.090749
0.087201
0.105584
0.17936
0.13705
0.054119
0.148254
0.19372
0.072622
0.01884
0.135038
0.044304
0.09768
0.119786
0.109332
0.034751
0.021949
0.043467
0.140506
0.078412
0.128058
0.089811
0.067764
0.084382
0.147862
0.076755
0.094038
0.04632
0.039457
0.123125
0.019034
0.10023
0.049408
0.208763
0.094692
0.036724
0.054936
0.148365
0.029398
0.083947
0.117395
0.124196
0.101287
0.10465
0.057718
0.039893
0.101045
0.109818
0.143975
0.367379
0.067836
0.077267
0.060368
0.175412
0.064905
0.073077
0.039746
0.079863
0.250701
0.036615
0.052493
0.015373
0.08802
0.060021
0.055821
0.037168
0.086688
0.110783
0.043762
0.183105
0.131824
0.172234
0.058626
0.163097
0.160836
0.141836
0.077353
0.055748
0.063031
0.030117
0.091928
0.108906
0.087666
0.059606
0.298232
0.028024
0.58050019
0.59496599
0.56062073
0.93985516
0.41819695
1.7131689
1.9187794
0.74622744
1.8788481
1.1118273
0.27145419
0.94061673
0.89547378
1.9213839
0.3968735
1.9829935
0.15227947
2.2575755
1.4703867
1.4140679
1.5650883
0.70626545
1.4505105
0.81306797
0.65828037
0.56907171
1.8716815
0.7971217
0.93718135
1.359028
0.79851401
2.0246375
1.9796975
0.6697188
0.33401689
0.62472343
0.87103015
1.3883119
1.041878
0.81458509
0.5985896
1.2182066
0.21961668
0.69112986
0.76644433
0.22477803
1.5282731
1.234723
0.13304268
0.35575905
0.21965994
2.9209116
0.47156793
0.5344258
1.2624173
3.1333041
0.26418591
1.3178053
0.9534049
0.37256259
0.84718478
1.7503984
1.0397699
0.23001434
1.1802542
0.31478328
0.43338054
0.3239398
2.2670166
0.49634263
0.58259153
1.4040302
0.53698778
0.41195509
0.98159158
1.2893721
0.87606251
1.6118125
0.61802375
2.7598095
0.61619306
0.53820056
0.91099554
1.0738151
0.43044364
0.14238127
1.551501
3.9295571
0.53434372
0.47475064
2.3709831
0.84359062
1.2463015
0.5750047
1.1059482
1.0517479
0.66428071
1.4934875
0.42981496
1.7145219
0.40854999
0.87028319
1.2694542
1.0087142
1.0835025
0.9743613
0.50571847
1.2871968
1.0302082
0.32783258
0.26381394
1.9181809
1.3388882
1.3397347
0.16930896
0.89815968
0.54834414
0.54048455
0.29957449
1.4073776
1.4292072
0.85350281
0.83147013
0.40912962
1.1633635
1.3922251
0.65157354
0.2159688
0.86582327
0.18632022
1.3720204
1.3749247
1.196918
0.44218636
1.0878795
2.6646931
0.88246554
0.77295357
0.43355426
1.3003584
0.65178686
1.4451692
0.93355185
0.53284591
2.104342
0.83685857
3.1864865
0.83699751
2.2548862
0.97823548
0.4618994
0.5351544
0.76362991
1.1934729
0.68332905
0.38086402
0.38829735
3.0559607
0.45956868
0.29461351
1.8538091
2.3693411
3.3459284
0.96844524
2.1505678
0.82374507
1.2527673
0.39099336
1.7161471
0.86063564
0.85710275
1.7661289
0.51723272
0.46076199
1.022763
1.1292561
0.47928613
0.3974461
0.92463666
1.5145807
1.6546135
2.5301585
1.9947085
0.81376272
0.25185549
0.13450375
0.7151956
1.4214524
0.25830269
0.80538577
1.5261773
0.80617619
1.0196508
0.12811872
1.4748788
0.87464565
0.2506156
0.30314925
0.52337736
1.6672682
0.44869012
0.084899247
3.7776968
0.99279803
0.84961998
0.38977104
1.603528
0.47596586
1.3003439
1.3920507
1.8177345
2.7822852
2.0485528
0.14512004
1.1018404
2.2286117
0.55478144
0.40275949
2.2386475
0.62158877
0.64802283
0.28420499
0.1579735
1.3758367
2.311964
0.5144583
3.6193388
0.71341419
0.55358177
0.75803846
1.2723746
0.91428697
1.77448
0.44434375
0.41286418
0.98996425
1.5907609
1.2773045
0.70147377
4.4854054
0.97914064
0.27873269
0.20579578
1.2953663
1.4645058
0.40380609
0.41335657
0.64181411
0.93341297
0.17998773
1.4084903
0.9691242
1.0135944
1.8652529
1.5233595
0.15772769
0.38705149
1.6618428
0.19858371
0.67775869
2.0484514
0.40044653
0.44493359
0.72843391
0.88954556
0.31956482
1.2615398
1.8302512
0.59570241
0.77681392
0.9323976
1.0311701
0.85194415
3.1219609
0.81702143
0.42791298
2.2722418
0.7214765
1.027882
2.6048009
0.29125068
0.61105847
0.60271299
1.5758326
1.6988065
1.2855227
3.5896313
0.82827502
2.4851518
0.39159644
1.481735
0.43387657
0.17998953
0.95057547
1.1286047
0.55386776
0.85391557
0.64004415
0.18865377
0.42303023
1.9044839
1.1099482
0.39192015
1.0941315
2.2027502
0.14651082
0.64077663
3.7391133
0.92981422
0.98236686
0.52800369
1.1267011
1.3437816
0.63607734
3.7662482
1.3144439
0.66488314
0.90230709
0.45999613
0.45623797
0.87145805
1.6138856
0.9999761
0.98681468
0.65779805
2.3620765
0.84641081
0.40002504
2.2082038
2.3930974
0.3960833
0.40699726
2.0957038
0.31179994
0.69789094
1.4055293
0.28513634
3.1695316
3.0230098
0.88636416
0.47665733
0.6697796
2.2283087
0.70503235
2.0738277
1.1626508
1.6406469
0.70920509
0.30802906
1.2474215
0.77393556
1.8597606
0.9223156
0.77230507
1.4196594
0.41678518
0.76902139
0.35063732
0.23369649
1.6517098
2.8388562
1.1026348
0.51782745
2.1372123
1.7216053
1.2137401
0.56924736
0.47368038
1.7370713
0.063868821
0.81276405
1.5344422
0.35636184
0.95434576
1.0995587
0.42764804
1.4104404
0.47607785
1.2046686
1.3239539
1.0140212
0.4856523
0.62222689
0.61558688
0.42315534
2.486341
1.0785358
2.2731953
0.43533984
1.2687414
0.66883111
0.64751756
0.44644207
0.85440093
0.50476032
3.2415671
0.44289458
0.51492971
1.6373357
1.0863686
0.73188412
0.98393911
1.176301
0.76547217
0.728324
2.9216621
2.2963202
1.4807427
2.5686698
0.90065235
1.1818045
1.5238366
0.40532726
0.33510965
1.3450407
0.72503823
2.2741017
1.0913104
2.2984979
1.3199112
0.31516168
0.75143713
2.5304058
1.5118486
1.3095013
1.1504357
0.72504109
2.5392807
1.8171731
0.8660621
2.4047916
0.97185916
1.8836244
0.90212333
0.28160647
3.6387949
1.1969947
0.98908567
1.7470802
4.4408073
1.5731435
1.2119852
2.0390882
1.3076595
2.8041234
0.43455464
0.81958055
0.76348501
0.87433916
0.83427578
0.99114037
1.5014062
1.6642329
0.80319828
0.25211579
0.80743599
1.4744439
1.0989965
0.05933398
0.8374083
0.76442081
0.6001631
0.86653203
1.4164306
0.41230935
0.9150601
0.41118875
0.79844642
1.2799648
2.6528313
2.4347363
0.96174806
0.2970345
0.25002244
0.16901837
2.0280836
3.2218292
0.89615351
1.775629
0.44767499
1.9006492
2.1076932
2.8620732
0.56714952
0.53713661
0.56367654
1.5973099
2.9075255
0.57686907
1.1108032
1.3855294
0.32619849
0.42902485
0.60593855
1.8912549
1.7621436
1.6530629
0.40384671
1.6186072
0.63662302
0.23976578
0.2515806
0.26096964
0.38309625
0.18058732
0.84725475
0.70320112
0.30507776
0.76375633
0.56170166
0.11605017
0.45908681
0.37030008
0.83373117
0.18671624
0.997922
0.068994634
0.96630853
0.63893586
0.58550084
0.73256826
0.33869457
0.62397504
0.32857704
0.30384234
0.33465007
0.71235603
0.39189184
0.36198419
0.49514657
0.31551999
0.76847678
0.73813599
0.25881845
0.13591485
0.24829279
0.33542687
0.54731429
0.52457726
0.32437164
0.2732501
0.48852926
0.097602688
0.27421579
0.35203499
0.099464521
0.48747763
0.63507921
0.059822924
0.1491344
0.098057672
1.0974126
0.21099381
0.29999796
0.58592159
1.2311615
0.1172756
0.69396526
0.53045529
0.15099829
0.42334417
0.65026426
0.53135544
0.099304818
0.45186734
0.1285906
0.22419174
0.15027165
0.84349686
0.21012428
0.23408404
0.50274193
0.22313176
0.170984
0.46093214
0.52452374
0.44657269
0.5807485
0.25977042
0.98942178
0.35089704
0.32667735
0.51937532
0.50150496
0.17516205
0.06370575
0.54819238
1.41575
0.22314197
0.26342723
0.83659548
0.34733784
0.47009054
0.25120652
0.44947109
0.46878809
0.28909132
0.56951386
0.19956535
0.63652426
0.17545483
0.32574555
0.46672207
0.43623871
0.5534696
0.43549359
0.20553173
0.48663434
0.403633
0.15975925
0.11511127
0.71733475
0.50980568
0.59238935
0.073232129
0.33748269
0.21956456
0.29566658
0.12944984
0.69071639
0.52432537
0.33927089
0.36129177
0.16465881
0.42580247
0.5139389
0.26363567
0.095819391
0.33979091
0.082100585
0.50541341
0.51288331
0.42033255
0.19743882
0.59518677
1.1211839
0.36651304
0.39918023
0.18051501
0.47634163
0.26483181
0.66265953
0.33317327
0.21557647
0.86899352
0.37633267
1.115413
0.30086902
0.84951156
0.37205559
0.18918572
0.30433416
0.32960874
0.58715624
0.26663819
0.16255951
0.15124309
1.549772
0.20144008
0.12879793
0.84711921
1.178719
1.2088902
0.37030461
0.76627141
0.3261039
0.66648781
0.21453717
0.66202283
0.33246395
0.33653829
0.73880619
0.22398269
0.19260418
0.38336954
0.42222625
0.19310765
0.17665575
0.39745769
0.65554994
0.67460126
1.1702743
0.97399014
0.30455396
0.11000973
0.059390947
0.30204788
0.70991814
0.11277785
0.33752224
0.55021149
0.42182556
0.38601997
0.058280811
0.54175186
0.40219152
0.10896
0.12304216
0.21165393
0.78129697
0.18226963
0.039568488
1.7639877
0.48275855
0.33325902
0.24335691
0.56914198
0.19463736
0.47644976
0.53464603
0.68403554
1.3135581
0.80555099
0.063124031
0.41364223
1.010502
0.22798836
0.17386955
0.86402667
0.32727537
0.2980333
0.12318774
0.069166608
0.61466157
0.85786444
0.22014047
1.3919225
0.28034028
0.29010811
0.29068452
0.48967811
0.39267984
0.65869987
0.20708877
0.17303252
0.33831897
0.5629642
0.52374715
0.28308544
1.9470071
0.38734445
0.1623327
0.094293095
0.46488726
0.577784
0.16885655
0.17109808
0.25917655
0.34142402
0.080291755
0.51483583
0.36926818
0.49036714
0.665631
0.61834323
0.069758177
0.21881209
0.6040622
0.087400876
0.32978216
1.0097604
0.17890446
0.22280554
0.41734058
0.43483308
0.15853083
0.50694966
0.97191912
0.25636989
0.32523629
0.382025
0.52069622
0.32581648
1.0450613
0.44515765
0.18375166
0.99516743
0.30803019
0.49535102
1.2781161
0.166091
0.24497049
0.2433525
0.56370384
0.59806627
0.60139644
1.4638903
0.33061516
1.1414218
0.16862585
0.54541349
0.18772715
0.079048738
0.36561728
0.42877734
0.21389069
0.39666423
0.25200552
0.082838751
0.17347781
0.83469272
0.56959569
0.16847084
0.50888497
1.037968
0.064998537
0.33271587
1.2536572
0.38466653
0.41838276
0.29268333
0.50786036
0.54049402
0.26012075
1.8905605
0.50121725
0.32169119
0.49292395
0.19797379
0.19520192
0.33473468
0.67558008
0.38443843
0.37879691
0.26090413
0.91010141
0.33655277
0.16906102
0.93804234
0.88655752
0.17030373
0.18082103
0.76100439
0.12704831
0.34776956
0.53280133
0.12508212
1.2613477
1.1696004
0.47554684
0.1851292
0.29402214
1.1220815
0.32631427
0.83599114
0.53018647
0.75422508
0.36354417
0.13278426
0.49920613
0.29243389
0.86103266
0.45798492
0.30155563
0.5139001
0.18678246
0.29098487
0.17269303
0.1030518
0.67649478
1.1614431
0.53997678
0.26702824
0.75940591
0.54859924
0.45569554
0.23414795
0.1951043
0.77246642
0.025916064
0.39768183
0.55600631
0.15165956
0.36395749
0.45925078
0.1841073
0.68228835
0.20656696
0.57718086
0.47278363
0.42757934
0.20937636
0.26604825
0.33391488
0.18085183
1.3229289
0.41807556
0.98498893
0.2259533
0.4879584
0.31485146
0.25548947
0.2588973
0.32588941
0.20748238
1.1587645
0.22590046
0.22521533
0.66165245
0.52054012
0.3030172
0.38154691
0.42145437
0.36884075
0.28569013
1.1147938
0.88053799
0.60077912
1.2748939
0.44379357
0.40966332
0.68093282
0.16309981
0.14220844
0.51917613
0.35494983
1.135565
0.38725051
1.0492567
0.5104726
0.13605835
0.37965679
0.94328779
0.53939497
0.58662319
0.47998261
0.28720897
1.3358016
0.85670096
0.34350958
1.2607211
0.35250196
0.73200393
0.34903726
0.11862405
1.247357
0.49924654
0.35547191
0.82827669
1.97524
0.56991869
0.50584304
0.8231985
0.52762294
1.4551775
0.18269402
0.39365396
0.29828721
0.41462243
0.40827793
0.37469172
0.53547126
0.60783744
0.31484434
0.10765006
0.3147946
0.55088615
0.42219046
0.026273018
0.3298566
0.29781377
0.32929075
0.33596349
0.63407123
0.17895062
0.34486383
0.16940612
0.29084188
0.5303371
1.0327723
0.96344656
0.40628022
0.12866135
0.10994614
0.075768299
0.69836271
1.0112582
0.33569902
0.82504797
0.19008203
0.77718896
0.77689224
1.2932575
0.25568786
0.28345448
0.2626932
0.56193006
0.93344289
0.27758035
0.41179812
0.50997478
0.19565594
0.18286844
0.31413376
0.87230188
0.78381836
0.76545876
0.1754292
0.67541927
0.25246936
0.1443866
0.15307777
0.16148631
0.22326301
0.11119407
0.47486794
0.37220895
0.1814879
0.41362578
0.33482945
0.070124164
0.27218843
0.22010262
0.45466959
0.11589096
0.56195319
0.042696964
0.52805245
0.36497888
0.33227915
0.41576332
0.20210367
0.35330316
0.19371949
0.18236366
0.22166188
0.39131489
0.23530221
0.21222205
0.28131515
0.18722939
0.40280297
0.41252583
0.14817582
0.080682121
0.15179518
0.19887128
0.31249091
0.3160834
0.19352387
0.16722623
0.27715948
0.060881473
0.16698024
0.20417224
0.061310839
0.26422343
0.37777206
0.036848087
0.089588977
0.060565978
0.56411678
0.12693447
0.19220258
0.33184332
0.63816035
0.07212469
0.41767952
0.32821134
0.089272343
0.25280482
0.36380255
0.3158859
0.060322657
0.2600449
0.07646282
0.13862626
0.092571728
0.45897698
0.12955023
0.1407194
0.28191596
0.13538346
0.10406271
0.27495033
0.3082158
0.26864585
0.32199353
0.1599979
0.53342152
0.22509049
0.2181702
0.3300584
0.288748
0.10598277
0.039182011
0.30723277
0.69317657
0.13469274
0.16839874
0.45289657
0.2055558
0.2685259
0.15197271
0.25241524
0.27592528
0.17499079
0.32557607
0.12311551
0.35505739
0.10674449
0.18552043
0.26581296
0.25497553
0.32789019
0.25634518
0.12572841
0.28236639
0.23379822
0.099400997
0.071327738
0.40167746
0.28536299
0.34100249
0.043593854
0.19842649
0.13452357
0.18701902
0.078853205
0.40608755
0.29670024
0.20216647
0.20838653
0.097173095
0.24562781
0.29042217
0.15757477
0.058738746
0.20137717
0.050205026
0.28712595
0.2941134
0.23413622
0.1215759
0.36164793
0.592668
0.22195379
0.2451091
0.11019991
0.27553505
0.1576425
0.38002214
0.18766414
0.12430462
0.47357196
0.2223258
0.56166101
0.1712009
0.46520457
0.21756338
0.1136847
0.19600797
0.19485892
0.34246469
0.15723862
0.098477371
0.087966219
0.83093333
0.12149825
0.079780981
0.46583837
0.63878453
0.62490386
0.21399914
0.42433971
0.1932867
0.3983143
0.13568695
0.37117001
0.19447301
0.19849738
0.4108839
0.13679451
0.1183202
0.22449297
0.24311562
0.11626519
0.10820984
0.23625483
0.36050668
0.36922285
0.62073463
0.53725696
0.17773859
0.068391941
0.036286008
0.18200782
0.41518617
0.069529533
0.19962955
0.31392199
0.25893888
0.22497055
0.036137026
0.30950019
0.24097219
0.067444891
0.072552085
0.12690797
0.4429543
0.11012197
0.02463416
0.87770683
0.29028329
0.19794548
0.1632666
0.31735006
0.1174425
0.27033824
0.29639322
0.37356043
0.69905299
0.42703989
0.037852976
0.24015908
0.55301774
0.13739282
0.10668112
0.47701657
0.20294742
0.18153715
0.076613158
0.042106554
0.35606739
0.46858379
0.13387541
0.68199134
0.16562817
0.17776035
0.17298275
0.27610421
0.23418045
0.36364302
0.12576678
0.10520141
0.18832962
0.31308746
0.28813341
0.16846809
0.96204966
0.2290165
0.10581327
0.05880776
0.26501462
0.31678531
0.099880733
0.10499181
0.15429193
0.19653435
0.049986035
0.29018602
0.21691899
0.29236585
0.36857927
0.34952104
0.043026857
0.13946423
0.33880433
0.053973749
0.20148119
0.55122334
0.10907143
0.13746785
0.26840171
0.26086798
0.097447425
0.2768907
0.56154335
0.15492412
0.1966459
0.22495863
0.31024042
0.19100937
0.53685534
0.27700824
0.11206013
0.52751732
0.17978241
0.29798999
0.67354119
0.10628949
0.14842984
0.14603555
0.31252146
0.33071589
0.34588394
0.75237632
0.19131236
0.62003314
0.10174868
0.31218532
0.1147249
0.048400216
0.21396178
0.24909298
0.12433282
0.23754784
0.1507328
0.05062547
0.10486263
0.45227143
0.34104571
0.10337564
0.29885533
0.57133704
0.040056005
0.20828198
0.63260198
0.22692344
0.24662215
0.18558648
0.29186404
0.29738706
0.15346323
0.98452234
0.28813747
0.19094034
0.3041341
0.12089778
0.11909266
0.19986686
0.3690486
0.22428741
0.22189188
0.15448727
0.49810442
0.19336165
0.10273254
0.50983971
0.48615032
0.10328215
0.11026858
0.42001531
0.074677512
0.21183899
0.30548024
0.077120386
0.6756956
0.6236729
0.29264554
0.10849077
0.17757209
0.61708927
0.20073174
0.4414959
0.30043995
0.41953626
0.22322038
0.082518421
0.28420165
0.168005
0.48240116
0.27595034
0.1757292
0.29140532
0.117303
0.17187983
0.10686276
0.063663714
0.36751109
0.62880039
0.31756833
0.1695635
0.41219679
0.29442468
0.26065642
0.13865937
0.11874396
0.43865862
0.014774636
0.2365592
0.31774944
0.092807263
0.21319085
0.27039751
0.11205573
0.38835785
0.12304311
0.33683935
0.25998887
0.246141
0.12723722
0.1569875
0.20892225
0.11186846
0.7528832
0.2430432
0.52599829
0.13780786
0.28181249
0.18565291
0.15340224
0.16865033
0.19202155
0.12686054
0.59217495
0.14047399
0.13255769
0.36044618
0.31082737
0.18302068
0.21311738
0.24002436
0.22359432
0.17045151
0.56301349
0.46804804
0.34084505
0.68118602
0.26675689
0.22843988
0.38761771
0.095676735
0.086697273
0.30073982
0.21513088
0.60292971
0.22061306
0.58685094
0.29164976
0.083897725
0.22872338
0.49342164
0.30482927
0.33662176
0.27773848
0.16779891
0.73151791
0.47803235
0.20177227
0.68979961
0.20025928
0.4093622
0.20449325
0.072361916
0.61312121
0.28168997
0.20351814
0.47336727
0.99743742
0.31676683
0.30332422
0.4541485
0.30356765
0.79557765
0.108251
0.23116867
0.18108992
0.23987214
0.24344982
0.21993017
0.30326349
0.32398653
0.18758592
0.064356543
0.18749693
0.31098577
0.24507682
0.015895335
0.19713105
0.17862034
0.2050433
0.19911845
0.3527002
0.11040037
0.20267718
0.099818669
0.1646542
0.30269948
0.55208975
0.51830471
0.23772843
0.07831277
0.06681399
0.046593316
0.37160087
0.52128905
0.19120599
0.46234611
0.11696214
0.42948136
0.42582294
0.66728318
0.15541318
0.17440166
0.15758418
0.3154555
0.46850276
0.16995947
0.23647402
0.2894744
0.13104272
0.11168224
0.19067352
0.49294788
0.43437082
0.41870195
0.1058029
0.36902821
0.15010892
0.10131016
0.10827577
0.11463807
0.15400735
0.07903558
0.31615871
0.24360226
0.12663074
0.2747919
0.23331441
0.048815243
0.18788117
0.15462434
0.30234659
0.082509212
0.37522867
0.030118005
0.350941
0.24966809
0.22774006
0.27956197
0.13910194
0.24171001
0.13408737
0.12590052
0.16153848
0.26356411
0.16395704
0.14763385
0.19364128
0.1307625
0.26135728
0.27991015
0.099965237
0.055503022
0.10857167
0.14038886
0.21535924
0.22061871
0.13578765
0.11815805
0.18821792
0.043493535
0.11918088
0.13800447
0.043275218
0.17579836
0.25963068
0.025884015
0.062079448
0.042775646
0.36288071
0.0880391
0.1384851
0.22037299
0.41088372
0.050893087
0.28897813
0.2300258
0.061290417
0.17194398
0.24761273
0.21970309
0.042082384
0.17866109
0.052698325
0.097399518
0.065226175
0.30544132
0.092494413
0.098924942
0.19138232
0.095355608
0.073305443
0.19175522
0.21570194
0.18606344
0.21783766
0.1142069
0.35535958
0.15986492
0.15730201
0.23503268
0.19311905
0.074509524
0.027522402
0.21002334
0.43320039
0.094403349
0.12091639
0.30228755
0.14326446
0.18431222
0.10648674
0.16909537
0.19160628
0.12288116
0.22418615
0.087026007
0.2411612
0.074675202
0.1252972
0.18259588
0.17685825
0.22449225
0.17754756
0.089618303
0.19686277
0.16160668
0.070311606
0.050781097
0.27294955
0.19273691
0.23540635
0.02977939
0.13881291
0.096432477
0.13204156
0.055375669
0.28145349
0.20373353
0.1420206
0.14144151
0.06664791
0.17096525
0.19844344
0.11035682
0.041140884
0.14111158
0.035150051
0.19690117
0.20273733
0.15723193
0.086164221
0.25158447
0.38530952
0.15860958
0.17102762
0.077827446
0.19157381
0.10988323
0.25919271
0.12622672
0.083682492
0.31497201
0.15309685
0.35644317
0.11593515
0.310399
0.15177469
0.07928548
0.13824667
0.13425928
0.23530553
0.10907039
0.068824887
0.059793904
0.53567225
0.084494747
0.056650545
0.31099313
0.41802087
0.40304613
0.14738671
0.28659284
0.13500641
0.27469093
0.095521443
0.25227901
0.13471282
0.13854656
0.27814749
0.096591711
0.084229484
0.15728837
0.16785863
0.081548542
0.076076224
0.16529648
0.23794451
0.24512945
0.40247101
0.35597402
0.12293697
0.048863754
0.025372555
0.12812817
0.28648826
0.049206737
0.13845438
0.21656042
0.18094762
0.15676294
0.025527317
0.21315694
0.16892909
0.047972456
0.049618829
0.088547669
0.30057138
0.077266097
0.017371187
0.5414443
0.20315027
0.13923058
0.1166653
0.21615919
0.082539171
0.18542466
0.19923593
0.25003371
0.45471019
0.27815774
0.026006052
0.16716743
0.36555198
0.096408859
0.075607494
0.31963322
0.1432004
0.1283953
0.054797944
0.029377021
0.24477506
0.31165159
0.094068758
0.42421722
0.11529669
0.12322143
0.12164524
0.18633884
0.16356944
0.24552006
0.087604851
0.073962159
0.12605946
0.21228842
0.19097188
0.11736092
0.59514034
0.16103868
0.07450369
0.041797318
0.18293582
0.21108913
0.068470575
0.074741647
0.10761982
0.13486964
0.035627853
0.19857232
0.15166107
0.2046508
0.25005201
0.23677805
0.030405151
0.098737806
0.23081303
0.03821725
0.14176925
0.35914353
0.076317258
0.096268527
0.19390874
0.18208504
0.067907266
0.18287674
0.37720969
0.10867375
0.13890238
0.15657242
0.21534182
0.13283734
0.34594712
0.19606031
0.078976184
0.34474796
0.12250173
0.2097836
0.43578023
0.07415539
0.10532242
0.10218763
0.21175712
0.22405843
0.23686728
0.47914168
0.13097344
0.4095839
0.07074976
0.21523738
0.080876477
0.033964302
0.14858094
0.17303494
0.08476425
0.16588433
0.10601056
0.035523925
0.073504001
0.29973069
0.23520359
0.07329192
0.20824361
0.37927258
0.028272392
0.14897466
0.40249917
0.15874808
0.17199351
0.13112366
0.19772916
0.19746371
0.10560984
0.62304163
0.19882116
0.1308004
0.21212922
0.085258663
0.083891198
0.14142743
0.24525313
0.15571392
0.15476924
0.10727759
0.33303764
0.13165009
0.071947992
0.33911917
0.32389075
0.072012536
0.077376388
0.28295556
0.050906919
0.14860453
0.21074319
0.054513592
0.44059813
0.41060543
0.20449951
0.074359588
0.12490699
0.40587208
0.14223158
0.28622696
0.20072727
0.2814855
0.15654455
0.059031758
0.19468343
0.11425643
0.32444704
0.19289885
0.12051132
0.20071678
0.084308855
0.12004503
0.075149007
0.045060456
0.24366227
0.41786355
0.21955526
0.12209296
0.27455485
0.19474275
0.17892845
0.095356151
0.08399792
0.29683372
0.009775913
0.16192384
0.21969807
0.065479919
0.14882946
0.18868221
0.078544863
0.26355115
0.084387504
0.23297866
0.17364602
0.16857262
0.089159854
0.10809393
0.14780523
0.079840988
0.49960539
0.1688444
0.34166005
0.094835505
0.19489512
0.126643
0.10817593
0.12213906
0.13420628
0.090210564
0.37865093
0.099129103
0.09043029
0.239555
0.21853642
0.12904333
0.14259575
0.16434188
0.15653872
0.11980546
0.35679772
0.30789718
0.23202972
0.43933594
0.18621808
0.15438443
0.26426917
0.065307602
0.060873758
0.20862871
0.15071552
0.38953608
0.15139611
0.39403602
0.20000148
0.059399702
0.15829282
0.32107341
0.20971113
0.23096766
0.19148797
0.11524515
0.48142532
0.31906617
0.13982849
0.44707081
0.13618718
0.27696279
0.14233938
0.051002484
0.38557634
0.19075514
0.13962862
0.32117075
0.62840009
0.21476604
0.21472947
0.30353308
0.20920695
0.51959825
0.074317224
0.15723279
0.1293408
0.16271491
0.16809298
0.15411846
0.20874865
0.21290874
0.13193811
0.044273615
0.13189684
0.2129095
0.16962726
0.010990804
0.13900776
0.12671539
0.14207968
0.14009525
0.23652896
0.078617506
0.14188556
0.068217687
0.11076725
0.20788147
0.36144131
0.34130806
0.1641985
0.054710738
0.046430033
0.032651953
0.24547194
0.33741596
0.12914234
0.30716935
0.083051592
0.28872284
0.28634486
0.42644367
0.10934772
0.12104318
0.1088468
0.21662469
0.29857817
0.12003977
0.16297708
0.19905929
0.093211316
0.078931756
0.13124661
0.33338094
0.29134005
0.27458963
0.073445499
0.24377465
0.10469864
0.077041462
0.083028518
0.087863557
0.11590309
0.060618985
0.23275551
0.17799379
0.095953904
0.20313318
0.17720868
0.036736984
0.14136505
0.11817496
0.2240857
0.063368626
0.27718624
0.022866985
0.25947613
0.187874
0.17166068
0.20712779
0.10389551
0.18194993
0.10101708
0.094057657
0.1257626
0.19701111
0.12415211
0.11219083
0.1467417
0.099316508
0.18977477
0.21055262
0.073624037
0.041375406
0.084115371
0.10805115
0.16309765
0.16752875
0.10362702
0.090327211
0.14031315
0.033461574
0.092248678
0.10183223
0.032919113
0.1297853
0.19514585
0.01957256
0.046501972
0.032538246
0.26365545
0.066054873
0.10707892
0.16134642
0.29863882
0.038728476
0.21930103
0.17457473
0.045634177
0.12708125
0.18613793
0.16683261
0.031681802
0.13477707
0.03935843
0.073784404
0.0495531
0.22704689
0.071342111
0.075474083
0.14301743
0.07270588
0.055792015
0.14568192
0.16524109
0.14022449
0.1627602
0.087867752
0.2639133
0.12181523
0.12069596
0.18060333
0.14163399
0.056687959
0.020827757
0.15854101
0.30884948
0.071656875
0.093064465
0.22547039
0.10874771
0.13893029
0.080874503
0.12450164
0.14517656
0.093480781
0.16978027
0.066370212
0.18106379
0.0563519
0.092579938
0.13760193
0.13401747
0.1678084
0.13396084
0.069110662
0.15048473
0.12211189
0.053483859
0.038982876
0.20568129
0.14353755
0.17840803
0.022002017
0.10600789
0.074817061
0.10008883
0.042020578
0.2139293
0.15430658
0.10857925
0.10492301
0.049603615
0.13051982
0.14921442
0.083942786
0.031027006
0.10771511
0.026543435
0.1484019
0.1535501
0.11636905
0.065918043
0.19029441
0.28160399
0.1230282
0.12893079
0.059315316
0.14637081
0.083314709
0.19444224
0.093080059
0.061377235
0.23302121
0.11466702
0.25627673
0.08595597
0.23072879
0.11577229
0.059861161
0.10424934
0.10052869
0.17726503
0.082293615
0.051981252
0.044212207
0.38641778
0.063519925
0.043298256
0.23063339
0.30523527
0.2928938
0.11100388
0.21535705
0.10262577
0.20704742
0.072083376
0.1892534
0.10184762
0.10550147
0.20836577
0.073734045
0.064831831
0.12040894
0.12704234
0.062026754
0.057686158
0.12595294
0.17409416
0.18042566
0.29296285
0.26288286
0.092792049
0.037631769
0.019134982
0.097825468
0.21683934
0.037553664
0.10439826
0.16476513
0.13708115
0.11949649
0.019403512
0.16137998
0.12856494
0.03680459
0.036811411
0.066929005
0.22520956
0.058615677
0.013149771
0.38060251
0.15457672
0.10660432
0.088356718
0.16287403
0.062850706
0.13987568
0.14793691
0.18584186
0.32934466
0.20257524
0.019298973
0.12741509
0.26865467
0.07326591
0.057893626
0.23755613
0.10906322
0.098363876
0.042214151
0.022118984
0.18463822
0.23157567
0.071430735
0.3021996
0.087312467
0.09217675
0.093144037
0.13845785
0.12440912
0.18339171
0.065913051
0.056196313
0.092771903
0.15920326
0.1398173
0.088683002
0.41897288
0.12335962
0.05578484
0.031940084
0.13891515
0.15569323
0.05089416
0.0575197
0.081641555
0.10125535
0.027355539
0.14965715
0.11572074
0.15609543
0.18785998
0.17707813
0.023162464
0.07486894
0.17393544
0.029176598
0.10795341
0.2615746
0.057598423
0.072605588
0.15056641
0.13817674
0.050953768
0.13364601
0.28049719
0.08267051
0.10663877
0.11879764
0.1630993
0.10073195
0.2509104
0.15004316
0.060144085
0.2519815
0.090873517
0.1608378
0.31598744
0.055209305
0.081068948
0.077490658
0.15851143
0.16811951
0.17833783
0.34372193
0.097885378
0.30165401
0.0531618
0.16360292
0.061574865
0.025711868
0.11274035
0.13155662
0.062898062
0.12594704
0.081032023
0.026905935
0.055728428
0.22142705
0.17696889
0.05613102
0.15863049
0.27964568
0.021517247
0.1148133
0.28996342
0.12108158
0.13080873
0.099536337
0.14686047
0.14492658
0.078938864
0.44218829
0.15079592
0.097377568
0.16057588
0.064949274
0.063819259
0.10897478
0.18083473
0.11815997
0.11796924
0.080912024
0.24744885
0.097985946
0.054411385
0.25061387
0.24092464
0.05419955
0.058670107
0.21211255
0.037652206
0.11283135
0.15963723
0.041537847
0.32042989
0.30219722
0.15508473
0.055397321
0.095285945
0.2973541
0.10890752
0.20770253
0.14772624
0.2092187
0.11865105
0.045510489
0.14659543
0.084863849
0.24120376
0.14633991
0.090039089
0.15221705
0.065176412
0.091228418
0.056903627
0.034369357
0.17951125
0.30696669
0.16614377
0.094289094
0.20371668
0.1433187
0.13482305
0.071102321
0.064287104
0.22251306
0.007041969
0.12050328
0.16740613
0.049893856
0.11359997
0.14362898
0.059448618
0.19653291
0.062622495
0.176394
0.12810515
0.12648052
0.067458451
0.080885246
0.11269756
0.061451089
0.36437196
0.1284464
0.24792969
0.07041923
0.14757033
0.093940958
0.08283639
0.094604306
0.10216672
0.069378234
0.27295402
0.075353123
0.066986434
0.17668274
0.16749457
0.098644815
0.10489373
0.12336412
0.11883623
0.091632701
0.25545391
0.22621283
0.17411754
0.31887403
0.14103991
0.11492898
0.19843315
0.048407182
0.046135101
0.15869758
0.11448508
0.2828536
0.11405652
0.29159606
0.15037882
0.045302413
0.11887161
0.23496298
0.1592668
0.17427875
0.14464994
0.086171135
0.34920436
0.23708068
0.10539666
0.32537398
0.10148446
0.20711371
0.10805523
0.038863067
0.2757605
0.14207801
0.10499262
0.24168427
0.44538778
0.16130753
0.16567309
0.22580029
0.15816049
0.37481847
0.055303644
0.11652932
0.10016197
0.12078965
0.12617201
0.11799558
0.1584619
0.15585986
0.10104512
0.03294117
0.10103591
0.16057558
0.12867346
0.008195422
0.10670023
0.097805187
0.10598837
0.10737884
0.17511569
0.060436793
0.1084855
0.050580949
0.081525959
0.15669908
0.26498476
0.25073797
0.12356499
0.041254073
0.034784965
0.024622895
0.18112281
0.24604766
0.095407695
0.22551382
0.063568234
0.21510182
0.21335755
0.3071706
0.083303712
0.09056548
0.081418231
0.16425131
0.21530524
0.091769837
0.12313371
0.15083626
0.070062466
0.060323998
0.097681798
0.24969698
0.21666355
0.20032403
0.055048544
0.17867565
0.079305343
0.061592225
0.066891268
0.070678532
0.091923624
0.04874441
0.18218239
0.13874544
0.076451153
0.15983126
0.14199176
0.029065793
0.11219519
0.094966859
0.17677289
0.051042907
0.21811643
0.018205041
0.20469828
0.14975087
0.13681117
0.16276412
0.081733167
0.1449009
0.080117621
0.073898636
0.10222989
0.1564289
0.098975807
0.089886002
0.11763221
0.079355292
0.1471561
0.16809188
0.057266545
0.032462317
0.068388321
0.087485828
0.13055155
0.13411783
0.083220609
0.07250455
0.11056439
0.026981179
0.07497786
0.079388656
0.026267698
0.10180853
0.15518162
0.015519323
0.03660946
0.025955554
0.2053313
0.0520913
0.086578712
0.12542208
0.2329641
0.03091621
0.17579007
0.13956802
0.035769936
0.099119648
0.14839099
0.13369627
0.025042873
0.10747612
0.03093431
0.058695845
0.039500419
0.17987382
0.05770972
0.060550395
0.11315098
0.058240663
0.044556674
0.11664234
0.13353011
0.11140916
0.12887368
0.070777118
0.20920323
0.097267844
0.096713088
0.14585167
0.11004297
0.045288209
0.016537718
0.12681761
0.23759787
0.057173725
0.07489264
0.17919493
0.08692348
0.11071746
0.064600706
0.097057842
0.11591991
0.074734606
0.13594046
0.053104494
0.14423525
0.044627842
0.072283708
0.10952821
0.10716007
0.1324767
0.10648874
0.055905391
0.12143189
0.097301923
0.042627338
0.031382315
0.16447406
0.11319881
0.14300974
0.017107066
0.085273385
0.060841959
0.079543419
0.033489134
0.17184308
0.12376041
0.087368526
0.082228027
0.038882375
0.10518897
0.11863906
0.067175418
0.024540534
0.086525783
0.021043535
0.11818119
0.12294307
0.09125033
0.052886162
0.15190651
0.22049892
0.1002005
0.10212501
0.047395639
0.11812031
0.066504173
0.15460955
0.072592989
0.047529489
0.18364838
0.090489961
0.1981601
0.067350544
0.18256578
0.093101718
0.047493085
0.082342364
0.079269849
0.14113498
0.065370008
0.04123598
0.034476459
0.29981172
0.050166059
0.034667321
0.1820824
0.2387632
0.22827005
0.088193595
0.17196268
0.082076676
0.16502157
0.057009079
0.15059216
0.081128947
0.0846221
0.16561684
0.059086215
0.052370489
0.097081535
0.1014206
0.049614102
0.045882162
0.10104872
0.13547222
0.14115913
0.22853523
0.20698486
0.073812269
0.0303807
0.01515037
0.078485236
0.1735487
0.03006894
0.08284504
0.13267839
0.10930083
0.096109509
0.01546336
0.12920541
0.1028454
0.029618498
0.028764812
0.053164747
0.17880814
0.04667411
0.010424219
0.28966418
0.12392034
0.085892498
0.069874957
0.13008967
0.050293427
0.11152612
0.11646178
0.14679608
0.25636011
0.15745899
0.015058126
0.10249953
0.21090041
0.058496043
0.046525337
0.18790129
0.087201104
0.079115301
0.034054145
0.017491231
0.14734098
0.18334369
0.05696379
0.23243365
0.069613591
0.07247556
0.075015418
0.10900562
0.099662982
0.14527716
0.052085482
0.044826038
0.072315291
0.12668484
0.10870405
0.070446424
0.31954166
0.099398419
0.04368433
0.025570938
0.11146773
0.12196154
0.039835941
0.046446785
0.065194026
0.08022327
0.022019735
0.11937415
0.093052171
0.12550688
0.14981939
0.14051935
0.018510541
0.059444107
0.13902268
0.023367148
0.08637403
0.20348981
0.04561878
0.05744455
0.12236908
0.11036666
0.04012211
0.10381256
0.22122678
0.066126272
0.086083859
0.094961725
0.13036266
0.080483526
0.1950641
0.12073567
0.048090059
0.19670579
0.07109116
0.12989452
0.24609897
0.043061849
0.06555815
0.061736528
0.12578878
0.13391329
0.14219531
0.26366681
0.077171244
0.23778239
0.041958883
0.13158451
0.049199365
0.020432631
0.090225808
0.10554833
0.049215741
0.10070634
0.065155603
0.021395955
0.04436836
0.17433411
0.14063184
0.045104302
0.12743796
0.22027156
0.017183779
0.092653058
0.22437622
0.097249396
0.10483784
0.079251714
0.11540572
0.11290593
0.062116649
0.33889061
0.12090795
0.076415271
0.12810101
0.051927026
0.050944969
0.08833801
0.14181259
0.094522126
0.094792627
0.064206623
0.19615035
0.077005982
0.043196563
0.19742939
0.19101974
0.042833861
0.046715524
0.16907997
0.029342338
0.089999765
0.12781879
0.03319899
0.24995655
0.23798969
0.12388507
0.043483745
0.076382011
0.23276645
0.087509759
0.16109082
0.11534806
0.16528991
0.094497092
0.036756065
0.11671709
0.066536285
0.19052714
0.11674834
0.070923701
0.12212374
0.052742485
0.072902828
0.045195587
0.027493807
0.14075063
0.24163142
0.13285413
0.076086894
0.16102886
0.11227202
0.10734067
0.05581104
0.051639248
0.1770438
0.005360354
0.094573721
0.13492681
0.039905179
0.091403596
0.1152515
0.04724567
0.15513213
0.048895523
0.14118451
0.10026322
0.10024703
0.053568579
0.063737966
0.090151712
0.049560152
0.28433657
0.10306562
0.19235636
0.054990619
0.11803253
0.073488936
0.066684932
0.076536149
0.081831098
0.055975474
0.21111931
0.060092773
0.052282672
0.13861053
0.13526176
0.079167955
0.08173544
0.097789541
0.094876885
0.073744521
0.19668594
0.1772511
0.13854359
0.24814768
0.11234967
0.09058933
0.15795012
0.037810076
0.036695052
0.12748681
0.09144219
0.21978824
0.090729304
0.23049545
0.11940576
0.036212809
0.09400329
0.18382886
0.12808074
0.13920675
0.11534842
0.067897126
0.27191097
0.18750815
0.083613172
0.25323531
0.079909392
0.16449603
0.086482547
0.031100651
0.21253471
0.11198465
0.083363086
0.19292055
0.34110281
0.12850979
0.13455623
0.17866905
0.12626733
0.29082653
0.04332402
0.091180496
0.081363782
0.094784617
0.099787332
0.095228009
0.12732705
0.12153423
0.08144521
0.025780406
0.081452005
0.12819707
0.10298384
0.006416935
0.086120442
0.079371363
0.083098568
0.086565271
0.13755651
0.048727587
0.087409317
0.0395067
0.063435741
0.12482034
0.20774068
0.19691877
0.0979672
0.03266238
0.027361797
0.019470692
0.14245598
0.19227092
0.074470356
0.17614406
0.050982807
0.17037217
0.16869549
0.23779738
0.066676937
0.071195401
0.064069487
0.13188267
0.16684668
0.073700339
0.098237053
0.12099303
0.05494526
0.048413422
0.07651303
0.19840604
0.17131537
0.15585849
0.043327421
0.13931908
0.0631859