254.92369709381282	254.15358430518518	254.98070322206834	254.66650444628456	247.9879275732382	252.25546059194713	250.46732791101988	253.22916666666666	232.05	236.86666666666667	94.3802841112157	242.85714285714286	210.44765300621583	244.8	249.19099579243363	247.714285707	245.285714293	244.40467776629114	245.285714293	243.93482142857144	245.064935055	215.34313116355685	94.363521310132	94.36352131013197	252.64281022541633	127.50409813318686	254.70630015445454	254.96691787353637	254.98355247471883	254.9218388766342
252.63653453946299	254.97916493209615	230.62874845323847	240.30864199	249.94912495604396	250.46732770595204	245.064935055	247.93341274000827	242.97599153417468	89.90133018028399	202.48871330234758	187.25400873	96.85978923082732	243.4090907707903	237.613636373515	244.19371671002773	215.28688524590166	172.87404492215433	246.28859348198972	252.66108805886418	249.62147744551004	228.25153746504716	180.92011506832	189.4612880663784	234.99557728199176	241.26791443943367	201.89237082103102	254.5198502869898	254.96691787353902	254.9946672251783
254.2285946444901	254.79183673513333	252.62569833911175	248.115	227.54798063576987	247.93341281823777	239.17025455554526	239.1702533494169	241.81514215867136	248.359375	148.8277110511933	175.43472446052314	67.69791015081384	183.19971895285158	64.60678810181017	235.36020978542038	244.9958337563921	247.47849242113887	242.65392876597446	141.01687415606943	220.06892836651704	251.67069632495165	206.7567567707268	246.5000000085	231.48067201217728	238.90621912354354	254.34783357883433	254.69278734866526	254.95797531347463	254.9999332769818
35.233274368474355	254.62993197306668	228.73161711203332	62.872326449041765	86.98912241144194	253.56103356103355	236.11111114062498	241.81514196635504	240.4525270497728	130.05	250.75883575883574	110.44585987261146	212.5	252.07523124357658	110.44585987261146	193.79300455386573	202.3045123434918	228.11470411492496	221.4740390519798	214.84648836682436	215.9806391292426	240.96128526895058	253.7800015841954	247.97448979591837	246.5000000085	253.1391316722589	254.7247109873536	254.34783357891567	254.8064400249896	243.11827956989248
227.15133923397988	47.098648915390925	13.575234370651259	64.36201600982676	226.1045972485222	249.23076923076923	232.44453637529375	241.15384615384616	232.03282860361256	223.92726602146902	230.0413416303106	245.76923076923077	212.5	133.29826492472586	149.61734697	182.14285714285717	224.40695067628167	52.628062360801806	52.62806236080175	200.83190552391278	242.653928763867	242.6539287632003	213.46153846341804	233.65384614327357	136.000000017	247.97448979591837	254.2374578171228	254.3478335786872	254.99014730947064	199.4666666712
88.47375845273442	67.40616067247339	79.72555837010592	111.0203751042398	73.01094050303735	190.76156858591293	133.33408022999998	232.0328283490272	225.5621640576247	208.37202341532372	174.85773717841457	233.75	244.8	178.5	187.0	204.0	48.53851325118438	224.40695052510378	224.40695052510378	236.39646590634365	238.74870566606305	198.8948196801022	231.2	241.21621621621622	165.75	165.75	240.94897959183675	254.88393263541192	252.77866666666668	244.37879021572118
139.7071349354792	206.75724448076667	70.2419471302228	0.36895327975526016	133.33408004696048	133.33408012079056	227.2021155971468	225.56216366922826	206.56779681351622	212.50000010625	183.35567747190316	32.70317844979971	37.67345529858474	37.67345529858477	204.4007772351136	45.92779569191342	158.8421349468536	207.27551254615943	207.27551258893743	187.1666920923868	202.36351972874468	224.40695067628167	234.53785863264733	234.53785863135423	210.50335566937864	160.26536312625328	235.3285714293	253.49112426035504	225.91589083599905	244.37879021402358
173.98791698101684	157.2102491813953	51.51178980887184	133.334079975	133.33408006000002	133.33408006541805	133.33408006795173	218.04167783053288	205.6599053171757	206.56779663929905	220.1770338946926	206.83640713925124	195.26539278131636	37.67345529858471	132.3644559294837	205.22909627817438	211.8971329873103	95.25757009139608	201.8810717594681	202.36351971348884	244.49877826995225	235.3846153846154	149.98533561301215	164.89558354244275	182.96610166473428	182.9661017237288	187.51373626510997	235.5998909327402	225.91589081861216	223.7625
74.95494257996509	255.0	13.820380931809467	215.76923076923077	215.76923076923077	197.33316763743005	218.04167783053288	218.0416777029242	218.041677631334	133.33408022999998	169.5281552983875	206.83640705316895	28.102173359991014	195.26539278131634	86.12457809430722	195.2653927813164	222.0949871943729	171.15016815672072	104.13996544390386	80.8018369000595	212.67382484062762	217.52161383285303	228.13953488372093	149.98533555824275	209.21574259574948	170.0	195.5000000085	210.36217303822937	226.94566514756946	222.30769230769232
126.43340348258178	228.76476264968693	16.0623413735334	235.3846153846154	219.79656246752702	145.77907817165195	218.0416776377494	218.04167773871927	218.04167770292418	218.041677631334	169.52815532593803	28.102173351328332	28.102173268149528	28.102173137617683	86.12457808648341	233.6067031145517	233.6067031145517	169.83179519439005	207.62880619689219	207.62880620800883	184.17476237321654	210.73956062384704	210.73956062347594	127.5	95.54941463751598	226.65116768356827	189.8716614622789	196.45182291666666	222.08567837455104	253.48248979596
112.54123169521156	6.119534118557198	116.36173875080175	145.77907817165195	145.77907808376273	145.77907803167864	145.77907805172396	218.04167783053288	218.04167754135761	218.04167763133398	70.12500000701252	28.102172011943566	28.102173268149528	28.102173237535823	28.102173459660577	53.400468449176486	53.400468449176486	190.39971701451714	177.09621318073593	207.62880617205724	207.62880618211463	77.96823643264574	74.83205225613034	74.83205215183753	151.1989994041637	95.54941474416236	214.2	185.58601134215502	223.125	254.54393746397102
29.599443493425696	203.3909430985821	235.3846153846154	8.676413435724498	201.8661993465279	145.77907805534517	177.83318141338802	177.83318158099723	145.7790779917599	145.7790781263448	70.12500000701252	25.296402380282075	176.05099572011056	176.05099574518675	185.3575852592596	185.3575861698865	185.35758622607148	185.35758670947814	185.35758777267046	159.05798647195485	112.74963824805135	112.74963824623936	112.74963830156366	112.74963828578984	112.74963836470445	182.46666666666667	191.25	215.06174174174174	214.8604310675883	254.69278734866526
70.11942514936541	138.4777707241397	194.24785373032108	110.95474892207613	174.0645796934601	174.0645797798785	201.86619904478775	201.8661990415468	201.86619904478775	201.86619904478775	201.86619906885218	91.071428535	127.5	28.368502166151757	95.05681470766797	95.05681469565934	141.51782606480066	185.3575849102421	185.3575866276995	185.35758651144542	112.74963825424214	112.74963818700684	112.74963824598774	112.74963831022353	112.74963824186054	199.1095890410959	180.9314903846154	243.66918763287148	167.53500000000003	46.222786861282685
10.284603253026148	222.0369719422112	142.25036186516417	142.25036186516417	174.06457962641534	174.06457957526098	174.06457957526098	174.06457959977377	201.8661990415468	201.86619900696724	224.4	140.9605332114484	123.31856626171214	219.6212252639436	219.62122565404528	28.368502169119125	23.143808191437103	171.48183713453423	168.95094773958124	167.46268656716418	146.94915251160586	112.74963811827098	112.74963824623936	112.74963821819978	112.7496381348358	132.8125	70.48780487804879	226.454030354661	138.00936715021936	224.1627906976744
116.44316050346316	167.27740032441693	142.25036175813946	142.25036178180022	142.250361881729	142.25036188172902	174.06457956016368	174.06457947295218	73.33170484779103	93.93366886594421	106.15266649063679	115.33074784287777	117.87596708815133	35.37877434595475	35.378774736056386	145.70408426364088	118.30792660585311	159.9917682067266	167.46268653563712	54.71590908538872	54.71590911647729	80.9354205270478	80.9354204002262	112.74963811827101	112.74963811827101	126.12903227177421	121.95652173913044	253.9306410089318	46.222786861282685	196.71428571428572
116.44316050346316	167.27740033679703	142.25036163529558	142.25036175401226	142.25036175376061	142.25036175376067	142.25036181299316	155.06592306041534	206.35640540607352	99.553136560105	99.75576038212157	155.2248756297056	85.81076657366651	144.17466449892757	144.17466447035383	145.70408416569643	144.17466425919434	144.1746643674686	144.1746641180233	159.94318530434063	80.93542043983632	80.9354204134296	80.93542042473902	80.93542037358463	80.9354203065399	153.0	121.95652173913044	70.48780487804876	12.773044689726078	247.79640733719214
167.277400676434	167.27740033956917	167.27740029528698	142.25036168977647	142.25036169843634	142.25036175194867	142.25036174575786	112.70351854688062	110.4399894717111	110.43998947152522	90.66136402614629	95.52424903477004	144.17466416678593	147.8572109528165	147.85721101830288	189.35436349323095	189.35436354618133	159.94318529233203	138.74658353625034	67.81183988385914	153.0	45.43692526243839	80.9354202201215	44.834582227129005	130.33333333333331	127.5	246.32358656427547	254.11986880093878	249.6453233430893	242.7725219423054
203.68556895391401	167.27740037830705	167.27740029411245	183.4978042296674	142.2503617142102	182.96470463394695	114.75980080353492	112.70351857600241	110.43998946173352	91.45015526013194	144.52929173409245	110.43998942165112	110.43998947972887	110.43998948168874	155.06592309781223	200.96897461917692	200.96897466672254	111.99234502101214	138.74658343882376	67.8118398619356	45.43692496980401	36.95832236866599	36.958322458642385	36.95832236866602	36.958322169467124	122.1875	255.0	208.64715667897934	3.509321472658371	243.94000662821944
203.6855687211468	203.68556874069378	167.27740032296032	182.9647046866806	182.96470463394695	182.96470465123627	182.9647045803476	125.41998051488139	86.20978234269671	95.3692454012803	144.52929173409245	46.642492133662245	110.43998950270313	110.43998946036959	136.5929828425054	136.59298284304242	136.59298284928224	111.99234501450661	136.59298286283592	85.47184467406197	36.95832236866599	36.958322297075796	36.95832226128073	36.95832236225064	36.958322169467124	122.1875	255.0	53.44091267646968	242.30784111707732	29.93654701159801
203.68556872776935	203.68556874050307	203.6855687532368	61.54312464535451	182.96470463394695	182.96470467031003	182.96470436768152	114.75980075064487	81.39523205084282	125.41998051488136	125.41998050419977	125.41998056631547	125.41998049410881	125.41998049410881	125.41998051870411	144.52929173409245	136.59298279323983	136.59298284892873	136.59298284892873	85.4718447016125	36.95832236866599	36.958322297075796	36.95832226128073	36.958322169467124	36.958322169467124	255.0	255.0	227.37391833430317	247.1515302195726	229.88046132053563
226.4556596088265	203.6855687211468	203.68556870256197	52.1732685731715	61.54312464535451	61.543124840907666	113.42171819943232	78.91576637888616	79.13005865729878	78.38205979157652	125.4199805663155	125.41998056631547	125.41998050385689	125.41998056631547	125.41998050419977	125.41998047109271	95.3692454012803	125.41998056794645	136.59298286283592	89.00913845829925	36.958322169467124	36.958322169467124	73.72094232390435	74.6877708011136	98.8838553046883	27.80298937113878	76.5	153.0	185.2456388638315	23.713225510427833
141.8212137705683	166.88213328978782	203.68556874050307	52.17326859974705	52.17326863105495	61.54312470324399	61.543124732188744	69.3697921401895	75.17651952893524	15.16517096546221	15.16517064537635	15.165170814756976	125.4199804861685	125.41998049351818	125.41998055623606	125.41998051488139	125.41998053555872	125.41998056794645	125.41998051870408	108.09544210995892	108.09544217349196	124.04401742208569	108.09544204838599	93.72383932282531	84.51754330611186	50.82530311259168	76.49999999999997	153.0	205.73420424223553	1.804639302562009
254.68394187614024	39.49999979999998	3.5743950661456267	203.68556877978776	52.17326864670886	52.17326864526058	61.54312466606723	61.543124691208334	61.54312470377886	50.54514987000002	15.165170653451582	15.16517061086438	16.996506121138992	128.90039737250555	125.41998046951349	125.41998055623608	125.41998049410881	125.41998051870408	108.0954420523968	108.09544204838599	108.0954420483859	108.09544211347645	68.23959119803092	68.23959128500002	68.23959125340349	48.46176471401884	50.82530311259168	241.4226819663769	1.9442697624300251	149.68599336454827
255.0	39.499999803047444	39.49999980000001	39.49999980000001	3.5743950446943984	52.173268545356194	52.173268575586974	47.705030646043014	47.7050306744502	117.74467326345086	117.74467321132258	117.7446731421542	15.165170556206334	16.996506056275706	94.35468113585333	94.35468118507626	128.90039736574545	108.09544204838599	108.09544205239683	108.09544204838599	108.09544193727262	94.23069743062734	68.2395912	68.23959123494595	48.461764754968414	48.46176477025668	112.45529623877391	85.24990304112117	9.288983347827212	26.82313808960737
203.32362020274562	226.4556596088265	39.49999980304747	39.499999803047444	39.49999979999998	56.094898796620356	30.593049323718304	30.59304947489622	52.17326851754089	11.570781723173667	11.57078179931574	11.57078179931574	117.74467326823043	117.74467315040832	69.49022517625667	75.0900340921535	108.0954421099589	108.09544204838599	108.09544202361573	94.23069743261419	94.23069761933758	68.2395912	68.2395911169219	48.461764761910956	43.33125309236979	43.3312531186028	16.58696474180286	213.62551943679213	33.4850959700164	164.0637635825642
15.050175290851627	255.0	33.32371046618363	39.49999982020208	49.779614657183686	18.121030076621196	52.68241711747112	54.03919365422007	41.65169310899307	33.6467796184767	33.64677967128662	11.570781741672675	11.570781718630002	11.570781716926092	117.74467307604456	94.23069730262213	94.23069737532359	94.2306974566616	94.23069743261416	94.23069743261419	68.2395912	45.65831909807039	45.65831915768075	43.33125309236979	43.3312531186028	91.26468906267763	126.21471064764927	92.24027037833162	93.28554412696215	50.02944749067214
8.776103719194651	17.61164386842796	126.61800722386315	40.612258251571006	129.19444777909052	7.459057807871204	7.459057807871204	7.459057807508856	7.459057881115967	33.64677952598734	33.6467796184767	33.64677967128662	33.64677969905557	33.646779715799994	33.64677973934511	53.698762019985224	53.69876203009309	53.69876202294418	45.65831913052324	45.65831909148051	45.6583190682652	45.658319084433515	45.65831907033936	45.65831907033936	204.3177098185135	98.64746572261731	245.94547062681983	23.81396105688802	83.44771320638242	250.0277163591604
5.611647683215608	1.9814390248528753	0.0	4.496901491118507	3.603123976254068	0.620774843871061	7.45905773680073	7.45905782838679	7.459057796104844	7.459057797049098	7.459057859724453	7.459057880616228	110.72823747947706	53.69876202294418	53.69876203514707	53.69876202733397	38.39413415290184	38.39413397847281	38.39413399722591	38.39413400660237	38.39413393282794	48.81439173718309	48.81439179216699	48.814391754642486	149.46075717923594	98.6474658649355	98.647465852066	4.677196266841719	72.04551218020865	6.602773631655566
10.138984959951586	11.472526139483136	12.303599754772932	18.71208565770246	25.506871794227578	0.0	29.49989981213011	32.57536585338528	83.83151515604055	7.459057774583584	7.459057796104844	7.459057807508856	7.459057806784102	53.69876187598672	53.698761960406415	38.39413402626127	38.39413398784643	38.39413396950698	14.138177026114278	48.81439172789467	48.81439175430137	48.81439166383947	13.10051519620339	82.91372115739233	98.64746534815697	98.64746583970657	98.64746584883258	229.95902885615607	77.33506504770244	0.0
1.0974094291552774	10.012044006870383	10.041915291913483	12.450288105795977	19.46116288327522	19.39190893028652	46.69881970301981	32.57536585338528	32.57536585338528	30.374465792951497	32.57536585338528	31.451129933216095	7.4590577961048155	7.459057806784045	21.479235177439392	227.14872553990116	227.14872540293203	48.81439171972366	48.81439176750479	17.117851256411456	15.966783153125675	2.982107316744333	14.291573884183322	0.6778502912181068	51.55725119257383	98.64746587678488	98.64746570876358	1.7986556859342215	65.55370040717096	0.0
