254.6787492904145	254.80324074074073	254.98002969230444	241.56819473946334	242.10890341922624	219.49181189903845	209.78047642878408	235.6140350877193	244.8	236.86666666666667	249.58588340646332	242.85714285714286	244.50671772544342	182.46666666666667	144.26669666030176	204.0	170.0	244.2805247777205	170.0	246.25714285714287	220.22727272727272	222.0292142732132	251.51631056155122	251.51631056155122	229.62278968631713	254.59281148573666	242.03974037674982	254.9322571980004	254.50770708099782	254.18803248530978
254.92047136076843	254.98972268221576	250.6870754020971	247.91666666666666	227.67857142857144	209.78047544997034	220.22727272727272	188.40565512754094	195.5758910832927	247.00164812041902	186.72859441668368	238.68	255.0	156.4772726383652	86.9318181324251	133.23391551382662	251.9808743169399	235.9481085423066	244.6483704974271	236.84294698985948	200.8474147953426	225.99146012354046	227.43536375381916	247.7643921017849	234.88769211292396	241.07362688342707	253.56364757308808	254.70024489795918	254.932257198013	254.94822389176272
246.168145698452	244.8	243.60335196619457	252.96	226.21922258834715	188.40565523617548	175.8144709952261	175.8144703657905	163.07422630245503	212.5	175.82239773713144	235.61862930425343	235.6899760287183	228.5767571366066	231.0626184011084	109.20789145105974	230.00835992904877	230.86849651782057	239.16234115285653	239.5277521637264	217.32914732698057	227.37911025145067	232.60135136706765	195.5000000085	230.55030782325994	239.28411864847817	253.94754200040109	254.56843577744843	254.89031740916292	254.7062073266743
251.09549485182453	226.66666666666666	205.50063994642045	120.75801364131175	107.45458470291922	239.24710424710423	166.015625	163.0742263911996	166.75280581614516	244.8	179.87080487080488	214.90402706574835	212.5	212.73237410071943	214.90402706574835	212.49999995993062	103.44938716112082	101.44164452162633	158.58036054699596	214.75613633878805	215.1186362315749	225.66590803061322	228.64616191009887	240.0122448979592	195.5000000085	243.98355721697067	252.5564276669123	253.94754200051042	254.11908704706372	254.7068256813364
221.20364170359602	81.35706285502982	131.18890738547157	112.53676750881988	226.81556342385392	218.07692307692307	151.18949526643624	144.23076923076923	133.2954545000129	161.36769446682996	153.63845489602977	190.3846153846154	212.5	206.72009075868493	214.2	242.85714285714286	126.96560730698769	225.2783964365256	225.2783964365256	197.44875924137384	239.16234114954798	239.1623411490961	201.92307690240168	238.84615383534634	238.000000017	232.79591836734693	253.2396449704142	253.9475420001417	252.19821641240023	253.8666666678
7.120454597938874	212.83148599580474	254.9724883392189	159.35559559060627	8.378166955935058	110.44928749481264	178.23735127499998	133.2954545636312	117.5503946141992	126.5200393705224	152.90439154926145	170.0	180.8181818181818	204.0	187.0	119.0	207.0086816707422	126.96560731075232	126.96560731075232	154.08771932435917	207.3225835763406	228.15148063225556	246.94074074074075	223.98648648648648	244.8	244.8	250.83673469387756	247.57168866636323	254.74528760859624	254.0729329009695
51.618158923582286	107.80558586004986	196.41646587845295	67.72157336469962	178.23735113097945	178.23735116789447	116.81229668948572	117.55039426598398	122.90783893126888	123.55628602500002	183.35567747190316	181.6331611755828	190.74387297204004	190.74387297204004	76.02337557111022	204.56368233002587	180.66829524475725	173.158466466806	173.15846650356022	188.73533871743513	172.6090639989472	126.96560730698769	238.05984941496678	238.05984941440533	174.5637583599725	227.93296088710989	214.2	230.85798816568047	250.26537757727382	254.07293290107833
123.06532592181605	1.924130455414513	112.47472208899862	178.23735102	178.23735110500002	178.23735111252194	178.23735113455692	101.8424724691881	121.11381480439042	122.90783894138715	141.5728043534688	147.1053489926254	66.23142250530788	190.74387297204004	185.77453699865268	107.7756813816674	140.96053311301793	212.2327219628432	207.7831749015381	172.6090639296565	179.7519300378168	176.53846153846155	217.90482202146717	211.88151867840145	234.83050846197645	234.8305084774576	240.4285714303328	251.59303044647186	250.26537757609123	254.592
69.19778372068481	65.91281543215439	249.7977232867092	98.07692307692307	98.07692307692307	104.87590347758206	101.84247304753862	101.8424724654179	101.84247243197976	178.23735101999995	143.4475482448783	147.10534890549735	171.99553131217556	66.23142250530785	177.42283330970764	66.23142250530785	186.49212867040706	171.68990246719397	204.0000000456158	189.1592831213825	193.1786642685566	198.4149855907781	222.90697674418604	217.90482205468652	240.64205688100705	237.291666663125	237.9999999915	229.17505030352112	254.501953125	252.50267094021635
15.812349023318035	150.33421733261852	186.6748182442163	176.53846153846155	81.5453138437218	145.77907817165195	101.84247246918812	101.84247248213703	101.8424724654179	101.8424724319797	143.4475482561913	171.9955320676427	171.99553158344509	171.9955314980333	177.42283326938346	104.83341888106031	104.83341888106031	167.85062752796912	199.98102648609026	199.98102648260556	152.99999999278754	216.3843702834144	216.38437028629787	214.6466859225	224.75591392173519	238.56641738232312	247.4523066235692	251.015625	253.70147210713807	248.472
209.48233116391378	169.5127130169343	180.58643794340912	145.77907817165195	145.77907808376273	145.77907803167864	145.77907805172396	101.84247189083754	101.8424724691881	101.8424724319797	196.350000019635	171.99553125391463	171.99553158344509	171.99553167386796	171.99553197777317	205.42004330684838	205.42004330684838	61.52265105457525	209.66666665772533	199.98102643833852	199.98102647154346	202.24721374149715	206.83299078112412	206.8329908123791	45.521956611341835	224.75591393295917	235.008	242.94896030245746	252.69422743055554	254.5333825456996
19.599104886602817	37.62321710560852	176.53846153846155	192.10905288994985	111.03336653105953	145.77907805534517	91.5713833726347	91.57138347008544	145.7790779917599	145.7790781263448	196.350000019635	158.11342451407	108.08888718536778	108.088887201832	56.963986386230886	56.963986659478195	56.9639868696371	56.963986386230886	56.96398773373204	159.8220868222354	193.42183117588831	193.42183115326225	193.42183117588831	193.4218311845032	193.42183121557025	231.2	243.93229166666666	246.89105105105105	246.65994623655914	254.56843577744843
0.05434017181298145	138.4777707241397	73.70757177570857	155.65596279056598	77.70149376535875	77.70149365379635	111.0333662293194	111.03336626875262	111.03336632989942	111.03336638018945	111.03336647378092	153.0	212.5	171.11634809818554	135.99555652441933	135.99555653558397	165.32030355390418	56.96398539983383	56.96398680017302	56.963986548211636	193.42183109470824	193.42183112210827	193.42183116727344	193.421831245325	193.42183115004366	217.21046077210462	229.25480769230768	240.88921109208837	252.96	254.82138485440217
233.04512824930066	147.6310923283741	61.578168742931666	61.578168742931666	77.70149371721055	77.70149367754487	77.70149367754487	77.70149366199922	111.03336626875262	111.0333663370954	132.59999999999997	68.77433050451256	123.31856626171214	75.22328611691012	75.22328619723689	171.11634810988434	147.8478036986598	49.37206157557492	107.29334972474328	175.07462686567163	194.49152544021115	193.42183096913678	193.42183115326225	193.421831162966	193.42183125706833	223.125	170.69105691056913	246.35762357428345	240.13081480405387	255.0
180.71279961900876	51.314431259306275	61.57816884995634	61.57816883703401	61.57816878442978	61.578169030863194	77.70149366199922	77.70149359821349	136.99037283501818	183.35567747190316	107.32975514212362	140.9605331234972	114.57141643078035	179.7767138027631	179.77671388308988	159.8242689637834	118.18435334033799	44.495839245919115	175.0746268716362	182.55681807809273	182.5568181818182	177.2985064017865	177.29850633800078	193.42183121557022	193.42183096913678	211.12903224435485	199.56521739130434	250.95661623791597	254.82138485440217	255.0
180.71279961900876	51.314431259496956	61.57816878442978	61.57816883272656	61.57816884673775	61.57816884673778	61.57816887789173	105.66388510649728	104.34263795847093	99.33584557184403	100.30078690431668	106.04001087315072	135.0025144475253	34.53097551828063	34.53097527434892	159.82426890088027	34.530975182854235	34.53097523699148	34.530975064428816	119.00444346441603	177.29850633800078	177.29850633800078	177.29850632245513	177.29850628278945	177.29850623464125	183.60000000000002	199.56521739130434	170.6910569105691	74.55015093557105	231.19964597889705
51.314431046086014	51.31443127885325	51.31443124676326	61.57816875467498	61.578168824111714	61.578168824111714	61.57816890529176	112.2960335308336	118.73201896746806	118.73201896008001	92.8834017207837	96.85658353809325	34.5309748797967	100.48612444450518	100.4861244606908	97.0096204929803	97.00962051687648	119.00444347558073	146.79623058832888	142.36717136200332	176.1818181818182	168.34069969128467	177.29850634620368	172.12576649939905	192.66666666666666	201.875	62.89094711005015	225.14840041059628	211.79832475086738	172.9580604664985
115.96296904753169	51.31443127223068	51.31443122021224	50.65940492819834	61.57816881549681	76.55234734205035	108.95799263754469	112.29603353229311	118.73201894046255	85.21071786538263	100.04719903843704	118.73201891838073	118.73201897777628	118.73201899447358	105.66388514473192	89.81994525252446	89.81994529560305	158.99035924265485	146.79623062245807	142.36717137548993	168.34069960330325	153.1575275680203	153.15752753081188	153.15752756802027	153.15752810916246	180.625	117.17854127917988	215.41777913786893	105.42888262816075	98.57694873568684
115.96296906071595	115.96296906511068	51.31443125525237	76.55234724888328	76.55234734205035	76.55234733285175	76.55234750078873	115.37683350128339	86.02040770577702	89.19958809491979	100.04719903843704	77.04570721689487	118.73201891838073	118.73201895797777	107.77818829591615	107.7781883061528	107.77818831893671	158.9903592408116	107.77818845254521	111.55245174380869	153.1575275680203	153.1575275345821	153.157527517863	153.15752753081188	153.1575275308119	180.625	117.17854122918652	39.338242060421976	44.59825490609123	178.4293315236146
115.9629691060764	115.96296901402161	115.96296904852375	145.77907817165195	76.55234727768894	76.55234730340709	76.55234741180936	108.95799260479168	81.68835113775185	115.37683350128341	115.37683348977393	115.37683349227112	115.37683347037168	115.37683347037168	115.37683349687327	100.04719903843704	107.77818832954529	107.77818831347153	107.77818831347153	111.5524517551217	153.15752756802027	153.1575275345821	153.15752751786303	153.15752753081188	153.15752695246138	117.17854124411568	117.1785412470974	253.4717340019839	63.659590344858486	0.8656276220714574
135.17638416095025	115.96296906071595	115.96296906770797	108.19904657929894	145.77907817165195	145.7790781263448	80.84247868682462	72.06178602830693	70.7046062354018	78.17221653614669	115.37683349227112	115.37683349227112	115.37683346675493	115.37683349227112	115.3768334897739	115.37683340467342	89.19958809491979	115.37683353581184	107.77818827741058	130.78381339072064	153.15752753081188	153.1575275308119	149.2309271534206	138.60895656213796	161.9694558052272	154.4411469574843	204.0	255.0	163.56278926275888	35.3916127529489
81.31186602888627	25.912848012639188	115.96296901402161	108.19904649371674	108.1990464770154	145.77907805172396	145.7790779917599	69.40478431043118	76.31397829024127	120.15606345494098	120.15606331985771	120.15606310415691	115.37683345524547	115.37683347826444	115.37683345524545	115.37683350128339	115.37683347826444	115.37683353581184	115.37683354527422	115.98760627221253	115.98760649026042	147.95000479632105	115.9876064549633	120.06668313401676	138.4377707878125	140.1945193187833	204.0	255.0	2.5973910947293177	135.17638416095025
8.629038483830954	178.23735127499998	128.79987599758982	115.96296907390018	108.1990464686647	108.19904645020998	145.77907808376273	145.77907803167864	145.77907805534517	93.72383933999998	120.15606312873751	120.15606314999337	128.18937973446526	110.34687960515498	115.37683349227109	115.37683345524547	115.37683347037168	115.37683349687327	115.98760641757781	115.9876064549633	115.98760645496324	115.9876064549633	126.1867555072372	126.186755525	126.1867555072372	136.9749573213686	140.1945193187833	20.229271150239015	108.27820737176057	1.4566004329694238
11.534791858763072	178.23735116789447	178.23735110500002	178.23735102	128.79987592440995	108.1990463856655	108.19904644361264	52.437228593931934	52.43722864409534	26.04221610915809	26.042216063067116	26.04221612764195	120.15606312901599	128.18937977629633	137.43708555839993	137.43708559437994	110.34687960053029	115.98760645496327	115.98760641757781	115.9876064549633	115.9876064085559	117.09508484533549	126.18675548249999	126.18675554415222	136.97495729421115	136.9749572768891	21.479235177439392	53.31992435698692	124.79400475117328	101.89660185730983
2.7223351449136146	135.17638416095025	178.23735111252194	178.23735113097945	178.23735101999995	56.36962794088123	128.0343926930123	128.03439268924768	108.19904619203206	96.39403814348668	96.39403838806709	96.39403821513804	26.04221597146119	26.04221610560728	68.1254570776992	76.05545084645922	115.98760627221247	115.98760645496327	115.98760634038419	117.09508473183763	117.0950847078899	126.18675561	126.18675545129429	136.97495729721442	101.64032538319242	101.64032534031708	0.7971802613694763	173.69646731663494	246.33633326855835	31.844692995593448
32.763287823132	11.534791858763072	21.295062819338654	178.23735113455692	47.82565704074602	52.08384176433094	52.803992483200375	56.86439939426006	140.9605331234972	107.27209011125262	107.27209036338286	96.39403821513804	96.39403820576982	96.39403826667709	26.042215921751847	117.09508460184557	117.09508477661274	117.09508475370512	117.09508477516832	117.09508479683365	126.18675561	103.32634702414089	103.32634699406913	101.64032538319242	101.64032534031708	165.75165402282317	255.0	22.880576099337276	116.79651917182721	2.0614514096388916
0.07668135689604583	0.17856159297917884	1.0177287133659263	55.53708517800305	20.060841885110875	69.29579433706886	69.29579433706883	69.2957943460909	69.29579436413502	107.27209029331743	107.27209038973444	107.27209036338286	107.2720904435117	107.27209043344826	107.27209047040026	89.9593036574984	89.95930367443171	89.95930368150411	103.32634708428441	103.32634703116943	103.32634703917677	103.32634701810946	103.32634699198945	103.32634705786046	71.99616450855797	255.0	45.21944217636084	211.06959393996615	237.86554536083432	200.3769635671076
1.182092119354195	6.93994387646174	32.57536585338528	138.4777707241397	155.65596279056598	29.20324528899195	69.29579440453415	69.29579434024527	69.29579434024527	69.2957943490178	69.2957943960366	69.2957944117095	43.7884435635215	89.95930365023523	89.9593036828984	89.95930365758926	99.01663427158462	99.016634339327	99.01663433932703	99.016634339327	99.01663424264521	90.26621651518462	90.26621653482468	90.2662166386757	14.214236831995947	255.0	255.0	0.4502972187279397	224.377289460617	110.21292534936174
10.095322370964567	10.799451978596096	17.63199238106921	19.182525853055324	26.272983563103423	34.24016530082338	28.916678847307082	34.24016530082338	26.81615525181647	69.29579431872395	69.29579434024527	69.29579437086821	69.29579436413502	89.95930365749842	89.95930365023523	99.01663426122246	99.0166343470361	99.01663431223915	96.36750739472873	90.26621651830885	90.26621654471558	90.26621646713139	76.46143961245701	1.0810466101290217	255.0	255.0	255.0	217.94010843026203	55.92796346633804	0.0
1.0553428216857696	10.050351048975898	10.893443998034485	12.45977753853677	1.1356632017387938	21.271896435047466	7.085184192810004	20.548416842969345	32.57536585338528	50.852469013865004	20.548416842969345	14.214236831995947	69.29579434024527	69.29579436413502	21.479235177439392	28.773179316090705	28.773179461320353	90.26621657410479	90.26621651830885	83.88284494231354	79.68897109402377	38.17099065811388	26.929385614186117	8.77919534407198	224.90522689180452	255.0	255.0	9.515813703195818	240.45779944425075	255.0
