254.69957538238654	254.44187954814814	254.6823097933123	254.43538646973406	250.46330618465424	250.98675896935097	247.8797722486274	244.0953947368421	232.05	250.46666666666667	242.28642196099696	242.85714285714286	225.54729029612332	244.8	235.6115055200028	242.25	244.375	227.73900398938324	244.375	223.85357142857143	246.3068181818182	234.64137659695757	247.5061565265377	247.5061565265377	244.7818890254064	253.71533529047238	251.9825688667887	253.8985637591756	254.63323940172018	254.6931225744325
254.89320960827877	254.5353302461274	249.9720408869763	243.07017542666665	250.7229612664835	247.87977536065105	246.3068181818182	246.47364104368697	239.4850518718707	238.40622914106174	253.86210572234674	209.61547842	199.5288299206041	226.02272714430526	231.81818154158057	226.9643940385322	195.66256830601094	219.14720954906062	230.21440823327615	228.10248871310534	230.93398010761493	227.92392318917925	224.77303211067638	236.69918415218356	233.97131606560936	240.93739364094006	248.70043272558266	251.1956862244898	253.89856375920908	254.673647580158
254.56744996208815	254.3625	251.02616877971067	248.115	224.93448351310875	246.47364106219288	233.08979872938042	233.08979729672416	239.30352184742887	227.109375	254.96768225469324	201.34954891522494	220.68865902328113	201.39267706534588	215.13176388213327	210.03749743168277	228.28984973267416	226.16755428103238	213.9681403366331	218.48612282741323	219.49087835722662	236.25725338491296	232.60135136706765	237.9999999915	231.67370900877822	239.39249587512964	248.23811327275413	252.56532165398258	253.43389082861916	254.92843985295315
35.233274368474355	254.55729166666666	205.50063994642045	187.7534169550612	210.01526722033412	239.24710424710423	230.674342203125	239.303521655755	237.82706175967397	91.79999999999998	246.13899613899613	175.7074551637236	212.5	241.71798561151078	175.7074551637236	199.84471679587116	210.74272391599584	200.48689234225225	226.8426040411123	215.09813461442548	213.53719283399758	223.24230768015	238.70041341680496	227.31428571428572	237.9999999915	245.5179194713679	251.5527698083056	248.2381132732627	251.9941224489796	247.85177419354838
8.181510248356659	249.24927522422587	95.42047733160578	174.1680696436964	192.60408577722234	218.07692307692307	225.98047245251283	230.76923076923077	228.00538308675354	216.0952728588989	254.00350081792345	225.0	212.5	160.70789364769362	174.31640625	159.375	200.67713795230458	211.3641425389755	211.3641425389755	200.6719813419922	213.96814032465798	213.96814032575622	230.76923077032717	218.07692306705533	187.000000017	235.22448979591837	245.80601612152094	248.23811327089382	253.90766633836756	236.8666666644
143.04098947101656	183.69190476884933	251.40552162681104	225.84802395390622	100.90589867814916	244.96864363605224	133.33408022999998	228.00538283427343	220.6126322926582	197.11113818495787	45.49068343209811	191.25	222.54545454545453	178.5	221.0	204.0	186.24590398124417	200.6771378704278	200.6771378704278	196.27066397617625	211.2225655641411	190.05282535826757	178.43703703703704	223.98648648648648	173.39999999999998	173.39999999999998	205.5612244897959	254.88393263541192	232.01220667581163	248.2037517723866
209.2379106308279	254.82815522089527	104.06581857791895	230.94300310475228	133.33408004696048	133.33408012079056	222.3975266756238	220.61263222477282	194.93254964860307	203.12722265625	183.35567747190316	156.16128189528334	166.7138419054194	166.7138419054194	169.2285701424681	157.22612459437988	154.88359307696538	174.82972838970602	174.8297283782967	187.07955852478264	193.9894295267911	200.67713795230458	192.32085008907043	192.32085009395104	191.67785227404732	188.75698324114865	230.775	253.49112426035504	233.80620673191692	248.20375177199
39.69878105961851	54.83094311809839	95.6300903204567	133.334079975	133.33408006000002	133.33408006541805	133.33408006795173	212.08621159679356	193.83769987213958	194.93254921909067	164.95577479194338	189.5810237890613	157.1868365180467	166.71384190541937	151.77615932590805	202.9483429658414	197.98026655650898	176.955833602359	165.88019699286423	193.98942953254456	197.80319468803444	235.3846153846154	165.14892481625319	150.69541992462155	196.22033895448146	196.22033898305085	178.78021978152952	206.19987924845896	233.80620673232812	228.888
4.09022040817527	174.6835019699426	243.85748050988974	196.15384615384616	196.15384615384616	183.80944700869048	212.08621159679356	212.08621119063838	212.0862112884532	133.33408022999998	186.56219392591967	189.5810237330943	145.26806110322053	157.1868365180467	141.8811975730958	157.18683651804668	178.8690812159259	174.55695508294028	110.75021661338337	123.31856624276497	170.97704396600798	187.39193083573485	176.86046511627907	165.14892480217958	170.3174375082101	184.875	186.9999999915	191.54929575754528	172.137451171875	231.8048076923077
245.9743988003711	5.270078161703907	68.17415360139702	176.53846153846155	212.9306284757708	145.77907817165195	212.08621121122655	212.08621114173096	212.08621119063838	212.08621103727876	186.56219390288402	145.26806087288458	145.2680606284661	145.26806039179039	141.8811976296965	159.51687740992773	159.51687740992773	170.09122271184862	159.79230124530173	159.79230123888513	176.4037214553586	157.498742243837	157.49874225584858	143.0033784375	107.37172396821924	172.61748560717632	130.43357612122787	134.47265625	167.93744568682655	252.698625
165.57098070080934	0.950406293184983	6.346318546624218	145.77907817165195	145.77907808376273	145.77907803167864	145.77907805172396	212.0862104400925	212.08621101844304	212.08621103727873	112.20000001122	145.26806018560688	145.2680602117801	145.26806047021483	145.26806090946536	161.63933286706828	161.63933286706828	150.97404971455325	115.27328258200532	159.79230118897817	159.79230120043587	87.77145559720489	84.96102865087627	84.96102877931577	200.60141356922173	107.37172382076903	163.2	131.59735349716448	172.137451171875	252.04770208030146
143.39732333320867	254.39275378484274	176.53846153846155	85.82064962489761	134.92552669983712	145.77907805534517	163.6258524294994	163.62585213277077	145.7790779917599	145.7790781263448	112.20000001122	132.1328636412383	183.2950436652515	183.29504370702864	144.67245125111475	144.67245149236527	144.67245125111418	144.67245125111413	144.67245103820358	159.02618617363606	128.30737322534918	128.30737320915273	128.30737322534918	128.30737324307367	128.30737316834063	108.79999999999998	134.47265625	143.20432432432432	143.07027649769586	252.56532165398258
4.09022040817527	138.4777707241397	169.76514915475138	110.95474892207613	160.67031830924088	160.6703182358595	134.92552639809696	134.92552647917762	134.92552649867702	134.925526548967	134.9255265408837	111.5625	106.25	152.35475673220006	135.99555652441933	135.99555653558397	143.78651649322956	144.67245149236527	144.67245121986826	144.6724516625002	128.30737317149797	128.30737322955883	128.3073732076247	128.30737322955883	128.3073731721757	137.18555417185553	107.88461538461539	95.46415305760988	124.44	95.20269985088166
213.12332188516694	147.6310923283741	126.69262693484899	126.69262693484899	160.67031826959834	160.67031822004083	160.67031822004083	160.67031821971574	134.92552647917762	134.92552649974633	183.6	140.9605332114484	161.8871652522563	126.38818824942177	126.3881882481875	152.35475674269847	122.75759002526638	130.20305255519798	148.8355049372947	110.37313432835819	108.05084742356365	128.30737292190713	128.3073732091528	128.30737319876246	128.307373065151	79.6875	125.77235772357724	165.36045944141438	52.77603103257783	224.1627906976744
0.8696643137298281	139.03703093488934	126.69262682782431	126.69262680123754	126.69262683165945	126.69262707809284	160.67031818010562	160.67031812092588	93.38755667849912	76.05555890942463	106.35437768572152	115.33074784287777	115.28642613565069	128.6118117518125	128.61181175057823	115.96296906071592	118.49375260597381	119.60790679133137	110.37313430109157	62.803803339316005	62.803803375	94.32968187907412	94.32968178028429	128.30737316834058	128.30737341477402	76.7741935620968	77.60869565217388	46.357497359178296	95.20269985088166	196.71428571428572
0.8696643137298281	139.03703092269996	126.69262683165942	126.69262679237531	126.69262679084721	126.69262679084727	126.69262677044114	97.84779885619065	155.82039121390932	99.9513204215059	99.68992705947173	116.70452897750889	102.46634199467582	102.16556213006945	102.16556214906188	115.96296904852375	102.16556232994293	102.16556222166867	102.16556213526005	119.00444346441603	94.3296818198944	94.32968179348762	94.32968177995915	94.32968173040166	94.32968169075912	102.0	77.60869565217388	125.77235772357722	74.55015093557105	174.22604385009703
139.03703095246834	139.03703093928408	139.03703095147625	126.69262677044114	126.69262677465082	126.69262677465082	126.69262682850203	79.4339396159753	74.01117764424527	74.01117765579289	91.54181463990315	90.99103382795874	102.16556202223734	105.25447764573352	105.25447771101489	113.93369307421938	113.9336931377697	119.00444347558073	84.69401565332481	61.66911563004541	92.72727272727269	52.450945157622215	94.3296817641405	52.001557254951166	68.0	79.6875	169.1793503751024	249.18374748536274	250.13764166384883	252.19816570371887
115.96296904753169	139.03703089392366	139.03703092609982	173.6105243509869	126.69262675692633	124.78392679576555	79.41957216052191	79.43393962988924	74.01117764935356	82.81933418713828	88.91492119126411	74.01117761597675	74.01117766826499	74.01117767433743	97.84779892937709	108.5684240393559	108.56842411676982	63.38529937822261	84.69401567378483	61.6691155759531	52.450945027882454	42.91378896272124	42.91378898155696	42.91378896272124	42.913789559907485	63.75	255.0	82.71439743595462	22.735285032861043	243.94000662821944
115.96296906071595	115.96296906511068	139.03703093229205	124.78392663860538	124.78392670995038	124.7839267626295	124.78392671428267	76.29863131864755	79.88568541874733	70.85622893467885	88.91492119126411	87.89708904445689	74.01117769702873	74.01117765083555	84.4398175541549	84.43981756952883	84.43981756391662	63.38529939164624	84.43981758344015	68.43780609711601	42.91378896272124	42.91378880936162	42.913788858269044	42.91378878877347	42.91378898155699	63.75	255.0	169.3278491119562	0.042968054536373756	50.806252099826764
115.9629691060764	115.96296901402161	115.96296904852375	48.26781203322804	124.78392666704275	124.7839267327752	124.7839268656372	79.4195721106077	81.03896889131863	76.29863123456647	76.29863126187618	76.29863122577962	76.29863125969848	76.29863125969848	76.29863129361743	87.89708904445689	84.43981755257093	84.43981757800779	84.43981757800779	68.4378060740803	42.9137887115468	42.91378880936162	42.91378873268184	42.91378878877342	42.91378840320644	255.0	255.0	120.87919593691205	205.78903652314756	4.024998685523343
4.044494591758593	115.96296906071595	115.96296906770797	67.94115627676061	48.26781180431158	48.267811874670144	107.50812875467454	78.58688688215875	74.62914008271025	78.28762164770629	76.29863122577962	76.29863122577959	76.29863125343493	76.29863122577962	76.29863128289651	76.2986313614552	70.85622893467885	76.29863134181966	84.43981758344017	61.42305436666314	42.91378840320644	42.91378869238173	41.81561827815864	43.565169595195755	47.817317342121555	32.86654977050895	51.0	153.0	179.63957881394572	247.94439207323182
6.346318546624218	60.66363235609373	115.96296901402161	67.94115633996458	67.94115632947734	48.26781186617356	48.26781189710451	69.29079863623733	78.87690668674244	95.05816340110985	95.0581630760845	95.05816321811795	76.29863128775142	76.29863124714541	76.29863125972437	76.29863127660704	76.298631289186	76.29863134181966	76.2986312936174	60.51958098441719	60.51958072023504	69.70427134975048	60.519580537883115	57.47784931542034	40.87019237662392	96.76083840079929	51.0	153.0	176.47695938250348	24.414367301296124
87.91144043345099	24.712053314999963	41.363770329657314	115.96296907390018	67.9411563242337	67.94115634324541	48.26781189348836	48.26781185407657	48.267811884079265	63.75	95.05816297868805	95.0581629637037	79.30109951711606	73.6876428068741	76.29863122577959	76.2986312597244	76.29863125969851	76.2986312936174	60.519580608460785	60.51958062467031	60.51958062467028	60.519580668063924	30.392534001348253	30.392533955000005	30.392533945975686	24.68144357977107	96.76083840079929	252.83087051487516	0.540726376341155	115.76016164212376
112.82603105762448	24.712053392938373	24.71205331499999	24.71205331499999	41.3637703496249	67.94115624053893	67.94115619041906	64.79171412885339	64.79171415734041	80.3700822120532	80.37008233942004	80.37008238867239	95.05816306895593	79.30109949611295	47.868063161595416	47.86806320094277	73.68764283059599	60.51958053788303	60.51958060846084	60.51958060297352	60.519580456053035	48.70716777164759	30.3925339125	30.39253396443314	24.681443625435435	24.681443626457423	140.10294706507483	246.13022095069317	97.43535347364093	245.22482295846672
143.45610726164702	4.044494591758593	24.712053337565862	24.71205331910832	24.712053569999966	55.928691804283204	54.32286204769542	54.3228621295722	67.9411564762151	75.04893755278803	75.04893758049715	75.04893766696168	80.37008242255075	80.37008253642944	69.27541158803149	76.05370361612287	60.519580384912246	60.51958053788303	60.519580570358784	48.70716766336088	48.70716771447536	30.392534040000015	30.392533793057282	24.681443644163977	24.170689129225508	24.170689059891117	246.164632961593	3.231840279855618	98.96663552787874	162.37680424300834
241.95457534151606	87.91144043345099	80.76320022006578	24.71205318218054	49.79417538851729	60.55942225906597	51.60519505800826	56.44299189077273	26.921066246994428	68.69376367581972	68.69376409254778	75.04893763814022	75.0489376735213	75.04893770002073	80.37008221205315	48.707167403376786	48.7071675934026	48.70716763376021	48.70716762003019	48.70716759836486	30.392534040000015	24.681443625435435	24.68144357977107	24.170689129225508	24.170689059891117	91.26468906267763	126.21471064764927	79.47422474305682	25.76178678725097	163.78190359489633
219.9507675073206	15.151418170623714	110.61024032920187	8.669522087027872	20.060841885110875	56.93206139082292	56.932061390822895	56.93206138805701	56.93206138252518	68.69376388324201	68.69376395430157	68.6937639716046	68.69376402212234	68.69376405996724	68.69376405603282	34.4693620987907	34.469362057279454	34.469362060504494	24.68144371676425	24.681443653017254	24.681443648267646	24.681443644163977	24.681443626457423	24.681443560586416	204.3177098185135	98.64746572261731	198.62665607128397	57.48914993072401	228.1356346386903	9.39092640931679
31.01405855254086	35.831227014471835	255.0	0.0	0.0	34.5847766104294	56.93206141571628	56.9320613820006	56.9320613820006	56.93206138920797	56.93206143935714	56.932061413030965	85.46758721613247	34.46936202923564	34.46936203652385	34.469362032053425	20.1526998036737	20.15269979314712	20.15269981190019	20.15269979314712	20.152699694607662	21.74094290720771	21.740942935017586	21.74094300618944	185.3239164562707	98.6474658649355	98.647465852066	204.3494552434256	124.19251877746018	110.21292534936174
10.131608766234905	9.967299305611448	11.789988393932106	18.894066118886855	25.455464047061724	255.0	30.13828997032519	32.57536585338528	46.96371222022785	56.9320614250432	56.9320613820006	56.93206138805701	56.93206138252518	34.46936195479219	34.469361966697875	20.15269984496004	20.152699819030204	20.15269977755605	16.819284000293777	21.74094296725474	21.740942940847987	21.740942815568474	52.10880364579657	1.0810466101290217	98.64746534815697	98.64746583970657	98.64746584883258	115.07145989394101	33.004559419583074	0.0
1.082240575190383	9.75808415863159	10.136793023306723	11.789988393932106	8.762465230030074	20.057182133969405	27.53605546692171	27.01249382867556	32.57536585338528	27.01249382867556	20.548416842969345	31.451129933216095	56.9320613820006	56.93206138252518	21.479235177439392	103.55247506850193	103.5524750842996	21.740942990637308	21.740942927644653	23.646371797310422	22.095034335800676	4.358823294949758	11.671288815233908	1.4803624490970435	20.283443501017388	98.64746587678488	98.64746570876358	124.61671889084684	14.650309456049285	0.0
