253.6051921000919	255.0	192.2920232606685	249.06841855378744	241.87985056709053	234.55896783353364	213.78572901308348	94.69298245614033	255.0	91.79999999999998	249.85557408200734	159.375	255.0	91.79999999999998	231.01295631446507	255.0	255.0	95.31444184595091	255.0	255.0	255.0	219.7953343809292	254.4248036355105	254.4248036355105	239.80645320967068	254.97267918985096	249.33149901540625	231.76312789776915	248.27830734538597	253.76687460612857
254.99431628730704	255.0	253.97721883525196	255.0	243.5243327967033	213.7857316078815	255.0	229.2553084518941	212.360132684017	247.33727208197212	153.66310351554728	255.0	108.02298131305238	191.24999989133522	191.24999989133522	221.65132900702758	195.66256830601094	203.99706694046114	108.18181818181816	134.9066469959411	220.5693670548872	227.1851937501589	244.16671734994114	242.63971164604533	234.3467946557114	241.04640930869147	251.64266832343998	255.0	231.76312789828143	172.78145773441418
253.2239744732946	255.0	246.6560255399623	255.0	231.79632520868742	229.255308606547	180.67168362473654	180.67168245642327	212.9949078269428	69.0625	69.48388269276413	255.0	236.34511269533073	255.0	231.77717699617904	203.03935979095215	95.54498450067967	97.98852929127412	140.57633795893872	229.4050817204214	219.70766930079094	172.13733075435204	223.98648648439098	242.25	231.6787480647261	239.02477046775235	203.36359593101056	170.3971756398941	214.80648647854403	248.8123521089414
35.233274368474355	255.0	231.79632520868742	69.50665110061246	228.2130251346954	124.73566973566975	189.73214278125	212.99490783768783	212.02689266566676	255.0	124.73566973566975	131.13208361382976	106.25	110.75334018499484	131.13208361382976	255.0	255.0	193.2206154378867	22.60327879131978	214.9270544524836	214.88336712547388	43.83993883011169	181.47585870086843	80.14285714285717	242.25	213.76473037361623	157.8814774510077	203.36359593465704	135.09795918367348	254.31655625960062
1.011342414230569	16.971063460112646	246.89609529546007	51.86293047033115	19.44873634442635	93.46153846153848	178.05170428661503	93.46153846153848	190.42207797141452	165.47064069164392	160.53094444274993	93.46153846153848	106.25000000000006	255.0	255.0	159.375	211.88151867840145	242.97884187082406	242.97884187082406	201.3491298016204	140.57633792171748	140.57633792733128	224.999999989819	224.999999989819	255.0	80.14285714285717	152.31262327416172	203.3635959165672	233.62772201108544	255.0
10.009602003030068	149.8835495369156	247.48269280110972	72.63974949224553	230.93526827286144	81.29944197381829	76.76264897999997	190.4220780051712	176.96490458709405	131.27293574073894	105.10015075067088	42.5	81.90909090909093	255.0	51.00000000000003	51.00000000000003	208.03212741536032	211.88151867035631	211.88151867035631	179.95969744130247	156.6162205066553	24.983139843881673	255.0	232.60135135135135	255.0	255.0	80.14285714285714	255.0	255.0	253.9638641589516
180.56180101845456	4.129413388924178	243.8602798859969	152.27139137912008	76.76264890593558	76.76264894285057	178.69332280319566	176.96490469212708	127.6964558901968	148.370958225	76.05555890942463	182.96528831232527	191.97618225750776	191.97618225750776	161.08469612057647	142.19999045833157	114.58621542162948	135.713556027437	135.71355604164359	191.10175184121115	23.6610721425688	211.88151867840145	100.79704831357864	100.79704831331242	184.83221473408855	219.02932960587947	255.0	255.0	249.8257340654094	253.9638641589744
0.0	171.56943377968187	4.451939687876774	76.7626488525	76.76264889500001	76.76264888747806	76.76264886544314	162.41621793129679	125.91841632152062	127.69645617069611	30.409637072258334	160.45864641346697	148.70488322717625	191.97618225750773	255.0	255.0	255.0	193.69731043681546	255.0	23.661072201683794	122.79228147874582	255.0	215.6042086824834	255.0	233.38983050979317	233.38983050847457	220.90659340821176	221.47661153445694	249.82573406515883	255.0
172.2250082088957	210.84315739670626	73.93180782008079	58.84615384615387	58.84615384615384	109.80916580410508	162.41621793129679	162.41621769068163	162.41621763735515	76.76264897999997	142.66259230411725	160.45864634216343	173.42085184983836	148.7048832271762	119.23007636981214	148.70488322717623	58.20365071260679	171.38065963643248	255.0	255.0	43.83993883011169	72.01729106628241	80.58139534883719	215.60420864397923	189.0706693431536	228.4375	255.0	229.602615694165	192.744140625	250.40264423076923
224.0102766769382	131.56737573285386	127.52668908908406	58.84615384615387	151.46415863902166	48.26781203322804	162.41621773851327	162.41621771734492	162.41621769068163	162.41621738618068	142.66259236785078	173.4208524263763	173.42085211644937	173.42085221397585	119.23007643781165	137.42581855889387	137.42581855889387	170.4519021058809	88.18989519663623	88.18989523882513	255.0	73.89569008888142	73.89569008950104	199.48467082124998	179.12966812260447	102.11120249411857	148.8605619146722	155.390625	186.52294317075626	255.0
1.9794712009728812	77.98005129576214	5.079067937768031	48.26781180431158	48.26781189348836	48.26781185407657	48.26781186617356	162.4162167745957	162.41621764212152	162.41621738618068	93.49999991585	173.42085160590506	173.42085211644937	173.42085220531993	173.4208523297636	181.61046805359337	181.61046805359337	142.36148609909196	255.0	88.18989513843488	88.18989516645615	151.4575471896107	153.09293910736628	153.0929392461013	129.43627783471075	179.12966823342475	75.072	146.54064272211718	192.744140625	154.9090423904142
248.85524447058503	127.49966365355841	58.84615384615384	66.18999883058302	20.20053371559115	48.267811884079265	95.76573873528687	95.76573889796808	48.26781189710451	48.267811874670144	93.49999991585	159.5355041784846	130.08527787244424	130.08527788731965	135.956975578073	135.95697601055645	135.95697606147883	135.95697702829153	135.95697657022106	159.68089624169707	190.12850398722435	190.12850400188876	190.12850393371195	190.1285039784625	190.12850414528032	75.83030303030304	155.390625	103.96444444444444	103.86712749615972	170.3971756398941
172.2250082088957	0.0	42.40528844360006	255.0	99.2441381112439	99.24413810753455	20.200533413851048	20.200533561480455	20.200533615011125	20.20053371559115	20.2005336166215	255.0	106.25	203.3437324093161	119.0044434755807	119.004443464416	140.32595311868408	135.95697601055699	135.9569750867115	135.95697596467545	190.12850396093887	190.12850393019295	190.12850396031126	190.12850393019295	190.12850401350983	74.94396014943959	75.19230769230768	246.89831327377908	255.0	193.63292126930145
131.58423074922814	42.40528844360006	64.8714960935149	64.8714960935149	99.24413816324366	99.2441381210096	99.2441381210096	99.24413812002206	20.2005336270025	20.200533623542213	51.0	26.921066422896786	26.921066422896786	104.39024924644283	104.39024938843525	203.34373241213117	149.23860545455113	121.7636113370138	0.0	45.67164179104478	125.33898303985924	190.12850365241343	190.12850400188873	190.1285039736109	190.1285039064851	95.625	86.38211382113823	63.94120971572434	252.56883534422641	224.1627906976744
5.082621911933558	28.240369389527643	64.87149598649017	64.87149602638911	64.87149610115316	64.87149634758657	99.24413808041197	99.24413803654144	255.0	76.05555890942463	106.38650325144323	255.0	116.94767223545162	150.60975061156472	150.60975075355714	127.5	118.81977170875743	111.57027203278807	45.671641787636446	123.28512405495167	123.28512398011361	155.75586196345856	155.75586187997794	190.12850389884687	190.12850414528032	90.48387096774195	88.69565217391303	242.59395840764535	193.63292126930145	196.71428571428572
5.082621911933558	28.24036935081861	64.87149585471968	64.87149603968876	64.87149599811124	64.87149599811124	64.87149606980705	21.952083108352895	36.62369904954727	99.30685338757124	99.28372152137231	120.83974417564701	255.0	94.29640144225445	94.29640164063196	127.5	94.29640151808388	94.29640151808388	94.29640163820014	135.99555653558397	155.75586191958803	155.7558618931813	155.7558618789904	155.75586183675634	155.7558618887561	40.79999999999998	88.69565217391303	86.38211382113823	221.29466968959895	217.45649336466445
28.24036914114933	28.24036940028509	28.24036947036771	64.87149606980705	64.87149606628802	64.87149601277565	64.87149603906113	16.66102067406365	133.8394015784277	133.83940157447336	93.53244920801902	80.81217805051364	94.29640115460538	15.531761820498957	15.531761780523084	49.060556744052406	49.06055677907429	135.99555652441933	32.72253403439893	101.82718811450519	46.363636363636346	107.82097916359163	155.75586189246542	109.60201405904499	45.333333333333314	95.625	188.81000116941698	149.8825445207342	114.6702080085916	202.04972342166832
28.24036914114933	28.24036923126951	28.240369368012608	105.78974190853702	64.8714960215375	24.359754778152535	18.83797411202096	16.66102068351458	133.83940157006515	87.45453339598498	90.88935871319453	133.83940156019767	133.83940158146817	133.83940158679025	21.952083227088508	49.36553944837934	49.36553949586798	14.577563174913791	32.72253401423998	101.82718806039139	107.82097913247415	92.58378261381935	92.58378235787848	92.58378261381932	92.58378322540429	42.49999999999997	94.99424144864417	111.65642725413434	247.14199534873057	243.94000662821944
28.24036940028509	28.240369389527643	28.24036939066832	24.359754679743958	24.359754735244962	24.35975477382337	24.35975496198205	33.56970208642397	85.906964695721	97.43948926410053	90.88935871319453	90.88935871319453	133.83940156019767	133.83940157437797	14.348503228459691	14.348503234945241	14.348503242233022	14.577563176055321	14.348503357346999	112.33740763214925	92.58378236264491	92.58378230931834	92.58378228265514	92.58378226148673	92.58378206870324	42.5	94.99424143016324	163.61623992952286	143.73020601385855	221.29466968959895
28.24036923126951	28.24036935081861	28.24036947036771	48.26781203322804	24.359754713791176	24.359754765855882	24.359754637272772	18.837974119310132	81.68412387885297	33.56970208642397	33.569702110211495	33.569702086830546	33.56970208045868	33.56970208045868	33.56970212248794	90.88935871319453	14.34850319834186	14.348503234231941	14.348503253246975	112.33740769588275	92.58378236264488	92.58378230931837	92.58378228265514	92.5837822614867	92.58378206870324	94.99424142021834	94.99424141781807	159.6972326630985	63.11277912113363	160.89059696326697
18.523745751178723	28.24036940028509	28.24036939066832	0.0	48.26781180431158	48.267811874670144	91.612891569069	78.35617463650502	78.2025135301322	79.58494044174904	33.56970208683049	33.56970208683049	33.5697020737054	33.569702086830546	33.569702110211495	33.56970206134335	97.43948926410053	33.56970218322371	14.348503269779656	73.16612167296978	92.58378206870321	92.5837823578785	50.1790711629514	53.40479914863769	31.134109439487986	81.6277169596886	255.0	153.0	243.21473910243319	5.221344008502655
5.079067937768031	124.36046747174288	28.24036935081861	0.0	0.0	48.26781186617356	48.26781189710451	69.80267910841275	76.0606276712262	121.62061762722479	121.6206174419664	121.6206175749075	33.56970212551994	33.56970209195842	33.56970209749292	33.56970212846451	33.56970209195842	33.56970218322371	33.56970217088889	21.74724183471281	21.74724169761845	33.228069350313774	21.747241764286883	21.288639563990728	26.610799454988467	63.37223478954644	255.0	153.0	131.50491663080481	255.0
163.41933966788224	76.76264897999997	30.525158721837244	28.240369368012608	0.0	0.0	48.26781189348836	48.26781185407657	48.267811884079265	255.0	121.62061746273127	121.6206174435597	67.99232537421966	20.17157834065992	33.56970208683052	33.56970209749292	33.56970208045874	33.56970212248794	21.74724164339915	21.747241590712406	21.74724159071235	21.747241634106047	19.308782038136854	19.308782070000007	19.308782038136854	30.959623473118512	63.37223478954644	75.37577683548113	238.02349194212462	191.06716265344414
163.41933966788224	76.76264894285057	76.76264889500001	76.7626488525	30.52515865441356	0.0	0.0	50.757108948627604	50.75710895551612	73.74469860223763	73.74469869828366	73.74469874940462	121.62061746211461	67.99232540826742	154.51233966405448	154.5123396819742	20.17157833488983	21.747241503925153	21.747241543481636	21.74724156901567	21.747241560524202	22.085523134125282	19.308782070000007	19.308782038136826	30.959623416422374	30.959623405088962	140.10294706507483	37.144389090817896	170.6383879989466	0.06257321692598339
4.370351932515433	18.523745751178723	76.76264888747806	76.76264890593558	76.76264897999997	56.03365960445464	43.11848132159855	43.118481329643686	0.0	97.67085079911377	97.67085074511368	97.6708509180427	73.74469856610634	73.74469890276742	69.35028602576796	76.45171441389274	21.74724123520781	21.747241503925153	21.74724154774225	22.085523195034654	22.085523407519105	19.308782070000007	19.308781935777432	30.959623399757334	28.46916505130949	28.46916505365715	24.688473836648882	252.45923453335803	102.17266865012718	254.35616134467082
1.9795052663587	163.41933966788224	57.90674862821123	76.76264886544314	50.02542511970043	119.7995414406779	47.67511866527809	55.795106207488345	255.0	42.72670881297398	42.72670881367915	97.67085086039967	97.6708508108274	97.67085090909771	73.74469860223758	22.085523065042594	22.085523121163334	22.085523216615258	22.085523195034597	22.085523195034654	19.308782070000007	30.959623416422374	30.959623473118512	28.46916505130949	28.46916505365715	91.26468906267763	126.21471064764927	131.56843168952605	97.98522637120456	0.0649091480661923
127.49979976078154	241.30072872288787	23.028703123258282	20.222993288046553	96.27562641868838	98.36704937769758	98.36704941486354	98.3670494100846	98.36704940052667	42.72670875331508	42.72670881297398	42.72670893462222	42.726708890247494	42.726708914357545	42.726708928884335	42.29678286352478	42.29678287148644	42.29678287596863	30.95962360637742	30.95962343002705	30.959623388074306	30.959623399757334	30.959623405088962	30.959623339217927	255.0	98.64746572261731	142.28274438534584	15.5639372242822	237.54743128772924	0.06486761744932323
205.05365035157	127.51332617050055	255.0	0.0	255.0	13.45318169495377	98.3670494578742	98.36704939551308	98.36704939551305	98.36704944024785	98.36704941534211	98.36704943932216	0.0	42.29678284469975	42.29678287546727	42.29678284815745	24.655831024596864	24.65583106947588	24.65583106947591	24.65583106947588	24.655831049647475	13.81231093794824	13.812310936301486	13.812310942888473	0.0	98.6474658649355	98.647465852066	3.463841628890947	1.0366033052186765	15.5639372242822
10.11078317031945	10.612589258169209	12.323445877814322	18.538563500774387	255.0	36.933424087331275	29.86016440801083	36.933424087331275	96.27562641868838	98.36704939551308	98.36704939551305	98.36704941008458	98.36704940052667	42.296782719526306	42.29678284469975	24.655831007777067	24.655831043384836	24.655831045472382	44.67136638347648	13.812310912925682	13.812310912925625	13.812310837996478	226.96813904043208	191.9817856261043	98.64746534815697	98.64746583970657	98.64746584883258	0.0	0.06491053445884631	0.0
1.087203730317583	9.915167694773828	10.732282144737212	12.323445877814322	0.0	14.039459378276007	0.0	42.768578068619036	255.0	42.768578068619036	42.768578068619036	0.0	98.36704939551308	98.36704940052667	140.10294706507483	124.74424869271078	124.74424872896972	13.812310933007979	13.812310912925682	78.86220946341561	74.81396935542233	22.082431225247944	0.0	5.075213887639649	191.9817856261043	98.64746587678488	98.64746570876358	241.04807557252047	0.0	0.0
