254.93408136167486	254.98393802222222	254.98638355055994	254.70266219038018	253.79060072523043	252.47666670673078	252.29382653150034	253.22916666666666	252.45	182.46666666666667	242.96575057126063	255.0	219.0730572657202	250.46666666666667	254.9704298798074	102.0	204.0	245.589026336853	204.0	243.525	231.8181818181818	244.17118332586563	221.82928970081883	221.82928970081883	253.8707072215692	243.03637845974893	254.67920271508342	254.9546186680533	254.44228425995377	254.82799136985517
254.92981593685056	254.976763125	250.95983984214493	252.97619046	251.86420722802197	252.2938263267981	231.8181818181818	238.82447706175262	243.65087104070471	239.17913848549878	238.8127184711418	199.92	219.68347726884986	208.63636351782026	243.4090907707903	254.846757306333	255.0	244.69660869930377	245.96054888507717	239.0593364753858	249.266431126002	227.36546629648493	228.50616732747133	147.77843716185328	234.94462753040665	241.1459795469313	205.51189704651946	254.483625	254.95461866806187	254.98972268221576
254.26599063006577	163.2	245.43495613096917	254.745	228.73161711203332	238.82447704932048	244.17113741816604	244.17113644400985	226.97269863423045	248.359375	160.54149991285215	190.05100358273197	221.9314241285647	193.37019958277142	216.42782560730993	254.7165368020104	236.5066541756306	236.1962310528472	241.21621621939647	145.12030175661323	205.8342625820763	234.284332688588	252.70270272552045	204.0	231.4486823365981	239.39706631590366	254.19453392456805	254.66960315742145	254.93845368242222	254.87694461956212
35.233274368474355	244.8	229.62439512960856	76.50358691944547	95.62387748229804	200.3950103950104	237.165178609375	226.9726984783257	225.41207495124831	252.45	253.56103356103355	234.77741529007648	255.0	237.5562178828366	234.77741529007648	232.28279438261023	151.5506128388792	254.37641628743134	189.1833567689626	214.8084123282674	215.35731322982258	238.17220879141567	235.3884593990393	246.25714285714287	204.0	243.26183084500684	253.4859104304448	254.1945339246601	254.70024489795918	241.7467073454301
135.17607664808347	60.93388815708397	254.46724125347478	1.1719593036884817	205.11542287591539	166.15384615384613	233.6995682075821	249.23076923076923	209.46428592851055	231.271984374971	161.1967114879114	228.46153846153845	255.0	148.24655155519116	163.2	255.0	138.16998792674127	163.09020044543428	163.09020044543428	199.2413359863903	241.21621621679444	241.21621621621622	248.07692307723633	155.7692307621824	249.333333339	240.42857142857142	253.9731262327416	254.1945339243779	253.4318390178383	254.8740740742
223.86913964663844	98.83149893790596	97.98248585444898	131.74641359298465	152.90989786430129	66.65503619204475	255.0	209.4642856857224	198.54080075345263	219.14193391255694	185.4276273800369	233.75	215.43636363636364	229.5	119.0	221.0	187.8190122686318	138.16998786581644	138.16998786581644	235.37658163701337	205.5807678290305	255.0	244.42222222222222	103.37837837837836	238.000000017	238.000000017	255.0	229.92944924897589	254.56121810699588	237.57901324025318
188.16737023883206	217.29557649999936	3.466473530644862	71.54433203101127	255.0	255.0	200.5716615532833	198.54080068206966	217.72245775210968	214.41457134375003	255.0	157.9959261929672	168.47428374180186	168.47428374180186	253.26323062726473	199.1292382985762	209.36691490920117	210.44198609553962	210.44198607708972	185.87126385417034	198.03680283888315	138.16998792674127	221.23016518709017	221.2301651918944	208.79194631647786	223.18435753996948	112.19999999999999	200.68047337278108	213.90347735593218	237.57901324373472
182.40824423876583	73.55996675053586	107.89034418043747	255.0	255.0	255.0	255.0	186.35569912120795	217.0073973303156	217.72245755331443	220.1770338946926	154.67491379508095	252.8343949044586	168.47428374180186	142.9838058848719	140.96053311301793	57.477849332843505	98.7247931307542	200.906331234889	198.03680276625764	191.37195052884314	137.30769230769232	131.6750286606205	255.0	165.67796608294168	165.67796613050848	160.97069597530017	218.01128645254877	213.9034773568779	253.8666666678
115.85714270921412	252.24931947239426	0.011471694506411723	235.3846153846154	235.3846153846154	210.4419766758543	186.3556985428574	186.3556989354563	186.35569895799446	255.0	226.09971903177464	154.67491374174318	147.1605053325849	252.8343949044586	204.5337772912681	252.8343949044586	196.05765043625922	170.9697492704439	189.1592831213825	216.9868444120203	207.78317489918848	226.3400576368876	168.48837209302326	131.6750286551413	184.60212582268758	166.458333336875	229.5	112.87726358148893	218.97230360243057	219.81036324831732
101.1167449208819	24.373232986746928	7.280461188281976	117.69230769230771	181.5018928413857	255.0	186.35569892842443	186.3556989241872	186.35569893545627	186.35569870682005	226.09971904885117	147.16050506761098	147.16050485164573	147.16050458024938	204.53377721766975	194.6756897014549	194.6756897014549	167.60643499626045	204.36814329080465	204.3681433006991	64.17547328281799	191.7524735871206	191.75247358979752	123.99053298375	149.80151788733	206.30111125987415	197.9205688548387	185.82682291666669	227.99467774034105	175.03199999999998
155.12593709212985	44.01696806984137	91.34709127272149	255.0	255.0	255.0	255.0	186.3556985428574	186.35569883203266	186.35569870682002	187.00000011219998	147.16050437138017	147.160504434959	147.16050469133225	147.16050509523836	120.52619780804656	120.52619780804656	252.59397791290235	203.06414212049063	204.3681432646994	204.36814327604893	124.19591094177855	123.6003989174927	123.60039893617022	112.25258214865437	149.80151789481084	180.642	211.49574669187146	218.97230360243057	254.63855748044568
69.1657053487946	229.14466819154785	117.69230769230768	180.9221291001274	201.8661993465279	255.0	192.5410496399992	192.5410497346951	255.0	255.0	187.00000011219998	133.93581335833076	130.08527787244424	130.08527788731965	252.33596066200676	252.3359613505577	252.3359616288189	252.33596211222527	252.33596154953122	159.46257771579593	95.35610032110088	95.35610030660962	95.35610032110088	95.35610037911025	95.3561002551827	176.8	185.82682291666669	210.42834834834835	210.23137480798772	254.66960315742145
115.85714270921412	255.0	222.0369719422112	204.3177098185135	176.94563187660265	176.9456317613309	201.86619904478775	201.8661990415468	201.86619904478775	201.86619904478775	201.86619906885218	102.0	255.0	103.85875217038657	224.829555817934	224.82955577702637	141.60113410961148	252.33595946109116	252.3359619738	252.33596210464992	95.3561002810795	95.35610033232308	95.35610033444138	95.35610033232311	95.35610036112229	173.1967621419676	175.3125	254.46738706557304	254.745	28.22760429827298
3.5200393376532304	90.53745299102215	159.6438996388777	159.6438996388777	176.94563178924858	176.94563179855444	176.94563179855444	176.94563178202128	201.8661990415468	201.86619900696724	173.4	161.8871652522563	68.77433050451256	166.17460506842966	166.17460542787063	103.85875217502536	124.48180028891886	251.28353964462266	158.25766962624795	144.62686567164178	121.01694911957773	95.3561002551827	95.35610030660962	95.35610028759928	95.35610036112229	122.1875	201.78861788617886	236.24393021252874	12.738334299928738	224.1627906976744
228.54324199064013	203.68556874069378	159.64389963887774	159.64389971240075	159.6438997448173	159.6438997448173	176.9456318216314	176.9456318171662	83.89032042501145	255.0	106.50134554726051	174.36191973458108	73.0563693734967	88.82539457212937	88.82539493157032	57.9814844575059	117.73096983957964	249.84647696410713	144.6268656418189	95.62499994566767	95.62499999999997	78.0543681828338	78.05436821797872	95.3561002551827	95.3561002551827	134.3548387233871	149.67391304347825	254.92945110433652	28.22760429827298	196.71428571428572
228.54324199064013	203.68556874050307	159.64389974481733	159.64389966555862	159.64389969339035	159.64389969339038	159.64389966767692	116.52915694271161	144.71115653267736	99.03504563065331	99.68741561894606	119.43127222844916	94.76585502039936	249.02325497384456	249.02325487318586	57.98148452426187	249.02325501801135	249.02325496387414	249.02325484798652	30.17044422297363	78.0543681783686	78.05436820477536	78.05436820144556	78.05436821075142	78.05436812339735	117.29999999999998	149.67391304347825	201.78861788617886	153.21763052366597	39.02067476225284
203.68556895391401	203.6855687211468	203.6855687532368	159.6438996676769	159.64389967889912	159.64389967889915	159.64389971892052	116.84458252067702	109.1598323810955	109.15983236938231	92.27022052224171	93.18370675941995	249.02325493876074	117.82587330771815	117.8258732816281	109.56553872622592	109.56553869171043	30.170444182066035	115.92414137398299	51.028941908953215	125.18181818181816	81.81715278039343	78.05436823866913	82.41317755886368	124.66666666666669	122.1875	74.07787089987266	251.97146726584006	32.95346032313418	2.5558892186527657
64.64853741862933	203.68556872776935	203.68556877978776	135.4299062641652	159.64389962088978	113.58358117148879	113.51789797899431	116.84458253702499	109.15983237102955	92.1459615626039	85.7420946814324	109.15983234002115	109.15983235736942	109.15983239116144	116.52915704140736	101.37223291380158	101.37223287545484	148.79149030575675	115.92414135998354	51.02894189328879	81.81715261954054	68.64430129317995	68.64430116796731	68.64430129317998	68.6443014571426	116.87499999999997	76.86834869678364	0.0	11.971193122439132	243.94000662821944
64.64853778186273	64.64853780580447	203.68556870256197	113.58358112940113	113.58358108567359	113.58358110739746	113.58358106339014	120.99056655743357	85.51259124160805	93.41781133187663	85.7420946814324	105.8274397143222	109.15983234002115	109.159832378604	128.2762304458198	128.27623042496452	128.27623042388353	148.79149030598987	128.27623055514567	28.900280951148858	68.64430104200554	68.6443010645437	68.64430107581282	68.64430107157557	68.64430087879205	116.875	76.86834864864738	15.325116263508733	9.802860538164936	12.773044689726078
64.64853783384575	64.64853775452465	64.64853780176057	255.0	113.58358104276599	113.58358098542956	113.58358093136809	113.51789793478306	81.150352060616	120.99056655743357	120.99056656740714	120.99056657901022	120.99056655604522	120.99056655604522	120.99056658148129	105.8274397143222	128.276230412365	128.27623043126425	128.27623043126425	28.90028096822536	68.64430104200554	68.6443010645437	68.64430107581282	68.64430107157554	68.6443014571426	76.86834867378178	76.86834867179687	36.98518685323788	228.59952796685337	253.48411900311186
208.37615823282135	64.64853778186273	64.64853777026994	60.32020578963511	255.0	255.0	87.26549109216265	78.81537736228671	83.50677189632535	78.3075436622965	120.99056648220827	120.99056648220827	120.99056656633394	120.99056648220827	120.99056656740711	120.99056658395236	93.41781133187663	120.99056661159403	128.27623038001101	70.16039932991168	68.64430087879205	68.64430116796734	79.60183548990227	70.96960173896332	93.8550442615219	56.677832947593004	229.5	153.0	125.70335954028613	66.89255366426727
91.34709127272149	166.88213328978782	64.64853775452465	60.32020570667285	60.32020565800073	255.0	255.0	70.29523972057282	76.48407701338752	96.70603483788946	96.70603522804586	96.70603502037204	120.99056654127367	120.9905665353401	120.99056659732776	120.99056655743357	120.99056657738066	120.99056661159403	120.99056662988224	86.93859093897095	86.93859084019283	97.77911090411399	86.93859071591865	67.61403464488947	80.21934160463633	175.3195235894358	229.5	153.0	0.07753807025352444	41.412324077903634
250.24171802047954	255.0	115.83905608028601	64.64853785368791	60.32020569270654	60.320205677563365	255.0	255.0	255.0	57.477849405	96.70603489886605	96.70603488362187	121.06322163604821	122.3001741821877	120.99056657901016	120.99056659732776	120.99056655604525	120.99056658148129	86.93859077320138	86.93859080270587	86.93859080270585	86.93859084609949	64.21205308524074	64.212053115	64.2120531406133	42.969332303499726	175.3195235894358	157.03067741733878	232.61436182702968	55.3385417436981
205.89625858704557	255.0	255.0	255.0	115.83905611280153	60.320205621527464	60.320205678740166	80.96309279245355	80.9630927937663	244.3303147117596	244.3303146443592	244.33031457544865	96.7060348036376	121.0632216528848	126.61803622024345	126.61803626900874	122.30017416910604	86.9385907159186	86.93859077320138	86.93859078100908	86.9385907414148	71.2311129799076	64.212053115	64.21205312215577	42.96933224442253	42.969332256399696	0.0	35.6970093470091	3.463853196575741	123.0482494899079
250.53902394823513	208.37615823282135	255.0	255.0	255.0	56.816482535164994	116.8300120732587	116.83001213418356	60.32020572531772	76.42258615077773	76.42258605938304	76.4225861458475	244.33031465451847	244.33031436871713	69.32760256696517	78.59451060619077	86.93859093897098	86.9385907159186	86.93859069031657	71.2311129473419	71.23111289629688	64.212053115	64.21205300238256	42.96933224899985	58.890763854395715	58.89076378074205	146.042865903507	153.26775777410506	252.36886340653794	41.9561536498658
3.2646155108363075	250.24171802047954	254.46859158947257	255.0	49.87839268500514	57.85035053929602	53.64150063531457	58.8605790403106	174.36191973458108	143.7075768007525	143.70757707791398	76.42258605938301	76.42258607069917	76.42258613454737	244.3303146180565	71.23111281734987	71.23111293810226	71.23111292416718	71.23111290401121	71.2311129473419	64.21205286	42.96933224442253	42.969332303499726	58.890763854395715	58.89076378074205	91.26468906267763	126.21471064764927	249.5294680026299	103.50197740480448	52.52450566720296
12.427851364958315	10.653936202042502	55.579219437880795	109.5644364013875	7.641790887951288	32.921047629789086	32.921047629789	32.92104764057828	32.92104773648873	143.7075768638719	143.7075768007525	143.70757695697083	143.70757693409342	143.70757694928378	143.70757700076388	40.24618127717383	40.2461812847495	40.246181261677236	42.96933242961529	42.96933224529997	42.96933221488388	42.96933224899985	42.969332256399696	42.969332256399696	17.22864807885489	98.64746572261731	224.63676151796452	6.602773631655566	205.19024426952762	90.54961225739709
3.326464005404233	1.4496770298577815	35.642129522906544	255.0	204.3177098185135	17.88548184662571	32.9210476070177	32.92104762581937	32.92104764196034	32.92104761384607	32.921047670074614	32.92104766729619	96.88849597535727	40.24618129294612	40.246181216538105	40.246181254544325	42.10487033174451	42.10487035965431	42.104870378407384	42.10487035965431	42.10487037452356	45.933339574349844	45.93333956887352	45.933339408367516	3.5893330247928077	98.6474658649355	98.647465852066	252.72379312713443	78.47559024496061	255.0
10.104711210618262	9.702624556518117	12.39497165342641	26.397887170449962	24.94525248426322	35.642129522906544	29.350506963832743	35.642129522906544	129.19444777909052	32.92104767424229	32.92104764196034	32.92104764057828	32.92104766215681	40.246181277173804	40.24618116787059	42.104870406624116	42.10487036382878	42.10487036739377	29.926147134181036	45.93333954564716	45.93333957205385	45.93333948069687	13.10051519620339	140.59270130226656	98.64746534815697	98.64746583970657	98.64746584883258	204.47613946587467	157.2578626670794	0.0
1.0292413107362393	10.178322593745833	9.59241304790092	12.39497165342641	12.890096659914946	17.16727517453006	35.55882505688615	32.57536585338528	35.642129522906544	32.57536585338528	64.2375798748107	3.5893330247928077	32.92104764196034	32.92104766215684	0.0	34.729482861288915	34.72948291828928	45.93333955792093	45.933339585257244	11.72905114253129	10.924574946043151	2.74195162247031	2.9977007772002935	6.440942982407478	82.91372115739233	98.64746587678488	98.64746570876358	4.358817214262672	169.96711678584592	0.0
