254.93765290922755	254.8740740740741	254.99824529958636	115.34171691988286	248.8430583494812	84.4326127403846	69.15939573204693	187.8015350877193	252.45	141.66666666666669	204.22111905725166	255.0	251.67812604114314	182.46666666666667	227.842883949701	68.0	102.0	250.34487104620456	102.0	249.99107142857142	231.8181818181818	253.18569984207582	217.53524151923497	217.53524151923497	248.03897489789983	240.63965625127	253.44569600270992	254.95981002178596	254.07269909905546	254.94539198062535
254.95784518479545	254.99806734579994	251.91107242696356	249.33333333333334	214.83516483516485	69.15939549068895	231.8181818181818	66.58157068147489	82.27712569790842	198.02439324277236	169.58332296754688	249.8271975	226.93544952044806	197.04545428861053	208.63636351782026	218.07136625534343	255.0	249.4265423677559	251.13636363636363	247.1149663178073	238.76345548956937	227.81980462604525	232.54031828684114	228.69879601855678	234.96340242803663	241.18167394446797	242.9822134773618	254.90161033163264	254.95981002179263	254.9452938448581
254.64391217161833	117.86666666666667	218.81564246788002	254.745	229.62439512960856	66.58157062241881	48.8663762097662	48.86637622052598	50.94384920610966	152.734375	155.99571315405072	248.85308865997322	168.22379866708354	242.79895776168698	162.20511259348348	198.4746171231686	222.7808218285254	230.08500614502253	241.7867370719263	203.00786662462727	220.27755319915443	218.82978723404256	253.74692875937478	51.0	230.18212269404674	239.21736150878868	254.25729833312243	254.93711385701678	254.9318869979005	254.38379645221318
35.233274368474355	163.2	255.0	122.53985696592218	92.23260777198428	154.8024948024948	48.29545459374998	50.94384919307808	59.17526277883289	252.45	200.3950103950104	234.0203338339116	255.0	183.7677286742035	234.0203338339116	216.98684439241865	48.10122577192212	188.53501386253146	123.36671367587047	214.82322071474303	215.04279420142444	220.04652357683395	221.1472383253423	239.73469387538265	51.0	239.80770418519757	252.40109966498505	254.25729833338877	254.08615854512442	254.98652226499232
224.906599033669	55.37645212442686	70.88192446319621	163.05931148310287	233.8500747746817	120.0	35.49616518295065	166.15384615384613	36.353305845437376	51.74543403451534	70.81683764714225	145.3846153846154	255.0	232.48055655775227	236.033057925	255.0	21.339975959825807	157.3162583518931	157.31625835189308	214.64170638350615	241.78673706738104	241.78673706819401	231.2937062895342	217.30769230555168	250.363636359	229.5578231292517	253.63038221074592	254.25729833312857	250.4087415279129	254.9157024774
8.010386041839496	216.7947390989624	73.92849829119876	123.63472110700229	117.00209574929613	0.0	255.0	36.353305826434564	29.811384553529166	29.84047321336692	46.70006856319148	106.25	148.36363636363637	229.5	85.0	119.0	130.91877043775713	21.339975976497243	21.339975976497243	210.68878048083604	197.89339546548774	255.0	250.3827160493827	68.91891891891893	249.333333339	249.333333339	255.0	254.0714610832954	254.91639485850735	254.9253830758847
2.541554648672985	132.4467480261269	229.6149578737692	190.01904804098882	255.0	255.0	27.501543490854772	29.81138466508972	28.093220110428064	30.42977666249996	255.0	99.19703367812573	109.76354849844665	109.76354849844665	156.0035335689046	200.3274855968336	218.05662500165073	211.62631392459116	211.62631391338212	188.68745863391757	148.59065459841517	21.339975959825807	241.16799550315815	241.1679955025211	239.59731543882594	246.71152869229454	204.0	248.96449704142012	254.48595527997136	254.9253830757679
46.26359089814906	105.91028057304362	238.9873570026904	255.0	255.0	255.0	255.0	23.93948118991119	27.247532987693234	28.09322032945991	81.25765782058014	94.26155242571264	143.47133757961785	109.76354849844665	209.20427563694022	57.477849332843505	36.63104617439788	156.68352469390118	219.26099069763552	148.59065462571277	168.44328917594623	215.76923076923077	248.98028136236024	255.0	252.11864406970125	252.11864407067796	245.45177045471027	254.96647661153446	254.48595528016577	254.8740740742
7.667743678909801	2.541554648672985	207.19471650649922	117.69230769230771	117.69230769230768	19.787603656280197	23.939481768261714	23.939481244774697	23.939481320639402	255.0	174.77970998240977	94.26155239275619	88.84333065874108	143.47133757961782	223.99759757342812	143.47133757961788	185.174834949591	171.07626293584215	216.9868444120203	220.61580695853775	192.6088703489082	224.13544668587897	218.02325581395348	248.98028135682637	254.34070669343154	252.63888889125	229.5	205.2313883299799	254.99769422743054	254.79819563173078
102.14827437401266	154.3524977412328	47.19219631301658	78.46153846153842	15.057513873553944	255.0	23.93948118991119	23.939481206842316	23.939481244774697	23.939481320639374	174.77970997591177	88.84333069519323	88.84333036838981	88.84333040096462	223.99759753137414	188.31315430528966	188.31315430528966	204.40564111888943	205.64161902689048	205.64161903612367	140.96053315575247	221.6870702666443	221.68707026850316	248.27172319125	250.78492956800758	246.677371229654	254.7346514047867	254.88932291666666	254.99144036789633	244.8
138.33368217664946	83.02019966661837	10.066268225781045	255.0	255.0	255.0	255.0	23.93948061156064	23.939481189911135	23.939481320639374	249.33333338943334	88.8433302748665	88.84333036838981	88.8433302716056	88.84333027486662	129.02986455730138	129.02986455730138	137.0768510801788	220.68662931808348	205.64161899806177	205.64161900450858	245.03750085770815	246.90794257330333	246.9079424564797	145.85896252547252	250.78492947865664	246.738	254.87948960302458	254.98155381944446	254.90789740889429
11.513929838901703	38.340151148387804	78.46153846153848	246.19871874971045	57.89956527410712	255.0	18.79656515503433	18.79656558904844	255.0	255.0	249.33333338943334	79.95242003725832	130.08527787244424	130.08527788731965	130.6388947121979	130.63889461869218	130.63889471219778	130.63889616241642	130.6388949465245	156.4335416328008	243.72382351589962	243.7238235256353	243.72382351589962	243.72382355315207	243.72382368629184	245.10909090909092	254.55729166666666	252.5372972972973	252.97619047619048	254.93711385701678
13.235482101364369	255.0	90.53745299102215	204.3177098185135	15.897173509604755	15.897173521626513	57.89956527410712	57.89956531029941	57.8995653746872	57.899565424977226	57.8995655426331	185.45454538500002	255.0	99.03354367736819	236.68159249776258	236.68159246432043	141.48830812354578	130.6388933590478	130.63889431153382	130.63889435856845	243.7238235206323	243.72382344530703	243.72382354999695	243.72382356852376	243.72382361819166	232.1357409713574	245.19230769230768	83.95111350130034	254.745	202.47415330664612
216.86338313569078	57.70016904383286	11.276176488833073	11.276176488833073	15.897173424734973	15.89717345324155	15.89717345324155	15.897173465055914	57.89956531029941	57.89956534406261	102.0	68.77433050451256	46.793371970183046	158.46869681059115	158.468697126234	99.03354362524107	73.6099502785157	116.67018903735351	73.93899935464975	182.6865671641791	242.03389830398592	243.7238231934249	243.7238235256353	243.72382356704563	243.72382351116696	249.6875	200.40650406504062	232.6402808264269	238.61514576914144	224.1627906976744
2.543680077157944	64.64853780580447	11.27617638180837	11.276176432954372	11.276176560141664	11.276176806575108	15.8971734254458	15.897173510254703	173.37327398757546	255.0	110.3048134884028	174.36191973458108	117.15587039523913	96.53130287376604	96.53130318940882	114.80186341250487	118.97775376830148	106.74727673069134	182.68656715054578	240.51136335482306	240.51136363636363	239.10282648974533	239.10282653494409	243.72382343985836	243.7238236862918	246.7741935483871	249.45652173913044	254.94156236593068	180.4575378582192	196.71428571428572
2.543680077157944	64.64853775452465	11.276176313708191	11.27617645000305	11.276176474364632	11.27617647436469	11.276176554692938	104.2643297900974	77.30725391540136	99.25907980792468	99.61484381720192	110.84391896323805	160.7662888952217	89.65122852825368	89.65122825126218	114.80186349127518	89.6512281632078	89.65122816320783	89.65122795258392	18.31840753567957	239.10282657455417	239.10282654814745	239.10282654675845	239.102826575265	239.10282649039524	209.1	249.45652173913044	200.40650406504065	201.42729657638873	151.79729397220493
64.64853741862933	64.64853778186273	64.64853780176057	11.276176431476244	11.276176484100404	11.276176484100404	11.276176479367734	141.17999520859433	138.3391925723954	138.33919257358315	92.27022052224171	98.90897908646699	89.65122776138097	94.88208302459498	94.88208304285973	85.24012211985789	85.24012213122163	18.31840750223742	155.10161273220285	161.25244681798551	199.36363636363635	236.17981247921588	239.10282647837346	237.9543544769512	221.0	244.375	8.801281250289549	254.53927329993232	0.19622543077647947	0.4310782448866348
39.252264797433156	64.64853783384575	64.64853785368791	8.593866338104561	11.276176446847927	54.431305929031595	141.82530659889596	141.17999523563492	138.33919258194362	90.7272597884764	88.50219187467002	138.33919256616042	138.33919258814603	138.3391925980476	104.26432979729148	79.98720252634047	79.98720259710578	148.79149030575675	155.10161259966415	161.25244681132295	236.17981218054445	231.06051867936063	231.06051881008884	231.06051867936063	231.06051938843936	212.5	186.0892707540482	211.3165976914081	1.840526525064746	243.94000662821944
39.25226460687247	39.25226473762433	64.64853777026994	54.431305929990884	54.431305929031595	54.431305919446345	54.43130589835724	122.6928456540818	85.72483719601249	96.12488546591402	88.50219187467002	88.50219187467002	138.33919256616042	138.33919258081747	107.08037039080892	107.08037038611911	107.08037039927493	148.79149030598987	107.08037050377413	80.22029002408823	231.06051867936063	231.06051875522533	231.06051879315768	231.06051881008884	231.06051881008884	212.5	186.08927066430186	193.64036223074908	219.3889886891868	153.21763052366597
39.25226467723496	39.25226466749447	39.25226478431094	255.0	54.431305929031595	54.43130603027768	54.431306131485	141.82530657228193	81.25970130612887	122.6928456540818	122.69284564317539	122.69284566844306	122.69284564515496	122.69284564515496	122.69284562186692	87.43806789526002	107.08037035873556	107.08037038079587	107.0803703998109	80.2202900175902	231.06051867936063	231.06051875522533	231.06051866757048	231.06051881008884	231.0605182317383	186.08927062205782	186.08927064011823	0.09597580348238921	250.8733999131834	65.61589674400565
24.414367301296124	39.25226460687247	39.252264706433294	153.42420806433068	255.0	255.0	13.878289470026061	78.09112508037828	78.44694001699801	78.33748896434875	122.69284566844306	122.69284566844303	122.69284562136258	122.69284566844306	122.69284564317539	122.69284557529085	100.04719903843704	122.69284568680104	107.08037041620682	197.4990789195785	231.0605188100888	231.06051881008884	209.20064804177215	202.94834296920132	198.0109624612225	241.92695426100985	229.5	153.0	27.973925667386254	18.495736994169135
2.5419014334901533	9.870999779467041	39.25226466749447	153.42420815221234	153.42420812853015	255.0	255.0	68.90927597294134	76.07681635951204	52.24243409504939	52.24243442010655	52.24243405308076	122.69284561045617	122.69284563226898	122.6928456104562	122.6928456540818	122.69284563226901	122.69284568680104	122.6928456218669	124.38928548413125	124.38928555724101	174.2886395401884	124.38928566347872	146.81266251300656	176.2006664644053	173.63806231893307	229.5	153.0	225.7050748378948	205.89625858704557
102.33335621475788	255.0	226.8360521572184	39.25226470771992	153.42420811668904	153.42420810043296	255.0	255.0	255.0	121.83059316	52.24243404759693	52.24243399916509	122.58766665624515	115.91293287290446	122.692845668443	122.6928456104562	122.69284564515496	122.69284562186692	124.3892855328711	124.38928553329785	124.38928553329782	124.38928559838828	167.68221643090436	167.68221643	167.68221637553182	255.0	173.63806231893307	203.8514364761622	198.01506259943918	233.72544344170274
102.33335621475788	255.0	255.0	255.0	226.83605214543041	153.42420811848407	153.42420808116566	126.62194076856613	126.62194078719608	69.87873115546611	69.87873114858237	69.87873112887391	52.242434054781825	122.58766665894476	159.59826862149512	159.59826864483384	115.91293285688434	124.38928553329782	124.3892855328711	124.38928553329788	124.38928563035086	144.85801906230057	167.682216345	167.6822163939893	255.0	255.0	0.0	252.6643408627473	11.800674594227587	46.18446038375953
13.240151987078661	11.534791858763072	255.0	255.0	255.0	55.66401018048961	233.66002404017416	233.66002402350276	153.42420790073965	40.395722297190446	40.39572216100041	40.395722333929484	69.87873124616635	69.87873106974851	69.39552419705393	75.83777609035036	124.38928548413125	124.38928540311704	124.38928555724101	144.85801879422536	144.85801889226695	167.682216345	167.6822163929827	255.0	255.0	255.0	5.008382708920266	191.18860631583354	17.04541235092691	120.36651475652596
36.48921372689455	77.96092223893342	83.43486558325185	255.0	49.40132811027959	47.85236083778392	52.731803845979215	56.499506963627965	174.36191973458108	141.83245222517985	141.83245214188796	40.39572227628648	40.39572223125933	40.395722525719265	69.87873101491141	144.85801853424124	144.858018677966	144.85801874939966	144.85801875089464	144.8580187292293	167.6822166	209.34168090192964	209.3416809939929	255.0	255.0	91.26468906267763	126.21471064764927	233.8558861902395	81.09241109462351	252.14034881502488
29.23036278693374	0.09661713366702429	44.203375655243974	7.671745587621558	56.758671672870065	30.95615361094022	30.95615361094019	30.956153609436285	30.956153606428416	141.83245212852847	141.83245222517985	141.83245226283114	141.83245217354883	141.8324521955618	141.83245214773325	186.29526397432244	186.29526400938943	186.2952640129085	209.34168086947673	209.3416809085195	209.341680855898	209.34168091556654	209.34168092966064	209.34168092966064	155.65596279056598	98.64746572261731	250.2354600755819	255.0	159.68857753371162	197.82019118588562
4.149446357088721	24.683193758064817	35.642129522906544	255.0	204.3177098185135	119.35275915409471	30.956153624475633	30.956153605098905	30.956153605098905	30.956153609017804	30.956153601179977	30.956153684652577	20.502244851373945	186.2952639816396	186.2952640269229	186.29526399686898	193.19305354918112	193.1930536488722	193.19305366762526	193.19305367700176	193.19305361592598	127.50000004560282	127.5	127.5	3.5893330247928077	98.6474658649355	98.647465852066	246.25650865898155	215.89765930219062	110.61924454525348
9.852109141653074	10.060069786418524	12.071052683520719	19.60849146492606	26.020249408404396	35.642129522906544	29.4182065265085	35.642129522906544	7.641790887951288	30.95615358357759	30.956153605098905	30.956153609436285	30.956153606428416	186.29526383032396	186.29526391910184	193.19305360624918	193.1930536963958	193.19305366957252	207.0966925946253	127.49999996038993	127.49999998679664	127.49999999999997	157.14576639789462	255.0	98.64746534815697	98.64746583970657	98.64746584883258	36.358608376580094	36.531829362921684	0.0
1.1047880685863731	9.730291894704095	9.84356246491285	11.958811289170995	0.11412874305179344	17.450488300933273	1.5337403345773737	64.2375798748107	35.642129522906544	64.2375798748107	45.684891360443885	3.5893330247928077	30.956153605098905	30.956153606428416	0.0	3.6232819115759582	3.623282075841928	127.49999990879438	127.50000000000001	209.47602914807973	206.49721285902126	175.40053838697742	177.37667158316378	69.79096813259164	140.59270130226656	98.64746587678488	98.64746570876358	3.2278852619656675	28.47769650282342	0.0
