254.15651623318624	253.09556469925926	251.9489396668034	223.1392809139785	218.05835009688715	191.5564903846154	182.31849743583268	187.8015350877193	130.05	250.46666666666667	236.62727786881376	133.57142857142856	196.5281280533009	199.46666666666667	182.56359553625697	233.142857138	221.0	196.82995249185822	221.0	203.36249999999998	225.19480518818182	194.69171660402284	252.75272118059917	252.75272118059917	240.68107204258538	254.78902771415923	249.95679153594546	252.39561966909983	254.34741654531126	254.36219450785293
254.94003873182774	252.88253976576112	251.27992759910893	232.96296295666667	220.54334553296704	182.3184949203179	225.19480518818182	150.54871415823746	169.91837982942536	232.0944081167989	242.98051772237937	167.53500000000003	135.0485407002908	208.63636351782026	179.65909066212552	170.68718242975953	170.46448087431693	209.25660051430322	202.00257289879931	207.48638737134195	222.74978095789828	221.18571568544235	229.8077076470969	241.8782065771995	235.42785320073472	240.90832253501335	251.2232443635312	244.54340625	252.3956196693861	254.7511940579265
254.75187396193056	253.1265306128	239.32960894924378	167.53500000000003	0.0	150.54871423123524	145.6551243680295	145.6551244050695	124.31893177794475	152.734375	241.83536050068815	153.08319771715003	211.06975939358028	167.66642941237498	205.1982094330769	145.38415440459823	197.30603669167914	196.7083162638263	200.1387148885974	227.61931821629105	220.3204734886915	221.70696324951643	206.7567567707268	240.83333332200002	231.70044069913519	239.2136347216104	242.99756669566648	243.93743026528335	252.04029413636576	254.6118677220116
35.233274368474355	250.46666666666667	229.62439512960856	177.26883166615133	238.7095561240008	200.3950103950104	132.8125	124.31893168091395	131.65225557322282	130.05	47.78883278883279	73.91081076415858	84.99999999999997	128.12374100719427	73.91081076415858	180.03704625763962	189.73070362959643	136.0049448064545	213.47432148338766	214.82729349975853	203.81384419573823	231.05073838975963	226.04161665587873	229.70816326530613	240.83333332200002	242.28674362335667	241.3456649727385	242.9975666965415	252.49146272386506	254.88575268817203
78.91854206486019	245.96262976769586	91.59744013406927	7.376539125523777	186.1342372536123	166.15384615384613	115.188649190922	33.46153846153845	96.2689395610636	136.41756090042946	120.75327930309638	114.23076923076923	85.00000000000003	112.38117703488015	130.05	133.57142857142856	208.01406486404127	231.14699331848553	231.14699331848553	200.26990086881273	200.1387148718651	200.1387148738142	205.76923074453532	237.3626373469519	215.33333332200002	222.21428571428572	242.82584828032543	242.99756669233668	251.62651679441774	248.8296296256
205.03300382680916	221.10369075530986	230.65094587134058	133.59280209659573	194.04279479193588	122.76159683143223	39.49999979999998	96.26893937744578	82.40875987679848	99.53986345430246	17.57502080912542	106.25	96.43636363636364	76.5	221.0	136.0	174.67671042110555	208.01406488177895	208.01406488177895	183.19103589359332	203.3090999968854	238.35881402364961	207.4	241.21621621621622	229.5	229.5	240.94897959183675	240.49157942649066	246.11466666666666	254.4978832697765
51.618158923582286	49.13018145757994	191.2177024057633	0.7971802613694763	39.499999803047444	39.499999803047444	80.15377739292163	82.40875970196606	95.92806945088287	93.35971355625006	59.264070933906396	143.09065589833165	154.03866068346565	154.03866068346565	105.30758554462722	111.22353388841628	102.97990076224423	148.6688305347941	148.6688305402987	187.66457714560778	207.7039804965931	208.01406486404127	218.57843375505314	218.57843374908717	225.9060402305527	235.05586591850482	241.88571428790002	217.27810650887574	252.1381837793268	254.49788326991754
247.15004054724204	37.175712293243066	67.5150369392085	39.49999980000001	39.49999980000001	39.49999980304747	39.49999982020208	69.1764504524314	94.14520211986007	95.9280695204481	81.25765782058014	132.97872894457447	93.4819532908705	154.03866068346565	117.08907696281011	161.8871652437	180.3436444172616	190.77299001307398	140.24999997714127	207.7039804656844	175.6632612599187	156.92307692307693	229.15039208177072	228.2744044906418	241.55367229934023	241.55367231254237	243.65777079947733	251.59303044647186	252.13818377929704	252.45
11.564564116281815	44.960999582386876	6.522352253952931	19.61538461538464	19.615384615384613	78.10718855371019	69.17645103078189	69.17645054132805	69.17645051861516	39.49999979999998	94.55941996481957	132.97872890309546	131.92695539906038	93.4819532908705	126.41206542603697	93.48195329087045	140.86478523203454	171.15862035664793	174.3619196689565	154.42664362926922	174.69172914808797	164.61095100864554	199.88372093023256	229.15039207706909	240.64205688100705	244.375	235.166666661	246.27766599597587	254.85243055555554	253.77403846153845
30.278062680595127	222.22157742909658	238.94485986825643	117.69230769230771	50.23895597934904	36.55815588547094	69.1764504524314	69.17645042709725	69.17645054132805	69.17645051861516	94.55941995182351	131.92695610100023	131.92695580127906	131.9269559053746	126.41206540350325	144.62622959038305	144.62622959038305	170.32801980292862	143.11806660234467	143.11806660948005	197.1714356478017	188.28861311420428	188.28861311685216	228.59388542250002	238.64014270146643	223.74722185031465	250.01734304617585	253.22916666666666	254.3034995654518	254.325551020404
78.59798409248381	26.282255078685154	156.4922853919697	36.5581561143874	36.55815606810825	36.55815606335727	36.558156103447885	69.17644987408082	69.17645045243142	69.17645051861513	100.17857139851787	131.92695608005602	131.92695580127906	131.9269559353517	131.92695571812735	175.49646610104006	175.49646610104006	87.6784891609278	144.827408106867	143.11806655364666	143.11806659100256	222.47645310390635	226.69006246196656	226.690062419155	250.14862848215918	238.64014259877462	242.65800000000002	245.23865784499054	253.319091796875	241.66040988030977
76.85137704244332	53.44071253939396	117.69230769230768	72.04208811794732	57.89956527410712	36.55815606098176	69.0438444507447	69.04384478778346	36.55815609797804	36.55815625268963	100.17857139851787	119.54670066507455	116.45152685554959	116.45152683422569	81.98454309904866	81.98454432548044	81.98454406586103	81.98454599948636	81.9845452927901	159.98598986244087	210.29201992426513	210.2920199272379	210.2920199242651	210.29201996619472	210.29202007712487	224.1939393939394	246.03515625	243.34606606606607	243.11827956989248	243.93743026528335
5.146060310987281	8.190895078656808	13.619868011328208	3.603123976254068	54.911261124809386	54.911261242048965	57.89956527410712	57.89956531029941	57.8995653746872	57.899565424977226	57.8995655426331	76.5	84.99999999999997	180.34334595940481	95.05681470766797	95.05681469565934	141.03039395153465	81.98454180619115	81.98454389815114	81.9845440572866	210.29201983600458	210.29201985229443	210.29201995368533	210.29201997551115	210.29202001252565	195.10834371108342	222.30769230769232	180.55867481901163	167.53500000000003	241.85108326309248
56.42018500923618	90.53745299102215	44.707979987474346	44.707979987474346	54.91126113120325	54.91126115505844	54.91126115505844	54.911261147360364	57.89956531029941	57.89956534406261	61.19999999999999	80.80183696608975	161.8871652522563	111.34130082140612	111.34130122505414	180.34334597050847	110.77860015570332	71.66346968780022	183.08493475932033	140.82089552238807	194.49152544021115	210.29201958425796	210.2920199272379	210.2920199683954	210.29202001252565	233.75	44.91869918699186	80.35142244341691	112.53676750881988	224.1627906976744
156.60178767589392	8.731528031414541	44.707979987474346	44.70798003160459	44.70798016930863	44.70798041574204	54.91126118697045	54.91126120276883	59.775787741510754	59.264070933906396	106.54367183486721	41.65169310899307	118.51449517101187	143.6586987749459	143.65869917859385	155.45850484927706	118.36005565705301	64.86294198273873	140.8208955309089	209.06042127326114	209.0604212471591	200.08873879723117	200.08873885263966	210.2920198306914	210.29202007712485	219.35483869596774	205.1086956521739	0.1450497932679582	241.85108326309248	196.71428571428572
156.60178767589392	8.73152804552069	44.707979922875154	44.7079800463147	44.70798007276204	44.70798007276207	44.70798014770557	66.56211845017836	44.393698984648296	99.08634365926386	99.48054893237557	106.04001087315072	73.55644263290142	51.62331775776818	51.62331772083934	155.4585048475641	51.623317760815155	51.62331781495223	51.62331733933922	159.94318530434063	200.08873881302955	200.08873883943627	200.08873884494156	200.08873886879675	200.08873887519061	198.89999999999998	205.1086956521739	44.91869918699186	153.21763052366597	253.43539437097007
8.731527656174563	8.731527937604568	8.731528106632453	44.70798002448885	44.707980075734866	44.707980075734866	44.707980163995416	52.56575263924313	56.21564538332868	56.215645391875455	92.39935357896624	92.90404883512934	51.623317622608425	84.44297493363382	84.4429750004717	88.85776384179039	88.8577638891114	159.94318529233203	112.29139805968998	153.69333023214472	148.36363636363637	198.0722801306583	200.08873875795103	201.72414426504966	181.33333333333331	207.1875	182.95791188205266	9.750668698058377	238.7624028196867	236.2602461577913
64.64853741862933	8.731527857851972	8.731528219034516	29.918581215911615	44.707980033805285	29.838146387058515	53.57378761421609	52.56575261366049	56.21564536960847	87.38765265989238	110.20681453349508	56.21564533809075	56.215645387550865	56.21564543224929	66.56211853795043	86.12326733318233	86.12326731701111	111.99234502101214	112.29139800988003	153.69333015509437	198.0722805340737	185.82354948138487	185.82354954756858	185.82354948138487	185.82355012591916	170.0	94.99424144864415	9.582128616873518	37.511317646062224	243.94000662821944
64.64853778186273	64.64853780580447	8.731528023705607	29.838146305349795	29.83814630124337	29.8381462995695	29.838146288008886	64.23890602663175	85.96313273058135	87.09635447245753	110.20681453349508	84.50391060456437	56.21564533809075	56.21564537106414	87.87905635417005	87.8790563682455	87.87905636373497	111.99234501450661	87.87905647043215	160.4405800481765	185.82354948138487	185.82354945867195	185.82354957290278	185.82354954756863	185.82354954756863	170.0	94.99424143016324	193.96207421691804	183.4660465200572	248.62582479382831
64.64853783384575	64.64853775452465	64.64853780176057	36.55815588547094	29.83814625833577	29.8381462432736	29.838146253326983	53.57378758894728	80.79166306015205	64.23890602663175	64.2389059898866	64.23890600034676	64.23890598815365	64.23890598815365	64.23890602436163	110.20681453349508	87.8790563769829	87.87905636387683	87.8790563828918	160.4405800351804	185.82354948138487	185.82354945867198	185.82354944731554	185.82354954756863	185.8235489692181	94.99424142021832	94.99424141781805	228.07368721409523	79.0378971215952	240.00762098190356
184.25962860203032	64.64853778186273	64.64853777026994	42.117515218894965	36.5581561143874	36.55815625268963	66.40792581546009	78.43684653028632	79.58546795325844	78.26517738117451	64.23890590354478	64.23890590354478	64.23890597945706	64.23890590354478	64.2389059898866	64.23890604837649	87.09635447245753	64.23890605278618	87.87905638286483	130.78381339072064	185.82354954756863	185.82354954756863	159.66104615012318	144.5817610598382	149.17248015224837	195.34049766873676	76.5	153.0	167.76941642357286	236.30826007709987
38.67583053029398	9.870999779467041	64.64853775452465	42.11751521786624	42.11751521136512	36.558156103447885	36.55815609797804	69.09960914024688	76.62849598086808	83.90210511781692	83.90210506833921	83.90210486504802	64.23890596373215	64.23890599518191	64.23890596373218	64.23890598459124	64.23890599518197	64.23890605278618	64.23890597596068	83.72408563207216	83.72408568128094	119.50043326455611	83.72408566660349	135.39439815193208	127.50000000000003	31.557955461844642	76.49999999999997	153.0	228.45289159433304	254.68394187614024
36.059571905415794	39.49999979999998	33.65211215943998	64.64853785368791	42.1175152081145	42.11751520392548	36.55815606810825	36.55815606335727	36.55815606098176	41.65169311499997	83.90210468836082	83.90210467513504	48.32124323956276	67.46111906621485	64.2389060003467	64.23890596373218	64.2389059881537	64.23890597596065	83.724085664878	83.72408566660346	83.72408566660343	83.72408566660346	113.14286235587994	113.14286233000001	113.1428623005074	163.68336183631212	31.557955461844642	237.9406666739221	0.01004627097569255	125.83034209873216
3.287065818830939	39.499999803047444	39.49999980000001	39.49999980000001	33.652111983050645	42.117515196440706	42.117515198362725	36.96028487028153	36.96028489145314	39.28774851166932	39.287748663906086	39.287748652825485	83.90210463078267	48.32124318793234	66.77739618952742	66.77739625377976	67.46111909387375	83.72408566660343	83.72408566487803	83.72408566660349	83.72408573048983	90.1036193661275	113.142862245	113.14286231896489	163.68336180385927	163.68336179345025	167.58900253029617	147.41474700573283	202.44550790162458	49.622053705356535
0.1742231811974193	184.25962860203032	39.49999980304747	39.499999803047444	39.49999979999998	53.928229748899525	46.98593513595873	46.98593511822105	42.117515173986504	65.83731517623167	65.83731519893897	65.83731511247444	39.28774849242018	39.28774861958354	69.20403656226486	77.81100979044808	83.72408563207213	83.72408566660343	83.72408568128094	90.10361926623736	90.10361926036433	113.142862245	113.14286218352706	163.68336180917606	108.65767926963093	108.65767927332047	170.74463091007814	187.3388187177325	14.913242726836899	65.23581966964593
214.07690826244118	3.287065818830939	24.499739612153633	39.49999982020208	49.15574602675545	0.0	53.288289450198164	56.26935840682006	41.65169310899307	20.335004255650148	20.33500465221715	65.83731508365295	65.83731515037795	65.83731517823384	39.287748464817724	90.1036191362453	90.10361916358704	90.10361919584619	90.10361922290664	90.10361920124134	113.14286249999998	110.266552784563	110.26655280642512	108.65767926963093	108.65767927332047	91.26468906267763	126.21471064764927	254.17925193781576	106.27676359305596	212.84686148599678
83.4476788958448	10.125300775285268	13.008078275736892	51.092377864505664	7.641790887951288	76.37145166243158	76.37145169959751	76.37145168349852	76.37145165130053	20.33500441997552	20.335004534131997	20.33500465221715	20.335004619556855	20.335004642572642	20.335004662269228	89.9593036574984	89.95930367443171	89.95930368150411	110.26655274083873	110.2665527647797	110.26655277363196	110.2665527632958	110.26655276032798	110.26655282619905	40.333365616098604	98.64746572261731	164.99587325176753	125.19123819261998	9.569216900839564	141.95388350816143
65.68215086165247	111.03171835990932	64.2375798748107	8.190895078656808	3.603123976254068	29.20324528899195	76.37145169582476	76.37145168729973	76.37145167115878	76.37145168082705	76.37145172605435	76.37145174113013	130.44494914303397	89.95930365023523	89.9593036828984	89.95930365758926	110.69823946405023	110.6982395984661	110.69823957971309	110.69823957033657	110.69823957652082	80.93542037358463	80.93542042473905	80.93542058494401	149.46075717923594	98.6474658649355	98.647465852066	1.7792564286284573	12.939547648526712	255.0
10.071687961804031	7.213341350003816	11.857489668317953	22.198303829214524	26.126074883228313	0.0	30.051076553888095	0.0	197.41229054437125	76.37145168191944	76.37145167115878	76.37145168349852	76.37145172563245	89.95930365749842	89.95930365023523	110.69823957404341	110.69823954840317	110.69823955777576	135.4732883961227	80.93542043983635	80.9354204134296	80.93542030653987	157.14576639789462	140.59270130226656	98.64746534815697	98.64746583970657	98.64746584883258	23.714354613019935	233.349300469743	0.0
1.1064781538276236	10.040311035440567	7.197828529382065	12.716078713186306	32.31201641616241	19.182525853055324	65.2714193406417	64.2375798748107	64.2375798748107	39.19820460146647	64.2375798748107	149.46075717923594	76.37145167115875	76.37145172563245	167.58900253029617	118.01342377684318	118.01342370055343	80.93542034463655	80.93542040022623	114.69730055524312	109.92055667356439	67.58034993286009	71.15875471663213	15.549952033243898	0.0	98.64746587678488	98.64746570876358	183.92184089268295	65.47072005910468	0.0
