254.48731186886445	247.91666666666666	254.23940071838612	195.58602695072486	150.7168007943377	158.68584998497596	157.03184939941258	208.02631578947367	163.2	214.2	239.47240927976273	72.85714285714286	219.0730572657202	199.46666666666667	63.22364721767576	221.0	218.166666661	218.46363153376146	218.166666661	228.77142857142857	212.50000000772727	183.53842127308903	253.65127459306206	253.65127459306206	233.67146293250516	254.90190835266344	245.16408089724973	254.45803525320986	254.12805682207787	253.75039034918845
254.95515957426784	254.72251241983074	251.80834833833302	212.5	180.97527472527474	157.0318473892379	212.50000000772727	105.53388656143315	142.91884685022526	235.24238656689474	194.79992003446	199.92	208.3467577714148	191.24999989133522	185.45454549405991	57.368041476143304	100.56010928961751	174.73087616658492	216.65523156089193	236.82687846167906	208.35829756975198	227.1851937501589	232.07872977183453	246.29119592886536	234.53864701592195	240.9579877026339	253.08657236297122	252.30220408163265	254.45803525340006	254.87727144709265
253.77910213661895	250.46666666666667	205.13966481363752	199.92	228.2809592022531	105.53388648860374	121.15630576184958	121.15630463647912	83.37049203492268	175.3125	246.35659969268698	190.05100358273197	215.7588536303333	193.37019958277142	210.02077338291886	44.29459520686149	218.99204238735356	223.34698893895944	222.7313406205369	236.59277162193308	223.1236304468053	247.10831721470018	211.06418918622055	250.363636359	231.86706694876978	239.19363207370336	250.78604537106418	249.19682259488084	254.26503289550715	254.97753399027138
35.233274368474355	249.67962963013332	231.79632520868742	150.56656207587764	182.52806733235366	124.73566973566975	102.16346164062503	83.37049211144091	92.59175550501931	163.2	89.21591921591923	216.9111732518599	42.5	171.8065775950668	216.9111732518599	150.8966859274131	182.1935869699928	40.75800542607439	208.67905171792415	217.46475295802492	215.01051294701443	229.55877104159154	244.05740477319574	235.01632653061225	250.363636359	240.2740841452699	250.8679883893477	250.78604537139458	253.43393252811327	254.94628718738
57.69104879474838	216.94973656747777	23.325917956484375	87.65702481186065	18.916976192256612	93.46153846153848	84.0575479500279	64.61538461538461	61.52097912304794	116.17974324937842	102.59941309575248	79.61538461538461	42.50000000000006	148.24655155519116	163.2	72.85714285714286	237.23492403748526	236.5423162583519	236.5423162583519	200.1124433576044	222.73134061157623	222.7313406121353	222.1153846168726	227.66272188585236	229.5	235.57142857142856	249.63510848126234	250.7860453699183	254.49579028161023	252.45
223.63347619440302	254.69336609477617	245.9644877550142	254.51165916068464	99.0256257376445	81.29944197381829	56.57143124999999	61.52097909088923	51.33287731637054	79.99472249121291	219.6395254495283	127.49999999999997	136.3090909090909	102.0	153.0	136.0	180.193076815545	237.23492410550205	237.23492410550205	163.33432276713773	198.87692816966535	214.86375015928337	230.82222222222222	239.64987714831082	231.461538438	231.461538438	234.18367346938777	254.88393263541192	252.70758847736624	254.67892275990377
22.27008888159577	23.75048226355986	126.00338369208197	91.30080526054337	56.57143117793993	56.57143117793993	48.554350919051274	51.332877296292594	76.61787387123672	68.70192755625001	28.2766471634543	149.23289339448291	160.024162927166	160.024162927166	29.183046371527382	203.71969148356007	190.90585146671708	161.38201654173992	161.38201657225125	188.18787670506708	198.03680283888315	237.23492403748526	236.3522011914095	236.3522011907852	243.0201341446275	249.30167597061032	248.2000000017	253.49112426035504	253.048236452614	254.67892275987595
140.7865364928221	84.0241221440385	28.365932796068336	56.5714311225	56.57143116500001	56.571431122567446	56.57143120250862	41.95971650454689	74.95924586945344	76.61787370241768	100.05556928287305	79.03140341633468	24.72399150743101	160.024162927166	142.9838058848719	158.08508888692754	161.8871652437	206.45256866723057	173.2180599866988	198.03680276625764	209.74583222155835	235.3846153846154	235.7916784142308	190.5415427185756	245.2754237255171	245.27542372881356	250.5452240125498	254.09486851143035	253.04823645242763	252.8272189398
0.18722870963506466	10.064894911717829	31.825592873055683	39.230769230769226	39.2307692307692	60.1128413123908	41.959717082897356	41.95971658774789	41.95971665769599	56.57143124999999	44.13751927494502	79.03140335584413	138.16568622392438	24.723991507431037	87.76862703436186	24.72399150743098	174.5827716084119	171.67492256705117	177.52543845629248	174.3619196689565	183.61487035385596	218.9913544668588	222.90697674418604	235.79167837570506	249.06636024088382	248.359375	241.0909091025	252.80775562605635	254.71177842881946	254.32955228365384
77.81992079494776	121.17496585064697	183.6106229105255	58.84615384615387	27.969761547618162	16.60804412251656	41.95971650454686	41.95971655277387	41.95971658774792	41.95971640652152	44.137519271959206	138.16568540897373	138.1656857723814	138.16568579590194	87.76862704317233	114.86383783794321	114.86383783794321	170.5273235621097	171.84469603247902	171.84469604967822	213.35867438715493	213.6047291631729	213.604729164964	237.4843765275	246.71453865556433	240.46954076850983	253.93860561914673	252.23307291666666	254.93152294317076	254.818666666644
1.9243308919721187	211.25526722022497	58.620452993504955	16.608043893600097	16.60804395952053	16.608043924223153	16.60804396493586	41.95971592619634	41.95971650454686	41.959716406521494	43.15384620131539	138.1656859617285	138.1656857723814	138.16568589965783	138.1656859617284	198.6939948161635	198.6939948161635	22.642725936910324	176.4803634028823	171.84469598503006	171.84469599742047	236.69560226611438	239.71394088344505	239.71394088113516	2.5310406024257475	246.7145387952284	254.592	253.07183364839318	254.71177842881946	249.7162989839085
24.370211063214043	39.89454856053513	58.84615384615384	41.11541782366746	73.33433497254356	16.608043906574466	53.91618090536275	53.91618117913171	16.608043886145452	16.608044052462702	43.15384620131539	125.40679922496545	97.20254716696019	97.2025471906843	20.66659597180589	20.666596653498146	20.666596455212243	20.666598872243583	20.6665971584531	159.8259384072144	220.9175883457678	220.91758842525763	220.91758839928016	220.91758840404836	220.9175884142785	240.16363636363636	252.23307291666666	250.76888888888888	253.97177419354838	249.19682259488084
53.89776893832007	60.83709058427888	27.73548727941244	17.22864807885489	38.46202831339792	38.46202842919135	73.33433436906324	73.33433458545571	73.33433457022335	73.3343346708034	73.33433454776932	102.0	42.5	189.88942616924385	100.19589107667801	100.1958910795332	140.46069988452035	20.666596023675936	20.66659670454237	20.66659603057269	220.91758830656002	220.91758830753048	220.917588394512	220.9175884307472	220.9175883849756	220.44956413449563	248.87019230769232	134.40744558078	199.92	236.75811407004795
129.09775842385352	42.40528844360006	34.08241172204907	34.08241172204907	38.46202832422907	38.4620282892416	38.4620282892416	38.46202830144901	73.33433458545571	73.3343345728936	91.79999999999998	80.80183696608975	93.72383937307688	83.82808136545981	83.82808136828123	189.88942617787728	116.34400452811155	17.73584804069091	158.25766962624795	171.26865671641792	216.10169491195776	220.91758841427847	220.91758834311315	220.9175883921279	220.91758827795093	228.4375	173.4552845528455	218.3573133964644	249.76025176083706	224.1627906976744
38.70289315363749	18.110407652639083	34.08241161502437	34.0824116078721	34.08241158572153	34.08241158572153	38.46202830144901	38.46202821926673	83.89032042501145	28.2766471634543	106.23656279414325	57.47784929317484	117.36204342066932	171.1719186317188	171.1719186345402	132.5649808218056	118.71446540030584	15.901300621251693	171.26865670363668	228.6570246371267	228.65702476704544	216.53797178073327	216.537971698551	220.91758841427847	220.91758841427847	238.5483870967742	232.82608695652175	116.34363513729357	131.0287088604345	196.71428571428572
38.70289315363749	18.11040765795508	34.08241158572153	34.082411605488005	34.08241165688682	34.082411574742366	34.08241169246952	93.73104450423799	68.77725920590521	99.29109663760062	99.69394732646319	108.82852452536096	94.76585502039936	11.923911212169173	11.92391094322457	132.5649808768141	11.923910935188843	11.923910935188957	11.923910625554697	154.80410892046677	216.537971698551	216.53797172495774	216.5379717107584	216.53797167577096	216.5379716866021	244.8	232.82608695652175	173.45528455284554	221.29466968959895	233.62994741956135
18.110407485961844	18.11040761096976	18.110407716739473	34.0824115692528	34.08241160071984	34.0824116542322	34.08241169343998	69.06480177597476	80.06038239951243	80.06038241008588	92.62875247819355	96.12931267363032	11.923910529912746	105.98310163324601	105.98310166280817	151.6866088939907	151.6866089343893	154.80410892332202	142.74091078864356	191.85417983791928	180.8181818181818	221.40950525075823	216.53797157080865	224.1683534318727	209.66666666666666	228.4375	213.88458217633257	105.42915424989215	212.92620267623144	251.7822829137961
28.24036914114933	18.110407472613787	18.110407735977645	16.205722243244935	34.08241159595164	47.82869095136445	64.5893442943325	69.06480178645805	80.06038240503827	89.9731360729782	84.50391060456437	80.06038242494466	80.06038239714226	80.06038239398666	93.73104459962363	123.94740637060326	123.94740636306315	96.80631065942885	142.740910652036	191.8541798437283	221.40950545356347	213.04028359347848	213.04028349545314	213.0402835934785	213.04028407380366	223.125	255.0	234.5890954361921	247.35917932617053	243.94000662821944
28.24036940028509	28.240369389527643	18.110407677549915	47.82869081583456	47.82869090845685	47.828690905367495	47.8286910844333	86.23654537230723	85.83697344121444	92.39109415394947	84.50391060456437	81.95209442485177	80.06038242494466	80.06038240640973	96.83763632200638	96.83763632747545	96.83763633105855	96.80631070010111	96.83763634916295	210.8624807280408	213.04028334230404	213.04028341225205	213.04028344722616	213.04028349545314	213.04028349545314	223.125	255.0	116.35060729672719	166.41342646751653	237.2394010006285
28.24036923126951	28.24036935081861	28.24036947036771	16.60804412251656	47.82869088700306	47.828690798498	47.82869073244524	64.5893442954175	80.94133162769651	86.23654528822613	86.23654533737539	86.23654529594393	86.2365453279765	86.2365453279765	86.23654536000913	81.95209442485177	96.83763628639687	96.83763634801477	96.83763632899976	210.86248072505498	213.04028334230406	213.0402834122521	213.04028344722616	213.04028349545314	213.04028291710262	255.0	255.0	53.38700077415007	191.06993951649116	207.67567145375534
61.85100739304778	28.24036940028509	28.24036939066832	60.32020578963511	16.608043893600097	16.608044052462702	0.31953065748214726	76.26482766492978	78.6657825847341	77.10952134981741	86.2365452959439	86.2365452959439	86.23654530955221	86.23654529594393	86.23654533737542	86.23654542407434	255.0	86.23654539302171	96.83763634916295	155.40548312640993	213.0402834954531	213.04028349545314	190.22993524381513	172.6991038939973	182.77285353352815	225.83554158220244	102.0	153.0	211.78975878619477	254.51214986171945
58.620452993504955	0.0	28.24036935081861	60.32020570667285	60.32020565800073	16.60804396493586	16.608043886145452	69.24694052163738	75.91273795081108	89.02253545439481	89.02253553842965	89.02253550795743	86.23654528863386	86.23654530244352	86.23654531666091	86.2365453302667	86.23654534448411	86.23654539302171	86.23654536000913	111.98172627136361	111.98172603742839	153.00000002280788	111.98172607192404	204.0	191.25	143.11542706877333	101.99999999999997	153.0	253.74971302479727	224.41615954287295
20.20113026226909	56.57143124999999	18.002887527590246	28.240369368012608	60.32020569270654	60.320205677563365	16.60804395952053	16.608043924223153	16.608043906574466	57.477849405	89.02253534974022	89.02253537590389	127.04575636195328	85.63376728999637	86.23654529594387	86.23654531666091	86.23654532797653	86.23654531160815	111.9817260154893	111.98172598513682	111.98172598513676	111.98172600683361	149.18179627075352	149.18179626	149.18179627075352	148.98466615174988	143.11542706877333	254.99432655504046	211.80896112538977	223.14631390684923
36.059571905415794	56.57143117793993	56.57143116500001	56.5714311225	18.002887628685414	60.320205621527464	60.320205678740166	32.61062568370983	32.6106257359547	8.896791054235678	8.896791206863242	8.89679127627383	89.02253542036016	127.04575628664716	93.72812316148872	93.72812316090278	85.6337673079083	111.98172594174318	111.98172591557184	111.98172594174324	111.98172580349319	122.19346575184767	149.18179626	149.1817962707535	148.98466612221125	148.98466612819985	217.7433253138805	198.15978655733085	174.64820661604028	109.67613664669517
2.4369717027945796	0.0	56.571431122567446	56.57143117793993	56.57143124999999	56.23086204060024	17.765075962514743	17.765075894497954	60.32020572531772	70.04685946001214	70.04685945471616	70.0468596276452	8.896791237282855	8.896791484505371	69.51856038417523	76.08107075099139	111.98172567185867	111.98172581156234	111.98172588755213	122.19346553533109	122.1934656084176	149.18179626	149.18179611405213	148.98466612449994	162.66827563836955	162.66827565462836	6.2759917347307805	123.89318618426555	0.04973506438486197	32.85060331678707
118.63591777173855	20.20113026226909	49.80598125474677	56.57143120250862	49.33964808757818	45.57848135606994	54.09227130684798	55.762242618380895	57.47784929317484	110.10129846644068	110.10129835631116	70.04685951235913	70.04685953264158	70.04685959742866	8.896791007384053	122.193465405339	122.19346538081493	122.1934654566825	122.19346549200034	122.19346547033504	149.18179626	148.98466612221125	148.98466615174988	162.66827563836955	162.66827565462836	91.26468906267763	126.21471064764927	44.59839020457173	40.550739384584745	0.15695592518306967
254.30603946397932	2.1060985918204835	30.352409228515853	25.837084124902674	96.27562641868838	84.61221844402513	84.61221844402513	84.61221846469172	84.61221843169298	110.10129824727318	110.10129818795889	110.10129835631116	110.10129833353346	110.10129836456315	110.10129840632075	117.59052809264335	117.59052801877883	117.59052802581698	148.98466621480765	148.98466612264997	148.98466610744194	148.98466612449994	148.98466612819985	148.98466612819985	204.3177098185135	98.64746572261731	143.75359686954286	12.704527671893743	238.0235841164582	224.36897082225653
13.136440653240555	20.562581758967355	45.684891360443885	60.83709058427888	17.22864807885489	64.81452555856546	84.6122184810215	84.61221845586462	84.61221845586459	84.61221846657617	84.61221844515308	84.61221852409724	96.88849597535727	117.59052802581698	117.59052798184655	117.590527993738	154.19721211707724	154.1972122618335	154.19721226183356	154.1972122618335	154.1972122737433	145.1774777375935	145.17747768988312	145.1774778807246	114.8177353377092	98.6474658649355	98.647465852066	34.24865785969004	248.926218492445	15.5639372242822
7.97334000451653	9.452674500704632	12.272460795411604	18.962938508112416	26.05630261054546	20.548416842969345	30.26424675468175	20.548416842969345	143.7916034413019	84.61221844510399	84.61221845586459	84.6122184646917	84.6122185060249	117.59052794864488	117.59052796327919	154.1972122278139	154.1972122345768	154.1972122476323	175.83037275341667	145.17747770527933	145.17747767887255	145.17747759194077	130.04808610065737	191.9817856261043	98.64746534815697	98.64746583970657	98.64746584883258	220.1421038098811	254.99581370014812	0.0
0.679080462114598	9.951658417518217	9.375761873953536	15.208100885775195	12.890096659914946	22.831236547079044	35.55882505688615	255.0	45.684891360443885	40.76568839783258	42.768578068619036	114.8177353377092	84.61221845586462	84.6122185060249	217.7433253138805	159.0215893016047	159.02158923940198	145.17747759446235	145.17747770527933	139.2758370320375	134.4296314774864	101.49405823803457	128.49044757825666	118.7704985635138	69.25617754596345	98.64746587678488	98.64746570876358	81.35723497006575	242.0094218182078	255.0
