254.9667931753946	253.9720332585185	236.74329113856055	251.97099493867609	234.55015806735918	242.06485477764423	235.1120357091102	208.02631578947367	0.0	250.46666666666667	156.98173497340736	104.73214285714286	102.06373854990352	244.8	158.9463624526914	241.4	232.9	149.23139676220708	232.9	127.5	231.8181818181818	253.24045546516945	213.5159239457284	213.5159239457284	246.3030160572026	238.2678209383674	252.87934384151663	237.1016924210015	225.67272596839527	251.7614344743668
254.99881590367033	223.125	254.61367980604757	238.80952379333334	239.52119311263735	235.1120347353667	231.8181818181818	227.11805921269462	222.6305350752266	150.76713868825942	230.12859355376068	63.41472574500003	186.2306637621419	214.43181791509556	185.45454549405991	147.41717404101138	138.99590163934425	201.09424461310397	153.08747855917667	199.35508813864556	235.42903141856354	227.60049739524985	249.7566729119117	233.64396373422235	234.55830031859307	241.15536943424357	246.09869954422834	191.25	237.10169242147074	254.9524198250729
254.69274778028873	254.27466666666666	248.6097366285412	0.0	228.2809592022531	227.11805916869335	209.95220859304186	209.9522072770678	210.03960347756208	175.3125	95.7536383113221	48.14432335417956	120.32108525704894	77.24087030260495	115.34647470184598	122.48700036351568	149.59235153162223	160.87668988119623	150.1610882694585	210.82972854438773	218.51609635926172	220.47388781431334	193.83445947255638	247.35	230.84377017949888	240.96905845864222	211.61129662837791	214.20006994287996	247.30089526795607	254.37847194436327
35.233274368474355	253.08466666666666	232.0556224250264	118.05665671408778	239.58002271523995	216.82952182952184	204.91071417187501	210.0396035542928	209.26295607063753	0.0	89.21591921591923	248.2156111370031	63.75	158.5874614594039	248.2156111370031	190.74603958071503	230.2948127419149	114.04953534981487	239.28204807783607	215.06906700356683	214.96137408826456	245.59151460242862	221.04879756352872	240.42857142857142	247.35	168.65275202012646	219.82337454283015	211.61129663144766	254.16734693877552	253.64959294886714
250.1203410000778	41.831313405145835	242.34324337243697	252.3444619507694	188.52387983232825	185.76923076923077	195.63215768491747	64.61538461538461	186.61363661992718	191.5784727264118	215.54694977969075	139.6153846153846	63.75000000000003	32.104921223160176	44.256198345	104.73214285714286	227.0993289100996	152.20489977728286	152.20489977728283	200.45870938448508	150.16108823553435	150.16108824055843	203.36538460618254	238.3136094699858	191.25	230.71428571428572	240.02475756081526	211.61129661624724	250.38232731777148	239.0625
96.7167791715249	206.59772102087953	25.6923015057196	33.66337188100641	170.65376909365057	32.20480396558591	0.0	186.61363638908367	172.76911985065448	163.6145346944804	25.6495363223556	127.49999999999997	123.63636363636363	0.0	221.0	204.0	89.48744732970164	227.0993289289333	227.0993289289333	204.2639848696964	109.55443474332554	255.0	137.46913580246917	244.66216216216216	215.769230781	215.769230781	255.0	240.49157942649066	200.82939592541788	252.65080591447514
195.50341631026174	1.149856153303915	46.709771092673805	253.08600392670877	0.0	0.0	174.38733910931785	172.76911987765195	160.53268754929823	166.358352225	43.382286616298956	63.67313480854489	72.00207110804277	72.00207110804283	86.4344264139902	225.6694903052787	240.41095705764448	224.0495269157559	224.04952689493302	188.81638702306083	224.09482357982452	227.0993289100996	161.0847363071377	161.08473630738575	196.81208046110535	209.68051675684805	237.15	217.27810650887574	245.26020529959416	252.6508059138002
244.49311331639956	233.77621915023025	224.5472268144725	0.0	0.0	0.0	0.0	157.89042957386846	158.99134888093988	160.53268747651435	100.05556928287305	171.41610425351095	75.79617834394907	72.00207110804277	44.7727827085229	179.93003263872026	196.11027253949882	166.52372577991568	74.6877708083619	224.09482358091216	168.30355749713084	156.92307692307693	196.29407294368127	255.0	220.4237288104826	220.4237288135593	229.20540997948135	214.31502247278797	245.26020529963813	248.9644970448
247.81205166814567	254.0083575760301	225.30629442557432	39.230769230769226	39.2307692307692	144.94208020326323	157.89042957386846	157.89042957471514	157.8904296903242	0.0	122.45272380374797	171.41610414835435	55.76003577057543	75.79617834394904	115.51789446910743	75.79617834394907	106.01593919354593	171.76863854305356	154.980771092184	127.49999994298027	194.0433409121232	90.021613832853	158.72093023255815	196.29407288624577	179.98707267670835	219.140625	229.5	238.5814889336016	230.44813368055554	247.5867638221154
143.39732333320867	253.98538935167488	246.1323421698622	137.30769230769232	145.84702799111096	26.08351197377587	157.8904295738685	157.89042964249785	157.89042957471509	157.8904296903242	122.45272381926611	55.76003525994048	55.76003558834458	55.76003555784851	115.51789453927935	185.9212457918997	185.9212457918997	170.5153503956643	95.84102056389062	95.8410205802268	187.53334158309158	126.0674157303371	126.06741571001231	185.40730829249998	183.79209011422802	147.83298586538643	184.21089143990633	201.43229166666666	217.7025126934309	253.7505
187.81289697077244	251.2291672666491	46.58380794625981	26.08351197377587	26.083511995047928	26.083512024797272	26.08351204227617	157.89042957386846	157.89042957386846	157.8904291879753	64.73076930197303	55.760034392919096	55.76003558834458	55.76003580539168	55.76003547870664	132.0893964546683	132.0893964546683	70.64417990659666	81.8804737593542	95.84102048162035	95.84102051701078	156.051837662771	158.06389398602758	158.06389400991299	245.37204362976806	183.79209012340635	191.25	167.14792060491493	209.615478515625	211.03297087640922
198.63010337380535	226.96275541986972	137.30769230769232	43.818992783921004	73.33433497254356	26.083512039671888	126.4953646099213	126.49536449138114	26.083512076526347	26.083512183713026	64.73076930197303	50.12708871582757	130.08527787244424	130.08527788731965	65.63327548305307	65.63327665469316	65.63327644986526	65.63327693327159	65.63327734475251	159.62685163767992	164.31820977795263	164.31820977432204	164.31820983146497	164.3182098084766	164.31820982725475	131.36363636363637	174.31640625	167.7027027027027	167.54572292626727	214.20006994287996
72.12404666798463	28.743041690255836	27.73548727941244	23.03024490733773	116.9216158616251	116.92161598825919	73.33433436906324	73.33433458545571	73.33433457022335	73.3343346708034	73.33433454776932	23.181818204999985	63.75	94.87966093327032	81.87748357444059	81.87748354385366	142.38540940634562	65.63327602487095	65.63327555715583	65.6332763947951	164.3182096554752	164.3182097478557	164.31820978310355	164.31820974785575	164.3182097934054	113.813200498132	130.25841346153845	169.7055433040283	0.0	30.994925776126195
249.13915882980672	108.33134455917761	90.68179020659457	90.68179020659457	116.92161585523434	116.92161581089266	116.92161581089266	116.92161582530136	73.33433458545571	73.3343345728936	81.6	140.9605332114484	161.8871652522563	155.63455569132933	155.6345560410054	94.87966084685726	45.97931430570128	57.0438377592682	233.60985922196082	83.73134328358208	116.6949152641267	164.31820958082125	164.31820977432204	164.31820975892288	164.3182097934054	138.125	231.5040650406504	33.06844743241001	149.65066852677987	224.1627906976744
46.616404015460404	18.110407652639083	90.6817902065946	90.68179024107712	90.68179017274528	90.68179041917872	116.92161582530136	116.92161572220945	15.91737368104259	43.382286616298956	106.32557154617118	0.0	117.3993481627879	99.36544395899463	99.3654443086707	158.22219646123222	117.97997945289268	51.48241999412875	83.73134329636332	128.22443174532702	128.2244318181818	138.07838427779058	138.0783841746986	164.31820982725472	164.31820958082125	120.6451612766129	105.32608695652172	213.81883544611128	30.994925776126195	196.71428571428572
46.616404015460404	18.11040765795508	90.68179017274531	90.68179021689645	90.68179022567793	90.68179022567799	90.68179025214428	45.04527271469752	60.45797929505159	100.82234497045502	99.54453435901368	118.33227766145009	24.35401818107715	40.29733614766556	40.29733600415972	158.22219650019574	40.29733606623495	40.297336012097816	40.297335630331844	173.12251645614631	138.0783841746986	138.0783842011054	138.0783841891073	138.07838414476566	138.07838413837487	127.5	105.32608695652172	231.5040650406504	126.79730458680291	43.73372011718095
18.110407485961844	18.11040761096976	18.110407716739473	90.68179025214428	90.68179016853497	90.68179022204737	90.68179034452484	31.316948170238817	24.399086120544155	24.39908613421497	92.27022052224171	89.11894636091873	40.29733575546135	96.79713429847834	96.79713429898763	87.27049371430343	87.2704937069382	173.1225164255594	62.34728373568288	115.41532733687828	74.18181818181819	112.59926995809059	138.0783840117408	114.59823894404741	85.0	111.56249999999997	211.18100721607897	15.16734810621071	152.2028164344356	247.4773997358547
79.55480077005168	18.110407472613787	18.110407735977645	100.75116218075647	90.68179019152339	41.54828580543574	31.290012852390646	31.31694816228486	24.39908610462797	90.99103382795874	95.3692454012803	24.399086147045807	24.399086110397462	24.39908617166077	45.045272708405236	79.87298933109534	79.8729892848348	148.79149030575675	62.34728374830391	115.41532729438157	112.59927005789771	97.10957030967583	97.10957042613151	97.10957081202471	97.10957042613151	79.6875	94.99424144864417	89.26081183715948	57.06082699734449	243.94000662821944
79.55480067913831	79.55480064883383	18.110407677549915	41.54828566788416	41.54828571962054	41.54828575863374	41.54828594013287	37.22770820486372	85.87644409397657	85.2687776917058	95.3692454012803	74.51128293182353	24.399086147045807	24.39908612261354	108.8495270252844	108.84952702949982	108.84952703364911	148.79149030598987	108.8495271379459	132.54727618073386	97.10957056085027	97.10957042528489	97.10957035750221	97.10957042613151	97.10957042613151	79.6875	94.99424143016324	230.22160617221917	136.07166080327642	237.2394010006285
79.55480050350016	79.55480067359403	79.55480071713092	26.08351197377587	41.54828567671291	41.54828565573956	41.54828589183987	31.290012871199593	83.63650028694963	37.22770820486372	37.22770818691225	37.22770817491647	37.22770816785038	37.22770816785038	37.22770820918524	95.3692454012803	108.84952701496886	108.84952703676532	108.84952703676532	132.547276196252	97.10957030967586	97.10957042528486	97.10957035750221	97.10957042613151	97.10957042613151	94.99424142021834	94.99424141781807	110.3963597807869	115.71543855741737	44.7848264645871
43.773118886396276	79.55480067913831	79.55480064592066	11.254583482600395	26.08351197377587	26.083512183713026	98.6617810187243	78.26124163085242	78.70316814545927	78.47381797927179	37.22770807811452	37.22770807811452	37.22770815100921	37.22770807811452	37.227708186912224	37.22770824345395	85.2687776917058	37.22770825871825	108.84952705037855	67.20277789952999	97.10957042613151	97.10957042613151	69.90412254408864	63.74999997942476	60.914572365789496	86.63375396564561	0.0	153.0	45.704780416070946	203.02990982866825
166.71052749004866	0.0	79.55480067359403	11.254583547555171	11.254583506456726	26.08351204227617	26.083512076526347	69.44899082174706	77.52084971180753	31.201641470869703	31.201641620782624	31.201641610102314	37.22770818911175	37.22770816896076	37.22770813305772	37.22770820486372	37.22770816896076	37.22770825871825	37.22770825758619	43.13635140998946	43.13635143534273	54.66163523987461	43.1363513426046	74.68777082813153	52.06461653457404	215.31300096801772	0.0	153.0	245.3944589925148	239.08100158428996
249.3061437834513	0.0	19.290117554413655	79.55480058822485	11.254583544949355	11.254583478600239	26.083511995047928	26.083512024797272	26.083512039671888	11.86703980499999	31.201641410150245	31.201641485625004	162.71074964914527	62.86864367829793	37.227708174916444	37.22770813305772	37.22770816785038	37.22770820918524	43.13635132697419	43.1363513426046	43.13635134260454	43.13635134260463	39.499999803047444	39.49999980000001	39.499999803047444	51.3898482463882	215.31300096801772	226.1391394626711	29.12810099772966	46.38619201331986
226.4556596088265	0.0	0.0	0.0	19.290117483402668	11.254583476600203	11.254583542343482	127.40226708746545	127.4022671154736	30.481172923490163	30.481172986046687	30.481173049369602	31.20164144333728	162.7107496091396	30.816446113971978	30.816446103618915	62.868643698925354	43.13635134260454	43.13635132697419	43.13635134260463	43.13635116094375	37.39638063387241	39.49999980000001	39.499999803047444	51.389848185641455	51.389848143018554	193.81768016709603	31.37721792171294	204.25974586855105	176.05977977005875
35.31901707559422	43.773118886396276	0.0	0.0	0.0	55.77847476452607	27.900671089900413	27.90067107106671	11.254583742497886	23.933782327054928	23.93378239189269	23.933782478357244	30.481173033493263	30.481173023579004	69.78235378878873	78.36744946785251	43.1363514099894	43.13635134260454	43.13635128546656	37.39638086375464	37.396380889294505	39.49999980000001	39.49999959871187	51.38984815612562	35.48651887114477	35.486518833300835	101.58910129873908	59.8534124052554	19.42305919856591	252.58687056104378
27.499758616531295	226.4556596088265	22.423359117279034	0.0	50.06993904360186	41.90989276213972	55.977504045458176	58.124602659205294	0.0	193.21915299249687	193.2191530750649	23.933782449535727	23.93378251792879	23.93378243930212	30.481172829787	37.396380733762584	37.39638076158346	37.396380804153864	37.396380820423985	37.396380798758656	39.49999980000001	37.89982917684452	37.899829133800864	35.48651887114477	35.486518833300835	91.26468906267763	126.21471064764927	219.1606759838292	6.2757025279774155	111.44642344038925
178.18826792895283	0.3505585876224586	18.655290620337496	53.92589898023189	0.0	29.3112461434834	29.311246143483373	29.311246129670707	29.311246176377267	193.21915308607745	193.21915299249687	193.21915319600802	193.21915310781418	193.21915310436677	193.21915316547282	38.26068932404951	38.26068923525247	38.26068925794027	37.899829262931746	37.89982916363729	37.899829122529496	37.89982914494368	37.89982910755646	37.89982910755646	40.333365616098604	98.64746572261731	124.38721045448918	12.704527671893743	254.45416890969437	216.12726032184835
187.76081712447	255.0	50.852469013865004	28.743041690255836	23.03024490733773	22.90011514635688	29.31124604480175	29.311246132676274	29.311246132676274	29.311246136386927	29.311246128965593	29.311246148013083	213.8620198734345	38.26068922667139	38.26068919085395	38.26068922979917	36.04966547970352	36.04966531398762	36.049665313987646	36.04966531398762	36.0496652572476	28.2558618823592	28.2558618789904	28.255861892465447	255.0	98.6474658649355	98.647465852066	167.01015236104664	254.72134890509506	234.4736838672404
10.120243748547608	9.745510779406658	12.454868135992342	24.336367425052657	30.913829147673482	50.852469013865004	29.893410434166384	50.852469013865004	143.7916034413019	29.31124615419759	29.311246132676274	29.311246154448014	29.311246176377267	38.260689036052554	38.26068916413365	36.049665249775046	36.049665312861606	36.04966529432363	47.77370072401774	28.25586187997797	28.255861879977914	28.255861730315672	130.04808610065737	57.682052275129564	98.64746534815697	98.64746583970657	98.64746584883258	47.7299543841587	89.18892530478666	0.0
1.0665334662435555	10.046817349714644	10.31830213970997	11.943636682270494	149.33299984097806	19.120263096418654	178.89812827731959	255.0	50.852469013865004	40.76568839783258	255.0	255.0	29.311246132676274	29.311246176377267	193.81768016709603	154.80126439575338	154.80126446775665	28.255861872252922	28.25586187997797	48.253278849156374	45.389976719505995	14.008131769191067	0.12653718950230086	3.216311878189231	69.25617754596345	98.64746587678488	98.64746570876358	250.99016051890078	80.64850063126994	255.0
