254.7364766813734	254.31895118814816	254.99885538982318	254.92971928703437	254.74942678971323	254.1654532451923	253.79823504441478	253.22916666666666	252.45	199.46666666666667	240.17293507409087	255.0	253.92068567978882	226.66666666666666	247.1470712854563	249.9	246.5	250.98913285848164	246.5	249.12589285714284	252.6818181818182	246.05711771360637	238.47771878490283	238.47771878490283	248.04844459680328	250.79432007515206	253.27637949892318	254.8005113161842	254.93180690446508	254.3598066174364
254.42603335357308	254.99688293951007	243.08922326554617	241.8217054	251.43751596153845	253.79823228800643	252.6818181818182	251.19016256123246	249.98204549256866	236.02481819883874	250.14734127101653	253.319091765	123.8197182236795	243.4090907707903	231.81818154158057	241.34363036065747	138.99590163934425	247.18966385532298	250.44382504288166	248.20624136955715	237.71310227625	227.21221419926158	205.17206365265304	228.66576583698512	234.7436965593105	240.9936023780264	244.11931528452402	254.86468574617348	254.8005113162482	254.6213941117562
254.15744142026216	254.898	254.03923607258275	254.745	224.93448351310875	251.19016265980073	249.18203145817614	249.18203123032453	247.65409812974556	248.359375	216.73340399025088	253.002431426676	216.95610182435337	249.24136736255113	211.25787996018062	230.79591492679637	235.34302356818895	239.09514543219993	232.0422409221847	205.72984958176562	219.73564587297437	233.79110251450678	241.21621624974435	153.0	231.6622678268916	239.22645750848505	252.83633448142305	254.9134821146064	254.6572075908742	254.8533302368492
35.233274368474355	254.71666666666667	228.73161711203332	193.4798789546534	144.08184773079066	253.56103356103355	247.09302321875	247.65409809900981	246.71849923732333	0.0	246.13899613899613	115.9919217026565	255.0	250.30359712230216	115.9919217026565	197.03048117752837	189.73070362959643	222.90767616397545	213.47432148338766	214.50943560203967	214.93034626649558	200.82365658744507	234.18113584228672	225.90918367346939	153.0	251.02025600947061	253.89882005279873	252.83633448161007	251.68127217825906	206.9556807142857
254.91759984187618	149.85433705167827	214.02561161537903	216.70719412320378	252.9952689377681	249.23076923076923	245.54377806959926	230.76923076923077	241.79175499993093	240.0717338262683	23.32760605268936	242.30769230769232	255.0	244.34841818699192	246.03515625	104.73214285714286	83.84712598538911	190.16146993318486	190.16146993318486	200.77185024919467	232.0422409164269	232.0422409164131	201.92307690240168	238.84615383534634	85.00000001699999	236.35204081632654	250.8459437878383	252.8363344808521	253.2370570377109	141.666666678
114.66661170276802	157.85649045882712	154.81764349408905	229.08664054953007	153.20457437116846	175.4698577388827	255.0	241.7917547402443	237.8075677005141	232.27647799099393	229.70321390780023	233.75	240.16363636363636	229.5	136.0	170.0	181.6373752949301	83.8471259811086	83.8471259811086	208.61263828244003	228.7479670129922	102.53065245706242	200.85185185185185	206.75675675675677	153.0	153.0	204.65051020408163	254.0714610832954	243.5018747142204	218.67670155741763
247.63757168864757	242.33514482841463	251.936672116356	253.08600392670877	255.0	255.0	238.93294326364583	237.80756750430297	231.35593270083308	234.55688205	255.0	150.8676997660757	161.60856057991023	161.60856057991023	197.0901382668257	111.37867474097868	120.32268238070787	178.08228053309523	178.08228055778022	186.00484855005533	125.0926839872557	83.84712598538911	184.23686818632308	184.23686818583644	183.12080538118778	103.28212293919995	233.07	248.96449704142012	186.82143709715922	218.67670156591072
62.07982513819269	254.99025527198438	243.60244105638571	255.0	255.0	255.0	255.0	233.08655994071813	230.8916862624185	231.3559321910658	220.1770338946926	229.68805643172482	187.1443736730361	161.6085605799102	223.93504826746639	208.44358262185	218.93755412497455	160.025722231846	216.29732151724832	125.09268397897122	189.16161230195752	215.76923076923077	101.37297531052428	10.135595233728935	133.98305079779084	133.9830508474576	168.505494506729	163.01182205054988	186.82143709308394	214.2
2.4453002090775158	67.76528011658709	95.02415509848433	196.15384615384616	196.15384615384616	226.62429986374178	233.08655994071813	233.0865600443591	233.086560051554	255.0	247.48243394267158	229.68805639742413	139.8352749455779	187.14437367303609	214.22106002055662	187.1443736730361	201.8121996649055	170.818805079076	93.72383933791295	46.793371856869925	168.87126981761386	178.20605187319887	211.3953488372093	101.37297532483794	125.77851191258105	113.33333336875	0.0	35.915492957746494	128.47764756944446	171.45299147115384
240.16364249627998	231.55480231940425	13.924775149435163	235.3846153846154	235.95351667642376	255.0	233.08655994071813	233.08656004076164	233.0865600443591	233.08656005155402	247.4824338934481	139.83527535911452	139.83527448857853	139.83527465472648	214.22105996600743	174.1088015715298	174.1088015715298	70.42728488075616	186.5845096694925	186.58450967130597	180.21932069048586	148.94600033540166	148.94600033665057	77.39639531625002	61.65453785704855	147.83298586538643	75.62434963579605	95.18229166666666	104.55590614615153	253.11402
217.0942606420228	0.647347198556929	146.07367357634683	255.0	255.0	255.0	255.0	233.08655994071813	233.08655994071813	233.0865595492051	224.40000002244	139.83527409432472	139.83527490526487	139.83527489182705	139.83527518011238	146.20361890752332	146.20361890752332	181.88358464460367	137.49349898910106	186.58450963356995	186.58450964802026	50.251771452710955	46.99852073380103	46.9985208950375	55.89979483721794	61.65453792379921	143.92199999999997	62.18336483931947	107.43055555555557	254.9307619819247
160.07880809155924	15.962114713623691	235.3846153846154	232.6245241261738	201.8661993465279	255.0	212.41483254665235	212.41483250861393	255.0	255.0	224.40000002244	126.98243466047253	255.0	255.0	176.4574546451388	176.4574550273348	176.45745512854455	176.45745609535734	176.4574557537186	159.8615322390719	69.35486106270781	69.3548610600954	69.35486111622015	69.35486110651729	69.35486116458154	67.07272727272729	77.91666666666669	92.89861861861863	92.81165994623655	254.9134821146064
33.86437835244615	255.0	169.76514915475138	204.3177098185135	210.93075137526648	210.93075118571178	201.86619904478775	201.8661990415468	201.86619904478775	201.86619904478775	201.86619906885218	207.1875	63.75	128.82771973392278	159.94318529233203	159.94318530434063	141.83041023643307	176.4574550273348	176.45745546316545	176.45745514690697	69.3548610871116	69.35486100785232	69.3548610545732	69.35486113106907	69.35486103830405	113.813200498132	66.50841346153845	152.35100957599263	0.0	213.9987611549603
11.163415227394779	222.0369719422112	185.6451390687207	185.6451390687207	210.93075129267967	210.93075126753186	210.93075126753186	210.93075123051693	201.8661990415468	201.86619900696724	214.2	107.77568139329088	80.80183696608975	142.10868655051718	142.1086867643392	128.82771979313574	117.84387955993088	162.1412628484449	51.19677988856736	102.76119402985077	73.47457625580296	69.35486067171459	69.3548610600954	69.35486102374975	69.35486093127932	53.125	74.6341463414634	253.02534377212854	149.65066852677987	224.1627906976744
146.17588564921516	139.03703093488934	185.64513896169598	185.64513897625028	185.64513908185194	185.6451393282854	210.93075123051693	210.93075121723624	198.51220471969094	43.382286616298956	106.27221832679518	174.36191973458108	116.49991688142978	112.89131323566079	112.89131344948282	159.8242689637834	119.07385444394325	150.6662952328001	102.76119402218202	33.40909084749484	33.40909086647727	44.069248782763765	44.06924876948307	69.35486091814803	69.35486116458154	41.12903225806451	33.26086956521738	204.5488749294256	213.9987611549603	196.71428571428572
146.17588564921516	139.03703092269996	185.6451388354185	185.64513894542677	185.64513893990457	185.6451389399046	185.64513899214768	123.75128533753625	192.59567738240986	99.02794206602275	99.68803930763019	113.18087567275913	179.3104592183784	134.10647318626093	134.1064729584557	159.82426890088027	134.1064729291134	134.1064729832505	134.10647293752885	95.05681469565934	44.06924876948307	44.06924876948307	44.06924873246814	44.06924870732033	44.06924862473352	86.70000000000002	33.26086956521738	74.6341463414634	12.773044689726078	250.07839287887901
139.03703095246834	139.03703093928408	139.03703095147625	185.64513886893093	185.64513888377985	185.6451389372922	185.6451389128884	146.25389774875714	132.7306346232466	132.73063461947086	0.0	90.51616143329676	134.10647278760183	107.67124523131412	107.67124531178425	108.53854729195231	108.53854735752267	95.056814707668	78.15487526372604	55.267010325775686	74.18181818181819	27.343058733412988	44.069248814288215	26.603754071756157	39.66666666666666	42.5	22.37547587382619	36.78542655206181	33.18431486612215	2.6161815576340928
203.68556895391401	139.03703089392366	139.03703092609982	210.40935101853552	185.64513889348274	165.77617373538658	136.3843462421043	146.25389774492123	132.7306346148075	97.88308007054414	122.35959306696776	132.73063462665766	132.73063460722594	132.73063459648526	123.75128531703507	99.04185415359623	99.04185419268052	62.68003899470452	78.15487514841382	55.26701027478171	27.34305858227495	21.913439948445983	21.913440059281896	21.913440450794894	21.913440059281896	37.1875	186.0892707540482	110.80176726785152	125.91564360049082	243.94000662821944
203.6855687211468	203.68556874069378	139.03703093229205	165.77617369854042	165.77617364957138	165.77617366642588	165.7761736021968	100.24212084764591	86.56907919744248	94.71404886627016	122.35959306696776	70.85622893467885	132.73063454560565	132.73063461370316	82.55710452138837	82.55710452170288	82.55710451666332	62.68003894287867	82.55710468234793	7.517566106551897	21.913439948445983	21.91343995564091	21.91343995923833	21.913440059281896	21.913440059281896	37.1875	186.08927066430186	48.08248681295157	3.2065029910403666	50.806252099826764
203.68556872776935	203.68556874050307	203.6855687532368	26.08351197377587	165.77617367102516	165.7761735229808	165.77617370590468	136.3843462417545	81.09228864595713	100.24212084764591	100.24212083488882	100.24212081789332	100.24212084726756	100.24212084726756	100.24212082824084	122.35959306696776	82.5571045045578	82.55710453027544	82.55710453027544	7.517566057328395	21.913439948446012	21.91343995564091	21.91343995923833	21.91343986649838	21.913440059281896	186.08927062205782	186.08927064011823	182.9012124743477	215.96316112558162	180.1941277973193
33.88220377222501	203.6855687211468	203.68556870256197	197.6694161304175	26.08351197377587	26.083512183713026	118.67386411885388	77.9896440072794	77.57718392501323	78.57257885597909	100.24212072109137	100.24212072109137	100.24212080937468	100.24212091469528	100.24212083488882	100.2421208385883	94.71404886627016	100.2421208859171	82.55710450721324	39.85125366137464	21.913440059281896	21.913440059281896	21.46821041432335	22.21791304197501	27.0890325898294	15.745793221032415	0.0	153.0	4.202447166675427	227.24605018952303
95.47902404263107	166.88213328978782	203.68556874050307	197.6694161430765	197.66941607320342	26.08351204227617	26.083512076526347	68.1233701186149	72.94907701337976	90.42091331118806	90.42091304268925	90.42091336088157	100.2421207966176	100.24212082213174	100.2421207966176	100.24212084764591	100.24212082213174	100.2421208859171	100.24212087664182	55.311652218468396	55.311652400854	54.66163523987461	55.311652427947195	47.837020649224115	23.1534104124178	54.05342085667155	0.0	153.0	116.17737915605687	0.0
4.044494591758593	0.0	193.506145038581	203.68556877978776	197.6694160382669	197.66941606016144	26.083511995047928	26.083512024797272	26.083512039671888	144.58176099	90.42091312702212	90.4209131127686	48.4099734415245	91.3064274282317	100.2421208178933	100.2421207966176	100.24212084726759	100.24212082824084	55.311652439976285	55.311652427947195	55.311652427947166	55.311652427947195	16.702894962240606	16.702894909999998	16.70289490686804	15.388451035834322	54.05342085667155	155.29175831337625	231.79209263998374	200.84427308180432
1.3052392164147761	0.0	0.0	0.0	193.5061450604812	197.66941602503337	197.669416051541	85.86284337554434	85.86284341023094	108.4287529492627	108.42875285329612	108.42875282271507	90.42091313554172	48.40997342644843	61.64938839698442	61.6493883962618	91.30642744795963	55.31165242794714	55.311652439976314	55.31165242794722	55.311652283487234	37.39638063387241	16.70289499500001	16.70289492532558	15.388450982225436	15.388450987462448	193.81768016709603	162.58376271652295	2.9607639092411375	254.5027807385221
201.29144824734806	33.88220377222501	0.0	0.0	0.0	56.52293270769928	171.1528740146109	171.1528740188914	197.66941591964925	71.20180613359074	71.20180628401545	71.20180628401545	108.42875277120044	108.4287527309719	87.95827285494565	74.96783286357316	55.311652218468396	55.31165242794714	55.311652400854	37.39638086375464	37.396380889294505	16.70289499500001	16.702894748004326	15.388450984812323	9.308601021561941	9.308600994945465	218.59212717058205	4.201622337158227	159.96780909270433	213.30106020187495
251.33820835996613	1.3052392164147761	21.295062819338654	0.0	49.74756866416965	255.0	59.219571886480736	54.118262269474144	0.0	35.950527839602955	35.95052800727879	71.20180622637241	71.2018061556985	71.2018062954177	108.42875276185649	37.396380733762584	37.39638076158346	37.396380804153864	37.396380820423985	37.396380798758656	16.702894740000005	12.0097088280001	12.009708830381271	9.308601021561941	9.308600994945465	91.26468906267763	126.21471064764927	242.3698275764008	190.30779804780516	201.18083662144733
18.062862453066714	18.41888639808596	172.82207567304079	55.53708517800305	129.19444777909052	44.170599259136225	44.17059929630216	44.17059929415623	44.170599289864356	35.950527943700905	35.950527839602955	35.950527886335664	35.95052791934327	35.95052792975639	35.95052795921342	21.25456777581931	21.254567683821165	21.25456769441263	12.009709126585221	12.00970884820839	12.0097088268096	12.009708827285522	12.00970878543967	12.00970878543967	155.65596279056598	98.64746572261731	22.245404674539003	57.48914993072401	219.32076047926705	72.16989518939582
1.3683919533351627	19.134411394331096	50.852469013865004	28.743041690255836	23.03024490733773	99.03818756160152	44.17059931561562	44.17059928046723	44.170599264326256	44.17059930220003	44.17059929101637	44.17059930880984	9.722270186110649	21.25456769441263	21.254567637822078	21.25456765445827	9.895451840210228	9.895451804040505	9.895451822793603	9.895451832170068	9.895451720722718	11.948220162124358	11.948220099896105	11.948219983986576	255.0	98.6474658649355	98.647465852066	16.54024808559339	155.92033685131838	6.602773631655566
10.145438584553574	8.52759634176249	12.546883282955065	18.28282693340418	25.598944277695864	50.852469013865004	30.949708303105496	35.642129522906544	46.96371222022785	44.17059931812949	44.170599264326256	44.17059929415623	44.170599289864356	21.254567487822328	21.25456756933704	9.895451801857291	9.895451847750678	9.895451805408044	7.890232481055932	11.948220136761591	11.948220110354839	11.948219982033066	13.10051519620339	82.91372115739233	98.64746534815697	98.64746583970657	98.64746584883258	65.72983986563236	75.32969443322403	0.0
1.087900131940529	10.050351048975898	10.265958594809263	13.15281107133245	0.012051681077139165	19.120263096418654	0.34276620713265515	32.57536585338528	35.642129522906544	27.01249382867556	32.57536585338528	3.5893330247928077	44.170599264326256	44.170599289864356	0.0	9.442478589407301	9.44247870101833	11.948220157850898	11.948220097151506	6.311858617590332	5.870450789750038	0.9073509158087916	21.705478005937294	0.20019041944732408	20.283443501017388	98.64746587678488	98.64746570876358	36.434984968797636	69.56503492751875	0.0
