254.35566165552413	230.31851851851852	254.9987644192292	162.08034395701324	194.96981890744163	125.09811607572115	107.51511902402063	244.0953947368421	214.2	255.0	236.67144845222595	232.23214285714286	194.91323026537574	253.86666666666667	63.22364721767576	238.0	240.428571431	250.88044553100718	240.428571431	248.625	241.7532467631818	251.41941881419936	254.41578053438897	254.41578053438897	234.86226295113045	254.97203384242442	246.07481357349747	254.99522408009784	254.96365176219584	241.70108362575178
253.92516412174533	254.996015625	238.62873490313407	175.66666666666669	200.82417582417582	107.51511547273043	241.7532467631818	99.13196126358778	116.02310168491576	232.14294847965837	55.68283505399455	165.31141861499998	199.5288299206041	139.09090901188017	156.4772726383652	57.368041476143304	215.28688524590166	222.07167645762655	250.04288164665525	249.06691847884582	210.76500640118277	223.16046023612304	195.4716117488254	245.74960195021788	235.97850595773224	240.76097288207606	252.885175734854	254.840625	254.99522408010083	254.99956976838197
234.39219336560276	253.86666666666667	208.55865922719815	238.68	205.50063994642045	99.13196134842002	78.58627728667068	78.58627766193683	77.87626317167795	227.109375	88.44297287477374	150.59853598517122	211.1406203028756	165.9193892626929	205.27083714579786	44.29459520686149	251.48726484203803	250.4557558377714	248.80414354927115	235.4610120013243	220.4702448412474	252.12282398452612	228.90926644688577	242.25	231.52868189092203	239.7527505363215	254.8214538069921	254.89808323202718	254.99464094831967	254.99912789332578
251.09549485182453	254.16734693826666	237.78132198899715	28.610904786794322	46.625250411409894	229.62874962874963	75.89285721874998	77.87626302129758	87.11137311040164	130.05	239.24710424710423	230.46821328085892	191.25	241.71798561151078	230.46821328085892	112.76779547304429	240.48460313420904	40.75800542607439	245.76500376640487	215.148352959517	214.7245299287695	246.8001937007302	251.57309245605737	251.96428571211734	242.25	252.14496430379847	254.88634769582063	254.82145380702246	254.96386054418082	254.97153609831028
20.294145173773188	2.8166614324426007	41.708738387940514	183.87045119770897	0.15969779559890185	203.0769230769231	59.30296393023721	218.07692307692307	57.12662347140164	79.49040675489235	81.19016637120316	211.15384615384616	191.25	110.17485096054736	127.94117652	182.14285714285717	211.88151867840145	242.88418708240533	242.88418708240533	200.71609679299272	248.80414354713983	248.80414354752102	229.94505493959525	219.23076920931084	204.0	253.98809523809524	254.82048527170215	254.82145380704924	254.94276410917797	244.8
0.6578832694253265	13.633305098129227	3.5682744904027857	23.064020876209213	150.72341435803378	120.75808965853332	101.47470229499999	57.12662344154003	47.51887800055704	49.39045512078542	197.4203934513791	191.25	222.54545454545453	153.0	255.0	238.0	174.75852233380323	211.88151867035631	211.88151867035631	166.43918251744748	233.6189959364951	217.94414724086153	244.71604938271605	228.2939189189189	195.499999983	195.499999983	250.44642857142858	254.88393263541192	254.58525631255398	254.85387418050732
2.541554648672985	92.23076794463935	126.00338369208197	236.78450780982354	101.47470222504387	101.47470222504387	44.764172200089604	47.51887751808738	46.82203351738005	49.35708121875001	157.13203535753348	143.18060078009677	154.12668277528476	154.12668277528476	29.183046371527382	214.87022600632108	206.70963364723733	155.56311057847705	155.5631105884301	187.88614709210387	208.2287745450795	211.88151867840145	252.57458988506428	252.5745898843971	231.0402684176107	248.7928970466649	251.3571428586	253.49112426035504	254.03576032465983	254.85387418051158
71.95105075624139	131.5459685762006	28.365932796068336	101.4747021675	101.47470221	101.4747022250439	101.47470226911383	38.71871128751212	45.5713470687771	46.82203397607728	164.95577479194338	82.41929640481811	24.72399150743101	154.12668277528473	115.43442203293296	194.04334090570603	189.15928311094783	204.3234134850538	214.6809598474345	208.2287745432699	233.18359140142775	235.3846153846154	244.37833944523302	195.48863286616103	249.81355932027577	249.8135593220339	248.3058608111048	254.96647661153446	254.03576032456775	241.1166666678
1.855135779208183	2.541554648672985	31.825592873055683	176.53846153846155	176.53846153846155	34.47243999879484	38.71871128751212	38.71871103019288	38.718711101205116	101.47470254999996	71.13271475438313	82.41929632578925	132.01792802178244	24.723991507431037	147.06993026643056	24.72399150743098	231.71592828393517	170.43022576506343	131.82329759959705	140.96053312202145	227.1772189975191	246.1815561959654	244.18604651162792	244.3783394145706	254.34070669343154	250.75	210.375	250.12575452716297	254.99769422743054	254.6076923076923
102.14827437401266	5.98665267279884	1.7491277885004592	156.92307692307693	25.542742297652893	117.17854150809637	38.718711094728604	38.71871099468683	38.718711030192935	38.71871110120509	71.13271474632674	132.01792698867422	132.01792675695842	132.01792715467707	147.06993032575218	119.49359880310178	119.49359880310178	163.66101184051178	224.24445276837412	224.2444527514401	224.52167045276246	246.3189669629381	246.3189669650035	243.31998274125	247.51267266270642	253.568024023105	254.7346514047867	254.88932291666666	254.99144036789633	254.947959183636
0.015557713897294434	114.56493118918647	10.066268225781045	117.17854127917988	117.17854122918652	117.1785412470974	117.17854124411568	38.71871013081102	38.71871099833683	38.71871110120506	93.49999991585	132.0179269672999	132.01792675695842	132.01792716872322	132.01792732922925	195.4210291294582	195.4210291294582	22.642725936910324	203.79055353220633	224.24445273536645	224.24445271883263	238.2542687925812	241.0850861640043	241.0850862389688	242.27443496438272	247.5126726495982	254.592	254.5179584120983	254.98155381944446	254.9271326351417
8.613431858723345	6.327881318799314	156.9230769230769	115.27400103119038	134.92552669983712	117.17854125605282	31.914117941353027	31.914118287733174	117.17854122658358	117.17854138233633	93.49999991585	119.63185302654031	160.44430822970247	160.444308205201	20.66659597180589	20.666596653498146	20.666596455212243	20.666598872243583	20.6665971584531	160.19061756463253	235.4870920185322	235.48709205099584	235.4870920185322	235.48709205693697	235.48709204471004	252.52727272727273	254.55729166666666	254.55483483483482	254.7613047235023	254.89808323202718
33.127458853395126	89.85526494981661	147.6310923283741	71.99616450855797	26.655399236053313	26.65539934958352	134.92552639809696	134.92552647917762	134.92552649867702	134.925526548967	134.9255265408837	74.99999998499999	127.5	203.12281627918776	128.10890939909808	128.10890942873687	139.64633053878777	20.666596023675936	20.66659670454237	20.66659603057269	235.48709191969715	235.487091930922	235.4870920514772	235.48709205413874	235.4870921173672	249.41095890410958	252.85456730769232	105.82899302174258	167.53500000000003	105.58706695023267
99.96450835309423	127.27672631889337	19.51290788263279	19.51290788263279	26.655399248844105	26.65539927606804	26.65539927606804	26.65539926738245	134.92552647917762	134.92552649974633	183.6	189.1592832044682	255.0	87.90628604232657	87.90628629456307	203.12281628231767	110.85932953913053	17.73584804069091	184.53190642935883	228.3582089552239	242.03389830398592	235.48709204471	235.48709205099584	235.48709201443737	235.4870921173672	249.6875	194.1869918699187	154.15177576058895	61.63304238336849	255.0
10.073311891598479	115.96296906511068	19.51290788263276	19.512907985562606	19.51290795528996	19.51290795528996	26.655399306992564	26.655399330515877	58.415771151039706	93.93366886594421	105.81229633802039	93.72383928884992	117.36204342066932	167.09371370543687	167.0937139576734	117.74557926865972	118.2709305654594	15.901300621251693	228.35820893818223	230.85227254781122	230.85227267897724	228.3446006694841	228.34460073261758	235.48709204471004	235.48709204471004	246.7741935483871	243.91304347826087	200.63945046709958	58.28028193275878	255.0
10.073311891598479	115.96296901402161	19.51290795528999	19.51290794852281	19.51290794900413	19.512907949004187	19.51290806907798	174.78853691717933	155.82039121390932	98.69293429436988	99.58880126997101	110.84391896323805	72.27170647943208	11.923911212169173	11.92391094322457	117.74557931813234	11.923910935188843	11.923910935188957	11.923910625554697	126.8910905712631	228.34460069300746	228.34460071941422	228.34460072393196	228.3446007511559	228.34460076394672	244.8	243.91304347826087	194.1869918699187	100.22164890045977	183.92134432972804
115.96296904753169	115.96296906071595	115.96296904852375	19.512907945861258	19.512907981467777	19.512907981467777	19.51290808030282	145.34565842977275	129.85018192171935	129.85018192427424	86.03734930659405	82.60827464779788	11.923910529912746	227.6254665998175	227.62546660065698	195.72453934490824	195.72453935737653	126.89109060090192	212.1843649734846	176.1518237699946	236.45454545454544	224.10522547444322	228.34460065041648	226.70989553243643	243.66666666666666	244.375	139.72599896880962	129.52350679363684	248.11216914794846	252.86963388369648
96.45412756255686	115.9629691060764	115.96296907390018	14.756985359084695	19.512907943063	124.78392679576555	133.58996862208562	145.3456584148384	129.85018193068169	90.7272597884764	87.43806789526002	129.85018188401534	129.85018194517787	129.85018191275702	174.7885369071594	167.05863017997405	167.05863019478022	155.52800334567172	212.184364895542	176.15182374417736	224.10522578208315	216.2812888987949	216.28128900166314	216.2812888987949	216.28128986918898	239.0625	255.0	58.59967736019806	254.9361712072699	98.57694873568684
96.45412774373949	96.45412770699764	115.96296906770797	124.78392663860538	124.78392670995038	124.7839267626295	124.78392671428267	152.5338258028114	85.76956533421296	61.44897317968477	87.43806789526002	88.50219187467002	129.85018196506738	129.85018192479038	168.50400548752955	168.5040054829741	168.50400547788544	155.52800335800526	168.50400563373194	183.8672852536733	216.2812888987949	216.28128896980706	216.28128900531323	216.2812889052714	216.28128871248788	239.0625	255.0	206.3213548643009	204.18010635518021	74.55015093557105
96.45412773265883	96.45412770872369	96.45412768478849	61.54312464535451	124.78392666704275	124.7839267327752	124.7839268656372	133.5899685646889	85.83746919395776	152.5338258028114	152.5338258364054	152.53382581575642	152.53382583520528	152.53382583520528	152.53382585465414	87.43806789526002	168.50400547437425	168.50400548727401	168.50400548727401	183.86728524561687	216.2812888987949	216.2812889698071	216.281288879726	216.2812889052714	216.28128871248788	255.0	255.0	4.9746829133878805	121.43356684463859	207.67567145375534
1.804639302562009	96.45412774373949	96.45412770074523	41.12936081595973	61.54312464535451	61.543124840907666	1.8561040019797588	77.90350309289246	78.6657825847341	92.16127570542406	152.53382581575642	152.53382581575642	152.53382584053264	152.53382581575642	152.5338258364054	152.5338258935519	81.95209442485177	152.5338258701916	168.5040054585973	197.4990789195785	216.28128871248788	216.28128900166314	209.20064804177215	202.94834296920132	233.39312226210578	229.03340370846115	76.5	255.0	211.78975878619477	227.71803236154372
2.5419014334901533	60.66363235609373	96.45412770872369	41.12936086990646	41.1293609029191	61.54312470324399	61.543124732188744	69.24694052163738	76.16568693033113	83.97562004725916	83.97561997970925	83.9756201255361	152.5338258110658	152.53382582795888	152.53382585310638	152.533825844852	152.53382582795894	152.5338258701916	152.53382585465414	190.88899596203805	190.88899592435678	224.11688486243327	190.8889960897218	204.0	217.95239957676583	166.22682647592978	76.49999999999997	255.0	235.723549904393	24.414367301296124
102.33335621475788	39.49999979999998	59.78915014661396	96.4541276335139	41.12936091942541	41.129360891974045	61.54312466606723	61.543124691208334	61.54312470377886	40.757147249999974	83.9756200198155	83.97561996638154	143.44079466277583	160.97714015911214	152.5338258157564	152.53382585310638	152.53382583520528	152.53382585465414	190.88899593691718	190.88899595954092	190.8889959595409	190.88899595954092	217.73735086019684	217.737350905	217.7373509155694	255.0	166.22682647592978	254.99432655504046	247.61829999363226	170.25312150591049
77.96092223893342	39.499999803047444	39.49999980000001	39.49999980000001	59.789149994081214	41.1293609299812	41.129360850860564	109.27752541470096	109.27752541424184	8.896791054235678	8.896791206863242	8.89679127627383	83.9756199612001	143.44079469221964	127.73883185966729	127.73883185627885	160.97714017691658	190.8889959595409	190.88899593691718	190.8889958944505	190.88899588667556	207.1987042114631	217.7373509475	217.73735089711187	255.0	255.0	112.45529623877391	241.837547003813	97.54541349515932	60.08969682607608
8.66805697442615	20.20113026226909	39.49999980304747	39.499999803047444	39.49999979999998	56.19837536914767	43.11848132159855	43.118481329643686	41.12936104400276	65.89754133099154	65.8975415476132	65.89754137468412	8.896791237282855	8.896791484505371	69.42776213402726	71.93025221785291	190.888995962038	190.88899582936006	190.88899592435678	207.198703998075	207.1987039682543	217.73735082000002	217.73735095475897	255.0	208.8341378524864	208.83413790399402	241.87010810997606	175.79998979152919	9.501714111508875	86.16136061355644
70.13710772275033	77.96092223893342	76.79920551907145	39.49999982020208	49.35283836683291	60.55942225906597	52.43233058224149	55.6073836133711	41.65169310899307	133.736582038061	133.73658205163497	65.89754131704112	65.89754135518231	65.89754142058041	8.896791007384053	207.1987037380909	207.19870394019983	207.19870394955132	207.198703998075	207.198703998075	217.73735082000002	209.34168090192964	209.3416809939929	208.8341378524864	208.83413790399402	165.75165402282317	255.0	52.995264339176856	85.74939123086793	88.88625721315256
12.736724917567955	47.0683718576997	32.73016961016717	10.276110399253241	4.195436580354681	98.11582679694419	98.11582679694416	98.11582681695475	98.11582685697584	133.73658195380693	133.736582038061	133.73658205163497	133.7365819893771	133.73658204867704	133.7365819650351	186.29526397432244	186.29526400938943	186.2952640129085	209.34168086947673	209.3416809085195	209.341680855898	209.34168091556654	209.34168092966064	209.34168092966064	204.3177098185135	255.0	244.49037652632202	110.21292534936174	254.8556158860902	230.96651401122853
25.898806278295638	16.38241386090229	0.0	4.496901491118507	3.603123976254068	119.35275915409471	98.11582676551308	98.1158268016274	98.11582681776838	98.11582679790752	98.11582683762927	98.11582684010924	132.5543683171054	186.2952639816396	186.2952640269229	186.29526399686898	193.19305354918112	193.1930536488722	193.19305366762526	193.19305367700176	193.19305361592598	182.41126117680608	182.41126115505844	182.41126124204897	149.46075717923594	255.0	255.0	7.03038428321463	229.37354880944542	175.7995653432706
9.258737076758166	9.921051104215309	12.21205180478313	18.790187844635227	26.04941780355631	0.0	29.78024456812014	30.374465792951497	20.060841885110875	98.11582680700778	98.11582681776838	98.11582681695475	98.11582685697584	186.29526383032396	186.29526391910184	193.19305360624918	193.1930536963958	193.19305366957252	181.17080827841602	182.41126114736036	182.41126114736034	182.41126112480936	52.10880364579657	9.562413569130882	255.0	255.0	255.0	87.83110424557523	3.0116172027813093	0.0
1.1129249464951556	9.794291850203876	9.75808415863159	11.491541016044977	33.95862352313651	19.93247621946199	67.44708725904545	27.01249382867556	30.374465792951497	20.548416842969345	0.0	54.61283193544992	98.11582681776838	98.11582685697584	39.3350700344275	77.60461465094139	77.60461466707861	182.4112611115632	182.41126114736036	181.0319529694385	176.9143549190714	135.38501092098286	136.64141790636052	106.07591140967997	1.0810466101290217	255.0	255.0	6.1229460636144495	106.44899728269411	255.0
