254.60531181465984	247.91666666666666	254.9796224820879	234.94215004260272	198.8179074390159	208.4968603816106	187.40140499486637	235.6140350877193	163.2	255.0	245.83629486757195	201.875	198.58471151798096	182.46666666666667	238.46300833001206	238.0	215.333333339	244.20681202265146	215.333333339	241.88571428571427	231.8181818181818	249.82630556838802	249.9035277867731	249.9035277867731	244.14310364054975	254.27949202722328	251.64289347271182	254.95590305836103	254.88909143002198	254.862575584599
254.64684453032902	254.96531405248948	245.6990871649777	212.5	175.13736263736263	187.40140579797836	231.8181818181818	188.40565512754094	184.94381632705023	242.49494719106255	151.3572522851768	170.386891185	247.40982989770743	226.02272714430526	179.65909066212552	230.34873691098633	230.03415300546447	235.54340377836533	244.6483704974271	236.7180895342883	229.40606876057564	228.06152775722643	211.70288469990862	237.74499183601876	234.94898602486884	241.15356059447492	249.3311223483636	254.32555102040817	254.95590305836475	254.99545449804077
254.58866274839693	253.86666666666667	230.78212291534223	199.92	0.0	188.40565523617548	150.90315021558922	150.9031489402063	163.07422630245503	212.5	159.46267843410826	156.2812588956944	227.46795119636909	169.9062201518231	222.24619292356093	214.65552938945171	241.10807792645434	238.39000409668168	241.3531412238325	220.56809038349598	172.04804844174043	239.2166344294004	206.7567567707268	221.0000000085	231.48617105969822	239.10724044229624	254.2098291281683	254.56843577744843	254.94903005907753	254.94561840203895
35.233274368474355	248.82962963013333	205.50063994642045	59.89614746434003	94.81417506112913	239.24710424710423	151.785714171875	163.0742263911996	166.75280581614516	163.2	47.78883278883279	163.41075034954173	148.75	226.9054470709147	163.41075034954173	150.8966859274131	175.21530685796915	205.3466016535283	204.23932538773784	214.81194034857208	215.2291675251721	242.52133711127306	240.16266115468449	248.33877551020407	221.0000000085	249.8723668738498	253.80440452424264	254.2098291282593	254.8259925031237	254.80898333054915
57.69104879474838	59.593443190535226	20.191392712652657	207.95324914565157	211.17228950485236	218.07692307692307	135.5043849282084	33.46153846153845	133.2954545000129	140.7292632621722	125.47551125921876	162.69230769230768	148.75000000000003	115.25298757033195	132.781065045	201.875	164.89558354244275	219.0311804008909	219.03118040089086	199.69442776987597	241.35314122127755	241.3531412206909	178.84615384959972	244.78021975430858	204.0	243.89795918367346	254.1803637957484	254.20982912798246	254.09046079913844	244.8
66.70336693991186	61.20642762616083	81.71991789984114	129.81483571459833	148.11163322847267	218.57448988495108	56.57143124999999	133.2954545636312	117.5503946141992	103.96962093034398	215.033922346353	170.0	199.36363636363637	102.0	255.0	119.0	195.10244194871566	164.8955835521353	164.8955835521353	193.69895032469594	224.4167610780922	255.0	242.9111111111111	241.21621621621622	233.142857121	233.142857121	255.0	195.57350933090578	254.42689711934156	254.44519150440402
27.299839793967834	25.236334920876345	147.60408652622647	166.68555654616765	56.57143117793993	56.57143117793993	116.81229668948572	117.55039426598398	100.33292992901056	110.07914236875001	113.14138915514471	166.68389010341969	176.74836037279943	176.74836037279943	174.8792689788661	151.50709268800244	142.51850022370894	167.99571587804957	167.99571587015464	187.2868546371535	207.0110174314898	164.89558354244275	243.8881621906044	243.88816219049903	243.0201341446275	242.17877094989973	248.2000000017	158.43195266272187	251.88867669238482	254.44519150471012
212.83148599580474	81.05918144932673	178.44871750290378	56.5714311225	56.57143116500001	56.571431122567446	56.57143120250862	101.8424724691881	98.53585984883108	100.332929707938	141.5728043534688	113.06837617992755	163.14225053078556	176.74836037279943	119.22829252692966	154.42664365900427	189.15928311094783	179.95783237264123	197.17143562269257	207.01101737186377	200.84488254223544	98.07692307692307	227.48808728734298	255.0	240.59322032257398	240.5932203361017	250.99686028881683	253.7583930210363	251.8886766935487	253.1265306162
35.30655983390656	51.618158923582286	20.82328400248082	19.61538461538464	19.615384615384613	82.35282164989036	101.84247304753862	101.8424724654179	101.84247243197976	56.57143124999999	74.34955146445026	113.0683761872049	156.18999107578833	163.14225053078556	176.3602722659655	163.1422505307856	200.36955452651625	171.83939151357356	180.3436443694484	140.96053312202145	213.78577619261387	216.05187319884726	239.65116279069767	227.48808722726685	247.67451882323144	240.833333336875	229.5	249.69818913651912	254.501953125	253.1837606839423
24.993650197396363	190.4108284489909	169.54785703233694	176.53846153846155	81.5453138437218	76.86834869678364	101.84247246918812	101.84247248213703	101.8424724654179	101.8424724319797	74.34955140323885	156.18999029864352	156.18999056533963	156.1899907465225	176.3602723223088	154.7848115953902	154.7848115953902	168.68909843246456	204.67143855490608	204.67143856086554	213.35867438715493	226.64766057353683	226.64766057971363	221.37026646	224.75591392173519	245.32440755121166	249.2212972605359	251.015625	254.13008775957923	254.818666666644
151.12938962470702	15.428529519840879	131.24308211199946	76.86834869678364	76.86834864864738	76.86834867179687	76.86834867378178	101.84247189083754	101.8424724691881	101.8424724319797	160.2857141815286	156.189990162908	156.18999056533963	156.18999067298068	156.18999052483736	166.2333508859676	166.2333508859676	157.0570760901665	199.4782324911747	204.67143852326694	204.67143852677546	202.24721374149715	206.83299078112412	206.8329908123791	136.59241398700607	224.75591393295917	254.592	254.5179584120983	253.81944444444446	254.52705871720377
5.4874420960425425	233.01559804235322	176.53846153846155	150.44403788910972	111.03336653105953	76.868348633663	72.60375372197646	72.60375374586212	76.86834866228082	76.86834881751298	160.2857141815286	142.60784215515028	130.08527787244424	130.08527788731965	150.8647038556595	150.86470458631453	150.86470482247194	150.86470675609723	150.86470478746475	159.73419003001365	207.71298696329617	207.712986960466	207.71298701680848	207.71298698774916	207.71298702737766	237.38181818181818	247.91666666666666	249.6518918918919	253.97177419354838	254.56843577744843
58.54367085689901	21.50232235869504	13.619868011328208	17.22864807885489	67.12310946854345	67.12310964205554	111.0333662293194	111.03336626875262	111.03336632989942	111.03336638018945	111.03336647378092	78.46153853999999	148.75	162.24637496361518	95.05681470766797	95.05681469565934	141.52756764966813	150.8647020670258	150.86470495893332	150.86470428465304	207.71298703665508	207.71298692701018	207.7129869745181	207.7129870502269	207.71298699696194	229.40473225404733	248.87019230769232	215.57168592501432	199.92	247.65866607160248
16.995333441180776	147.6310923283741	47.28701300303808	47.28701300303808	67.12310952684203	67.12310948843756	67.12310948843756	67.12310948730058	111.03336626875262	111.0333663370954	153.0	68.77433050451256	255.0	121.50348141026075	121.50348149765074	162.24637496725535	132.8074855126095	136.2741801919815	181.19049270236283	190.29850746268656	211.77966099167625	207.71298702737766	207.712986960466	207.71298695337288	207.71298699696192	223.125	114.02439024390245	235.41194563085514	248.82598610733757	224.1627906976744
10.073311891598479	8.731528031414541	47.287013003038055	47.287013046627095	47.287012972622335	47.28701297262231	67.12310944769047	67.12310941162855	61.56445638467258	113.14138915514471	106.23190479404118	57.47784929317484	115.7206424134896	133.49651850234923	133.4965185897392	181.11572048870366	119.24825240571445	125.42874037203194	190.29850742945536	182.55681807809273	182.5568181818182	187.87689058837145	187.87689051269942	207.71298702737766	207.71298702737766	216.61290323951613	243.91304347826087	254.979164652046	131.0287088604345	196.71428571428572
10.073311891598479	8.73152804552069	47.287012972622335	47.28701302548194	47.287013039534	47.287013039534	47.28701307298982	121.88616009341956	123.80324627575328	99.41024848759756	99.59423891982291	108.39856658279857	75.22955034141748	107.96533255854283	107.96533277204387	181.1157204709457	107.96533271692039	107.96533266278325	107.96533269203684	159.94318530434063	187.87689055230953	187.87689052590278	187.87689051156246	187.87689047315797	187.87689053145655	244.8	243.91304347826087	114.02439024390245	74.55015093557105	254.8669808380009
8.731527656174563	8.731527937604568	8.731528106632453	47.28701294977313	47.28701298319149	47.287013036703826	47.28701296334489	112.05628591605421	104.45946852005662	104.45946852083384	92.27022052224171	102.66314776622559	107.96533250896329	129.02034525862518	129.0203452612551	121.43411800340053	121.4341179998938	159.94318529233203	163.68877216424102	195.69231483521236	194.72727272727272	168.34069969128467	187.87689035794446	172.12576649939905	204.0	212.5	104.55596211089028	252.79162871135614	80.59529929444571	253.32542268883137
115.96296904753169	8.731527857851972	8.731528219034516	50.65940492819834	47.28701301225087	93.74087836933353	108.95799263754469	112.05628593717603	104.45946850966621	86.79519548250519	87.43806789526002	104.45946849093843	104.45946850753973	104.4594685656474	121.8861601292763	112.21248631629837	112.21248631664642	148.79149030575675	163.68877211631292	195.69231475788203	168.34069960330325	153.1575275680203	153.15752753081188	153.15752756802027	153.15752810916246	223.125	48.26781180431158	234.5890954361921	8.757925654506607	243.94000662821944
115.96296906071595	115.96296906511068	8.731528023705607	93.74087823702345	93.7408782835183	93.74087831766212	93.74087847893952	121.39287157513039	85.835267680246	91.20133690567161	87.43806789526002	77.04570721689487	104.45946857199047	104.45946852902327	138.61787225535568	138.6178722354141	138.61787223282755	148.79149030598987	138.61787236290587	180.65044859676118	153.1575275680203	153.1575275345821	153.157527517863	153.15752753081188	153.1575275308119	223.125	48.26781189348836	223.34879212414955	87.38809804526363	248.62582479382831
115.9629691060764	115.96296901402161	115.96296904852375	76.86834869678364	93.74087830497211	93.7408781932908	93.74087807358615	108.95799260479168	81.18107598020936	121.39287157513039	121.39287154309656	121.39287157765364	121.3928715546123	121.3928715546123	121.39287153157102	255.0	138.61787224919618	138.61787222852305	138.61787224753806	180.6504485355497	153.15752756802027	153.1575275345821	153.15752751786303	153.15752753081188	153.15752695246138	48.26781186617356	48.26781185407657	51.34993549126227	235.58094415711452	244.3796212790842
84.91559138168168	115.96296906071595	115.96296906770797	43.42232135424791	76.86834869678364	76.86834881751298	40.612258251571006	78.59944006981749	75.99068447809611	78.31485117084458	121.39287148085168	121.39287148085165	121.3928715420897	121.39287148085165	121.39287154309656	121.39287158229033	255.0	121.39287158715081	138.61787218777124	150.01816136310663	153.15752753081188	153.1575275308119	156.06209183204982	150.89668593840264	175.59455790936673	154.4411469574843	102.0	153.0	57.66855990962608	43.41957074912182
81.31186602888627	25.912848012639188	115.96296901402161	43.422321298903825	43.42232129220122	76.86834867378178	76.86834866228082	69.20404069922392	75.59307845699846	104.81848040338565	104.81847996049979	104.81848009919227	121.39287151706262	121.39287151106271	121.39287153107611	121.39287153308985	121.39287155310328	121.39287158715081	121.39287153157099	133.37083584664026	133.3708357751527	168.78879625009324	133.37083565024176	204.0	191.25	86.42005333530392	101.99999999999997	153.0	254.99549971761635	84.91559138168168
8.629038483830954	56.57143124999999	86.45773448236687	115.96296907390018	43.42232128884996	43.42232133881464	76.86834864864738	76.86834867179687	76.868348633663	42.82717502999998	104.81848006751136	104.81847997059515	74.83132996110726	127.29916091549653	121.39287157765361	121.39287153107614	121.3928715546123	121.39287153157099	133.3708356990644	133.37083573702898	133.37083573702898	133.37083578042262	140.97470202809137	140.97470201	140.97470202809137	136.9749573213686	86.42005333530392	253.40831455121858	192.50874857632866	17.817701031722265
77.96092223893342	56.57143117793993	56.57143116500001	56.5714311225	86.45773434848834	43.42232133109803	43.42232127879609	99.86813079538865	99.8681308271947	85.31875556627628	85.3187556240072	85.31875567186381	104.818479963394	74.8313299154106	121.30540801620486	121.30540805241367	127.29916089924122	133.3708356502417	133.3708356990644	133.3708357153322	133.3708357036652	138.81078713777515	140.97470196749998	140.97470199117632	136.97495729421115	136.9749572768891	85.74827458338453	133.32784918066827	8.502409452922933	128.79965643986924
0.01478732535829863	0.0	56.571431122567446	56.57143117793993	56.57143124999999	59.011196203489504	90.10441645755725	90.10441644786471	43.42232103605028	83.23825914798917	83.23825940379908	83.23825931733455	85.31875558694293	85.31875581543372	69.34504764436485	76.71587709132362	133.37083524713532	133.3708356502417	133.37083562527647	138.8107867996062	138.81078697483974	140.974702095	140.97470186782567	136.97495729721442	208.8341378524864	208.83413790399402	28.555715745928325	104.83208351724357	2.0297728457924222	246.06279569784968
18.590045350001503	0.0	10.476644371342672	56.57143120250862	47.82565704074602	54.53369803286128	54.09227130684798	54.483242358907376	57.47784929317484	60.34955062871512	60.34955060034511	83.23825923086997	83.23825926550657	83.23825932835112	85.31875551942468	138.81078679960618	138.81078675698973	138.8107868296064	138.81078679960618	138.8107867996062	140.97470184	118.02504270578888	118.02504267863137	208.8341378524864	208.83413790399402	91.26468906267763	126.21471064764927	254.59328013690467	77.74703539408586	16.601631996845697
32.7627239983928	19.418721323808057	1.0177287133659263	74.55352775507623	20.060841885110875	63.15490621199223	63.15490624915816	63.15490624608995	63.15490623995345	60.34955046771057	60.34955062871512	60.34955060034511	60.34955060674616	60.34955063219371	60.349550595761684	111.00151888920234	111.00151886209704	111.00151886306014	118.02504291177755	118.02504272555842	118.02504271936763	118.02504270278556	118.02504272311089	118.02504265723985	0.0	98.64746572261731	232.64039330365657	125.19123819261998	195.142150496631	117.30974520676094
3.514341713619558	0.17832162553290232	20.548416842969345	21.50232235869504	17.22864807885489	56.807944370692184	63.15490627677244	63.15490623313414	63.15490623313414	63.15490624112928	63.154906225139	63.1549062843728	127.70863952822012	111.00151886306014	111.00151884854435	111.00151885128847	106.52899130774793	106.528991213696	106.52899123244904	106.52899124182554	106.52899115689976	145.1774777375935	145.17747768988312	145.1774778807246	114.8177353377092	98.6474658649355	98.647465852066	10.108945594807466	6.473644182013459	110.21292534936174
10.012044006870383	0.0	12.282274718255792	20.153980423092747	26.272983563103423	20.548416842969345	29.368006799399808	20.548416842969345	197.41229054437125	63.154906190091566	63.15490623313414	63.15490624608995	63.15490623995345	111.00151888920234	111.00151880052238	106.52899124645225	106.52899125938251	106.5289912252216	96.36750739472873	145.17747770527933	145.17747767887255	145.17747759194077	76.46143961245701	1.0810466101290217	98.64746534815697	98.64746583970657	98.64746584883258	55.92796346633804	63.90367611204687	0.0
1.0213245572085725	10.08552863834069	0.0	12.541478875903806	30.25829258347335	16.075081572747962	62.503553802904236	20.548416842969345	20.548416842969345	39.19820460146647	20.548416842969345	114.8177353377092	63.15490623313414	63.15490623995345	85.74827458338453	52.69814962465611	52.69814962105687	145.17747759446235	145.17747770527933	109.37962480281968	104.66469316068867	49.81095458550692	26.929385614186117	34.21428038332499	0.0	98.64746587678488	98.64746570876358	4.074333742170239	7.12044926113964	0.0
