253.96435064400777	253.09556469925926	254.9989548692934	253.83568983414938	252.2635814544531	248.31396896033655	245.7488436657619	253.22916666666666	252.45	253.86666666666667	254.47556960178017	255.0	251.67812604114314	236.86666666666667	254.48728088607055	240.428571431	247.714285707	251.11479468831124	247.714285707	250.08214285714286	251.688311685	245.6604922506991	253.81137319661892	253.81137319661892	245.94307562755284	254.91884462833102	251.65738863395683	254.9619627570132	254.98334166462732	254.98421685901567
252.66617210562197	254.99817085823616	230.78327359013463	232.96296295666667	249.08424906868132	245.7488442253518	251.688311685	234.26755802042922	233.45473138615458	253.76240350452014	141.93942908266126	249.8271975	150.62207146126588	226.02272714430526	243.4090907707903	253.28245787378793	215.28688524590166	238.88819415413454	251.20926243567752	248.41909213494026	229.46968329658768	227.59140428116729	181.176464963358	234.45185791940204	234.9722192911295	241.2015838986191	249.3067675995123	254.9051556122449	254.9619627570195	254.94822389176272
254.63751527527617	254.16734693826666	245.02793298324147	254.745	228.73161711203332	234.2675580568687	228.61462651738609	228.61462562168091	220.15020550831431	248.359375	153.95305034862542	248.85308865997322	251.10827567441933	242.79895776168698	248.9443451516235	251.65262653242928	247.5062607462114	247.47849242113887	242.03776624601247	220.4856316429225	219.32345373524055	246.1218568665377	249.83108108073182	204.0	230.55030782325994	240.31182127395246	254.28410966239926	254.93938283734948	254.9355351118668	254.99019302494605
35.233274368474355	254.79183673513333	205.50063994642045	120.75801364131175	90.7258076340095	239.24710424710423	221.354166578125	220.15020545199928	218.80655207012694	130.05	253.56103356103355	112.30628484628795	255.0	248.02877697841726	112.30628484628795	180.03704625763962	175.21530685796915	248.99632011057412	204.23932538773784	214.82984455636037	216.247554724204	220.3657400829175	246.80108815144928	240.0122448979592	204.0	253.12609933299433	254.7247109873536	254.28410966248504	254.11908704706372	251.49097542242703
78.91854206486019	52.956831225502526	5.009470265862291	226.00746280340655	248.4940912889649	218.07692307692307	214.94139890171982	249.23076923076923	199.94318194996254	210.83869608601356	253.7233422554718	238.84615384615384	255.0	232.48055655775227	236.033057925	182.14285714285717	138.16998792674127	237.6781737193764	237.6781737193764	200.91458256305265	242.03776624369303	242.03776624306425	242.30769229672816	190.38461537600068	195.499999983	242.51020408163265	253.67973372781066	254.28410966223424	254.71013769111136	241.1166666678
7.120454597938874	212.83148599580474	104.16298269293614	120.01563612834514	180.05121316220135	221.0636289525222	255.0	199.9431818454468	187.62437012959788	189.69560199623675	44.721331051962096	233.75	234.9090909090909	229.5	238.0	187.0	237.6957985569821	138.16998786581644	138.16998786581644	193.80470354404707	238.67425908480473	126.14845323138465	223.26666666666668	155.06756756756755	136.000000017	136.000000017	226.89795918367346	251.866181156122	251.05096296296296	249.781220732404
81.3007728683805	104.77520540417731	246.5682902132772	116.32252764054141	255.0	255.0	189.56134465136623	187.62436993766954	187.28813575511347	188.6208575625	255.0	225.5481438430484	230.08974801518812	230.08974801518812	240.3024539923327	129.56729876451476	79.61380647634829	143.39295511613005	143.39295509902328	188.73533871743513	148.59065459841517	138.16998792674127	245.1108361632303	245.11083616258284	225.9060402305527	224.37150837675458	241.88571428790002	241.42011834319527	237.4683695392695	249.78122073255614
44.7017364527282	120.76893447041829	69.7178636020156	255.0	255.0	255.0	255.0	174.10085687461526	186.0794035978526	187.2881356233769	220.1770338946926	152.8890816601164	236.95329087048833	230.08974801518812	209.20427563694022	211.8971329873103	194.04334090570603	179.8374302909873	219.58738118567805	148.59065462571277	216.98057732222878	196.15384615384616	173.53333501265433	48.06557146918402	203.13559320275783	203.135593220339	195.21978022121039	247.7589480914427	237.46836953759546	199.4666666712
163.12561353905073	156.47093556783517	229.85138647010862	235.3846153846154	235.3846153846154	175.01861293290858	174.10085687461526	174.1008566920314	174.1008567185933	255.0	204.07715374598615	152.88908161898598	220.52770795349772	236.95329087048833	185.5811418726214	236.95329087048833	222.0949871943729	171.09280749714804	80.8018369000595	131.82329759959705	193.1786642685566	237.36311239193083	218.72093023255815	173.5333349552218	231.2654409635353	201.875	76.5	164.18511066398392	247.218017578125	240.6971153846154
3.281120775934852	110.33282010584549	50.85995181367255	176.53846153846155	166.0982574665381	255.0	174.10085668183177	174.10085667875052	174.1008566920314	174.10085646741882	204.07715375241426	220.5277074138393	220.5277063994129	220.52770656285935	185.58114195092793	143.44441431112395	143.44441431112395	185.42668408209207	206.21027493355462	206.21027492716019	197.1714356478017	228.99966459835653	228.9996646002767	162.59502888375	165.85953589599802	242.22634508348793	233.50676378772113	230.09765625	248.76002819643517	254.325551020404
130.86635295433274	169.5127130169343	253.76299065754313	255.0	255.0	255.0	255.0	174.10085571791421	174.10085658544	174.10085646741882	187.00000011219998	220.52770516406997	220.5277063994129	220.52770643696596	220.52770661178693	176.52448873047416	176.52448873047416	235.10277538953613	165.0444554153599	206.21027490288137	206.2102749062805	138.8168538756463	139.39917808277937	139.39917794970987	154.64164111655202	165.85953580240601	242.65800000000002	237.64650283553874	247.218017578125	254.9348428453228
3.281120775934852	40.91777283107433	176.53846153846155	181.80878317281605	201.8661993465279	255.0	154.81048253966807	154.81048236371782	255.0	255.0	187.00000011219998	209.93946704877797	235.65046470958623	235.65046471039764	233.13657160346233	233.13657124807935	233.13657160346196	233.13657305368085	233.13657283760364	159.56395287827766	137.42136116374476	137.4213612043432	137.42136116374476	137.4213612158691	137.42136133075596	224.1939393939394	230.09765625	243.34606606606607	243.11827956989248	254.93938283734948
163.12561353905073	255.0	222.0369719422112	204.3177098185135	141.94355105075965	141.94355094957692	201.86619904478775	201.8661990415468	201.86619904478775	201.86619904478775	201.86619906885218	185.45454538500002	127.5	192.06982920089828	200.88192705002126	200.88192700826968	141.62710081194157	233.13656872879062	233.13657119407907	233.13657154129226	137.42136110606836	137.42136114113686	137.42136118297026	137.42136126435355	137.42136122142114	223.56164383561645	222.30769230769232	5.077890810664826	167.53500000000003	241.85108326309248
233.04512824930066	147.6310923283741	117.57863877857883	117.57863877857883	141.94355099001376	141.94355094268892	141.94355094268892	141.94355092744217	201.8661990415468	201.86619900696724	204.0	123.31856626171214	189.1592832044682	110.18651915705993	110.18651939552703	192.0698292039291	200.50325001526343	226.10317001109047	73.93899935464975	194.1044776119403	177.20338982391553	137.42136083788904	137.4213612043432	137.421361192583	137.42136122142114	175.3125	71.869918699187	230.93886431096973	254.5118783524931	224.1627906976744
221.70672860729132	203.68556874069378	117.57863877857883	117.57863880741704	117.57863891567752	117.57863916211096	141.94355092744217	141.94355084803928	173.37327398757546	93.93366886594421	107.19515557004962	174.36191973458108	115.8324868084126	144.81348060447294	144.81348084294004	83.6387000969325	119.17197151528183	218.40709475336098	194.1044775974549	110.11363615618546	110.11363636363635	113.05644915196075	113.0564490725578	137.42136108432248	137.42136133075593	180.96774193548387	188.47826086956522	254.78029847617185	241.85108326309248	196.71428571428572
221.70672860729132	203.68556874050307	117.57863866924407	117.57863881702977	117.57863879565679	117.57863879565681	117.57863885886317	155.06592306041534	179.67131906345548	99.32693042045037	99.52101384919922	100.92473774807468	160.7662888952217	211.55617552689964	211.55617557287835	83.63870014764348	211.55617566304647	211.55617571718366	211.55617577011853	54.118072991730315	113.0564490725578	113.0564490461511	113.05644905731108	113.05644900998627	113.05644894924035	198.89999999999998	188.47826086956522	71.869918699187	74.55015093557105	74.95451074042751
203.68556895391401	203.6855687211468	203.6855687532368	117.57863873564645	117.57863883625524	117.57863883625524	117.57863889393164	147.33367799586114	138.98509033133362	138.98509033828407	109.07239204975124	106.10889858213906	211.5561756073624	124.17166769866085	124.17166773949683	146.5459543693952	146.54595439320678	54.11807294997871	168.09742154219475	73.91195535263734	185.45454545454544	95.28352993514739	113.05644905042308	96.48472538694736	181.33333333333331	175.3125	73.19121682718401	254.9559388380549	66.4786269561647	243.6686818613093
115.96296904753169	203.68556872776935	203.68556877978776	119.60592595868448	117.5786387841309	150.61481487220442	142.45190331519922	147.33367795209483	138.98509032332623	106.10889858213906	93.91133475155155	138.98509035758772	138.98509033915	138.985090339341	155.06592309781223	134.95022759294298	134.95022760748725	85.2111330025339	168.09742137104047	73.91195528226615	95.28352973629433	80.89914353258118	80.89914341455997	80.89914353258118	80.89914428208581	170.0	145.77907817165195	9.582128616873518	0.17716577648789666	243.94000662821944
115.96296906071595	115.96296906511068	203.68556870256197	150.6148148617214	150.61481482929682	150.61481488194318	150.61481492238667	123.46425349308987	86.01718491053995	87.09635447245753	93.91133475155155	90.17154161668532	138.98509035758772	138.98509034529587	107.77818829591615	107.7781883061528	107.77818831893671	85.21113297915593	107.77818845254521	50.92284624758574	80.89914328140677	80.89914330796856	80.89914332124948	80.89914331816826	80.89914312538474	170.0	145.77907808376273	37.81580065619508	45.77170288237002	12.773044689726078
115.9629691060764	115.96296901402161	115.96296904852375	61.54312464535451	150.61481480784303	150.61481492489753	150.61481445092681	142.45190333719702	81.29880855242598	123.46425349308987	123.46425350326734	123.46425347086037	123.46425349582685	123.46425349582685	123.46425352079342	90.17154161668532	107.77818832954529	107.77818831347153	107.77818831347153	50.92284625401382	80.89914328140677	80.89914330796856	80.89914332124948	80.89914331816823	80.89914312538474	145.77907805172396	145.77907803167864	252.96050773720225	254.60363142776427	13.823660808397477
184.25962860203032	115.96296906071595	115.96296906770797	153.42420806433068	61.54312464535451	61.543124840907666	85.82750764983939	78.099597518139	76.27280808992253	78.35038717648325	123.46425337405847	123.46425356766235	123.46425350260199	123.46425356766235	123.46425350326734	123.46425347392446	87.09635447245753	123.46425354663862	107.77818827741058	114.15208345679147	80.89914312538474	80.89914341456003	117.60194402290603	112.45066640047392	149.17248015224837	69.12116644818241	76.5	153.0	203.54213599913135	218.12653526098708
253.76299065754313	166.88213328978782	115.96296901402161	153.42420815221234	153.42420812853015	61.54312470324399	61.543124732188744	69.89746421533064	76.31397829024127	181.5127290383926	181.51272873258313	181.51272858316594	123.46425347774564	123.46425347140425	123.46425353379973	123.46425349308987	123.46425351344482	123.46425354663862	123.46425352079339	138.10520607054752	138.10520630159505	158.152046203132	138.10520646928296	135.39439815193208	127.50000000000003	51.89793172982962	76.49999999999997	153.0	50.24877837799477	3.287065818830939
109.68656380318882	39.49999979999998	116.81531128716378	115.96296907390018	153.42420811668904	153.42420810043296	61.54312466606723	61.543124691208334	61.54312470377886	121.83059316	181.5127286704835	181.51272864187092	59.45581441822026	116.7267884631294	123.46425347086037	123.46425353379973	123.46425349582688	123.46425352079339	138.1052063244967	138.1052062957085	138.10520629570848	138.10520633910215	113.14286235587994	113.14286233000001	113.1428623005074	76.61794247912562	51.89793172982962	81.89946473089199	1.1298242584006744	144.4423298535911
41.412324077903634	39.499999803047444	39.49999980000001	39.49999980000001	116.81531118431238	153.42420811848407	153.42420808116566	84.75176617325718	84.75176621938488	189.81482409012835	189.8148241090235	189.81482409144843	181.5127287618626	59.4558144410492	82.90907382333222	82.909073795746	116.7267884880855	138.1052062089213	138.1052063244967	138.10520627401172	138.10520623289017	127.50000000000001	113.142862245	113.14286231896489	76.61794251449277	76.61794247542832	112.45529623877391	243.66996689098295	2.153935931748663	26.068280740936615
109.54592047457439	184.25962860203032	39.49999980304747	39.499999803047444	39.49999979999998	55.858214321848635	116.8300120732587	116.83001213418356	153.42420790073965	154.42458022262235	154.4245802365836	154.4245801501191	189.81482412206583	189.81482403872286	69.42290254401391	75.88228097298128	138.10520607054752	138.1052062089213	138.10520630159505	127.49999999999997	127.50000014965886	113.142862245	113.14286218352706	76.61794250614781	89.49711530648665	89.49711521460878	46.52486151824618	240.45442174845974	186.63954409119685	15.549146352495171
32.763287823132	109.68656380318882	180.7598131999786	39.49999982020208	49.94008579898244	77.79370361040915	53.288289450198164	56.86439939426006	41.65169310899307	34.40983042887228	34.409830402652005	154.4245801212976	154.42458011191312	154.42458016427486	189.81482404327676	127.49999987000794	127.49999992517056	127.50000000000003	127.5	127.49999999999997	113.14286249999998	76.61794251449277	76.61794247912562	89.49711530648665	89.49711521460878	91.26468906267763	126.21471064764927	200.6925393607563	182.91225333260135	253.83924046014678
30.54267694709273	0.17856159297917884	36.85321394152996	11.570599833152727	20.060841885110875	86.6517559764253	86.65175597642533	86.65175598460422	86.65175592662999	34.40983025771462	34.40983015039038	34.40983028170888	34.40983032351886	34.40983038633192	34.40983041008312	74.24266589985388	74.24266586582931	74.24266584613613	76.61794273690069	76.61794252150759	76.6179425321763	76.61794250614781	76.61794247542832	76.61794254129936	110.95474892207613	98.64746572261731	254.53986979612836	6.602773631655566	137.5900944665071	231.89963768130346
4.545791151578811	25.33294925846937	0.0	4.496901491118507	3.603123976254068	10.064162751886442	86.65175597714756	86.65175597303934	86.6517559568984	86.6517560001501	86.65175597821059	86.65175599241874	20.502244851373945	74.24266584613613	74.24266584881701	74.24266585220539	69.57916090662607	69.57916100287576	69.57916100287576	69.57916100287576	69.57916097731928	80.93542037358463	80.93542042473905	80.93542058494401	149.46075717923594	98.6474658649355	98.647465852066	12.668488864161958	225.36939624285174	110.21292534936174
10.102655770518737	10.360287035747945	12.425544097846767	20.57498326474567	23.91451685241472	0.0	29.444132099496215	35.642129522906544	129.19444777909052	86.65175596765906	86.6517559568984	86.65175598460422	86.65175600096191	74.24266575585537	74.2426658461361	69.57916104378398	69.57916102441669	69.57916100871756	37.138088565628834	80.93542043983635	80.9354204134296	80.93542030653987	13.10051519620339	1.0810466101290217	98.64746534815697	98.64746583970657	98.64746584883258	33.90646165849739	55.92796346633804	0.0
1.078865523904966	10.494502936589953	10.178322593745833	12.425544097846767	0.11412874305179344	31.180783135928834	1.5337403345773737	32.57536585338528	35.642129522906544	32.57536585338528	20.548416842969345	3.5893330247928077	86.6517559568984	86.65175600096188	0.0	34.246112058476	34.24611222681088	80.93542034463655	80.93542040022623	28.43480819243956	26.603669701871922	7.255434908915618	0.7436748669015003	6.93067864655643	82.91372115739233	98.64746587678488	98.64746570876358	2.776962083391936	25.61276410721061	0.0
