254.92480671621502	245.05029720814815	254.9990427483021	245.5712721264161	222.3340040550638	227.02991455829326	223.3006319761663	253.22916666666666	214.2	226.66666666666666	110.84928919523085	232.23214285714286	205.0149481793536	250.46666666666667	79.8728915208739	248.625	242.25	251.23261987288265	242.25	250.08214285714286	243.4090909090909	235.68736879554135	209.0511741390363	209.0511741390363	245.59690736593942	235.4951800892353	252.62394298011182	254.99739880659234	254.98528355378576	254.17101256073533
252.36138198439818	254.99817085823616	229.2380223413319	204.62962962333333	225.73260071703297	223.30062921365365	243.4090909090909	188.40565512754094	203.53702860577545	105.78644619531104	55.68283505399455	179.44444452	150.62207146126588	243.4090907707903	226.02272714430526	72.69573203176432	195.66256830601094	223.33560831164235	251.20926243567752	251.575542162354	234.06786430298922	228.41174396910375	178.64830518666298	235.17520382867625	241.27670264750873	240.81406172480163	247.03337585612462	254.9051556122449	254.99739880659297	254.9996587024114
254.24753099444845	254.840625	245.02793298324147	238.68	205.50063994642045	188.40565523617548	192.89359054536374	192.89359034418158	163.07422630245503	248.359375	74.05152146075102	166.51819004787194	80.74972818656818	177.0265422691415	77.13953450199782	56.733614136018076	251.84029100873806	251.70934043424825	250.0478790055183	213.43366799539496	219.86155444673946	252.78046421663444	189.52702705706264	242.25	231.53096209128665	239.02906325868142	254.88133613503493	254.93938283734948	254.99682989957725	254.99981261979073
35.233274368474355	254.3625	228.73161711203332	26.562728610168705	37.761113852495384	253.56103356103355	177.08333342187498	163.0742263911996	166.75280581614516	91.79999999999998	239.24710424710423	217.40562373776604	191.25	248.02877697841726	217.40562373776604	141.66666663995375	227.91079451447732	52.286273384179395	237.7652861978127	215.3648742133674	216.15218126477808	246.4916801244378	253.11344952128218	252.18979591836734	242.25	253.2494412253911	254.93375858133197	254.88133613507895	254.96903040399835	254.57565284178187
140.59791759160635	0.09773692060230132	118.4434612770612	183.87045119770897	45.74981358162705	249.23076923076923	163.62252744822973	218.07692307692307	133.2954545000129	176.01401518773804	180.51197255742733	238.84615384615384	191.25	124.70570016742764	141.66666678	159.375	211.88151867840145	146.8095768374165	146.80957683741644	200.95988312826208	250.04787900595426	250.04787900483265	190.38461537600068	242.30769229672816	118.99999998300001	253.4387755102041	254.86738396819527	254.8813361350374	254.97984924427016	182.46666666779998
0.4141420205934878	11.713492241152608	240.66593041159155	10.114630666097128	121.4238626060096	176.5525325069322	101.47470229499999	133.2954545636312	117.5503946141992	143.89974324557755	206.79300937350055	233.75	234.9090909090909	153.0	170.0	221.0	58.373020767488924	211.88151867035631	211.88151867035631	201.77015058866527	239.3885255581921	209.10215291902688	245.93333333333334	245.52364864864865	187.000000017	187.000000017	250.31632653061226	251.866181156122	254.67762962962962	253.59494404333955
22.27008888159577	45.336800400572116	13.38012800826914	253.76264079373726	101.47470222504387	101.47470222504387	116.81229668948572	117.55039426598398	140.4661013949368	134.71960175625003	157.13203535753348	39.82474639926255	45.683465654124944	45.68346565412497	37.73050347730188	180.6843524489316	211.86303884423046	207.59611646522117	207.59611647936873	187.90863174014845	204.64422634346963	211.88151867840145	252.57458988506428	252.5745898843971	241.30872479172672	224.37150837675458	249.2625	241.42011834319527	248.42563857722607	253.5949440433805
44.7017364527282	60.90115131945535	118.87801677872861	101.4747021675	101.47470221	101.4747022250439	101.47470226911383	101.8424724691881	138.75481320954344	140.46610164729964	220.1770338946926	152.8890816601164	32.12314225053083	45.683465654124944	126.16736775207659	197.98026655650898	214.68095981066477	169.97299681369503	219.58738118567805	204.64422631228456	240.54160674850363	196.15384615384616	208.90402254657295	181.28846924833988	229.06779660137892	229.0677966101695	241.45604395781285	254.09486851143035	248.4256385765983	236.8666666644
109.50728293252925	22.27008888159577	251.46015036107576	176.53846153846155	176.53846153846155	123.21138122859796	101.84247304753862	101.8424724654179	101.84247243197976	101.47470254999996	100.43015851795948	152.88908161898598	34.36920218578149	32.123142250530805	149.4172433190207	32.12314225053072	236.55146986640383	171.09280749714804	123.31856624276497	68.77433039013553	228.230576382696	237.36311239193083	246.97674418604652	208.90402258464763	249.06636024088382	233.75	204.0	244.9949698189135	254.937744140625	251.73076923076923
55.47162870051389	25.05512044469637	50.85995181367255	235.3846153846154	81.5453138437218	117.17854150809637	101.84247246918812	101.84247248213703	101.8424724654179	101.8424724319797	100.43015852282926	34.369201898240135	34.36920290683091	34.36920262891854	149.41724333298237	185.4599859317607	185.4599859317607	176.1231458946957	228.44605183608516	228.4460518362675	216.7499999927875	246.3189669629381	246.3189669650035	208.33176099	224.75591392173519	252.41893158388004	252.61186264308012	254.00390625	254.7688899332013	254.87090625
4.78325082791531	117.23231126994426	81.31186602888627	117.17854127917988	117.17854122918652	117.1785412470974	117.17854124411568	101.84247189083754	101.8424724691881	101.8424724319797	93.49999991585	34.36920294206672	34.369202490144545	34.369202869390136	34.36920294206644	132.67116162039306	132.67116162039306	29.492200747371868	206.91673887857263	228.44605182435856	228.4460518329941	202.24721374149715	206.83299078112412	206.8329908123791	229.23166872276704	224.75591393295917	254.898	250.66162570888469	254.501953125	254.93855688369658
8.613431858723345	40.91777283107433	235.3846153846154	82.50997635373781	201.8661993465279	117.17854125605282	107.28254930388442	107.28254909134688	117.17854122658358	117.17854138233633	93.49999991585	30.923733525571947	167.68835617484345	167.68835616704285	26.98567748313593	26.985677659528648	26.985677483136072	26.98567893335445	26.985678190496202	159.5366664347502	180.81613840260064	180.81613839048714	180.8161383490883	180.81613839514165	180.81613853087893	249.23030303030302	251.015625	253.76660660660662	253.52906586021504	254.93938283734948
0.31936397670426686	89.85526494981661	147.6310923283741	71.99616450855797	87.03228976750984	87.03228970752801	201.86619904478775	201.8661990415468	201.86619904478775	201.86619904478775	201.86619906885218	84.99999991499999	106.25	90.60547226462234	78.06570171789144	78.0657016244914	140.75452292445738	26.985677029705926	26.985676466535978	26.98567683476253	180.81613827319893	180.81613832029132	180.81613837438476	180.81613844350804	180.81613842497768	245.85429638854296	247.13341346153845	253.7241426901992	124.44	156.321649120114
103.85604350919971	222.0369719422112	74.18386157502235	74.18386157502235	87.03228976760488	87.03228978763048	87.03228978763048	87.03228978008184	201.8661990415468	201.86619900696724	204.0	161.8871652522563	107.77568139329088	155.09184191221294	155.09184192782075	90.60547219312153	28.30772744044583	23.194484013861825	174.85725275358908	228.3582089552239	216.10169491195776	180.81613828444546	180.8161383904872	180.816138387033	180.81613842497768	239.0625	174.14634146341461	132.49281204409624	109.40169141328482	224.1627906976744
81.36876234820323	115.96296906511068	74.18386157502235	74.18386161296701	74.18386171555457	74.18386171555454	87.03228981969195	87.03228982768172	67.6087499440043	76.05555890942463	106.1639553367593	93.72383928884992	114.10181666902852	99.90815807217925	99.90815808778706	171.3612999030675	119.01065178560316	20.81264112245944	228.35820893818223	182.55681807809273	182.5568181818182	167.96771017231828	167.96771021991816	180.81613828444543	180.81613828444543	230.32258064516128	221.73913043478262	177.26876156006304	156.321649120114	196.71428571428572
81.36876234820323	115.96296901402161	74.1838614691211	74.18386162561526	74.1838616095128	74.18386160951283	74.18386167970868	186.5916143082136	179.67131906345548	99.04003198438741	99.62370164754992	108.82852452536096	80.75230947631263	15.69756095051298	15.697560591697595	171.36129985235652	15.697560726790101	15.697560672652912	15.69756025955138	176.9342983755086	167.96771018030807	167.9677102067148	167.96771021236952	167.96771023239512	167.96771023249016	249.9	221.73913043478262	174.14634146341461	12.773044689726078	163.12539317758603
115.96296904753169	115.96296906071595	115.96296904852375	74.18386155649193	74.18386165091172	74.18386159739936	74.1838617268011	148.37673564123565	138.98509033133362	138.98509033828407	98.25527477887226	82.60827464779788	15.69756074579243	209.77433004623217	209.77433010002363	207.0509362510721	207.05093630584292	176.93429828210856	212.1843649734846	145.70969374046967	227.1818181818182	168.34069969128467	167.96771029247202	172.12576649939905	232.33333333333334	223.125	172.49002364626213	92.90280370965976	54.67449748487107	0.1430279944229369
203.68556895391401	115.9629691060764	115.96296907390018	50.65940492819834	74.18386160485838	150.61481487220442	142.45190331519922	148.37673560504868	138.98509032332623	89.0776319473481	77.04570721689487	138.98509035758772	138.98509033915	138.985090339341	186.5916142994344	187.40819399403122	187.40819407225788	154.43956174140084	212.184364895542	145.70969369897148	168.34069960330325	153.1575275680203	153.15752753081188	153.15752756802027	153.15752810916246	217.8125	145.77907817165195	255.0	236.2243321402431	243.94000662821944
203.6855687211468	203.68556874069378	115.96296906770797	150.6148148617214	150.61481482929682	150.61481488194318	150.61481492238667	161.04084789179967	85.81443511193825	110.20681453349508	77.04570721689487	86.17444576780304	138.98509035758772	138.98509034529587	171.43952817708504	171.43952818412276	171.43952819646205	154.4395617919589	171.43952832278342	154.56984147717077	153.1575275680203	153.1575275345821	153.157527517863	153.15752753081188	153.1575275308119	217.8125	145.77907808376273	56.41324701978681	73.7379740594101	74.55015093557105
203.68556872776935	203.68556874050307	203.6855687532368	48.26781203322804	150.61481480784303	150.61481492489753	150.61481445092681	142.45190333719702	81.11665076520737	161.04084789179967	161.04084790507466	161.0408479447874	161.0408479142206	161.0408479142206	161.04084793205476	77.04570721689487	171.43952815046143	171.43952820095342	171.4395281819384	154.56984148204052	153.15752756802027	153.1575275345821	153.15752751786303	153.15752753081188	153.15752695246138	145.77907805172396	145.77907803167864	30.002397047195217	221.10502285806203	0.26893208590942663
3.287065818830939	203.6855687211468	203.68556870256197	47.878840789663855	48.26781180431158	48.267811874670144	85.82750764983939	78.099597518139	65.25135853480245	77.57899228492323	161.04084784798545	161.04084784798545	161.04084791060436	161.04084784798545	161.04084790507466	161.04084791932212	110.20681453349508	161.0408479360558	171.43952814764873	155.40548312640993	153.15752753081188	153.1575275308119	175.67319539066807	164.84388540055681	214.7098920080412	154.4411469574843	51.0	153.0	157.35000348444103	233.34462023780026
22.27312754484248	166.88213328978782	203.68556874050307	47.878840787043856	47.87884077965339	48.26781186617356	48.26781189710451	69.74631399018355	76.17265279635208	18.69340811357307	18.693408239409592	18.69340788386745	161.04084788884558	161.04084791834964	161.0408479448996	161.04084789179967	161.04084791834964	161.0408479360558	161.04084788365378	190.88899596203805	190.88899592435678	210.477849247211	190.8889960897218	218.93755419788152	183.51582814125817	143.85103940587436	51.0	153.0	85.48374593091916	3.287065818830939
55.57213740917237	24.712053314999963	39.4637177828821	203.68556877978776	47.87884077595817	47.87884077264664	48.26781189348836	48.26781185407657	48.267811884079265	46.793371845000024	18.69340788418026	18.693407881233583	100.31908127857557	167.69230251869118	161.04084794478734	161.0408479448996	161.0408479142206	161.04084788365378	190.88899593691718	190.88899595954092	190.8889959595409	190.88899595954092	189.90551118798544	189.905511225	189.90551118798544	182.63327647904939	143.85103940587436	184.360794257924	253.64944988368	108.99095190951985
8.629038483830954	24.712053392938373	24.71205331499999	24.71205331499999	39.46371770531073	47.87884076413806	47.87884076487245	66.1431465049196	66.14314650861243	11.73230406316054	11.732304182705604	11.732304215356493	18.69340783963355	100.31908119727433	132.75101542033565	132.75101544174393	167.69230252087297	190.8889959595409	190.88899593691718	190.8889958944505	190.88899588667556	188.5967331752416	189.905511225	189.90551118798544	182.63327639228152	182.6332764130995	140.10294706507483	5.077907049843958	186.2394588439342	247.88433455814226
11.568644450669723	3.287065818830939	24.712053337565862	24.71205331910832	24.712053569999966	58.21687839181578	43.11848132159855	43.118481329643686	47.87884101051014	14.278798749955968	14.278798613418132	14.278798786347181	11.732304057412279	11.732304313309328	69.57606355453566	75.88228097298128	190.888995962038	190.88899582936006	190.88899592435678	188.5967327026695	188.59673265454995	189.905511225	189.90551127046035	182.6332763816479	135.66297745400024	135.6629774639744	241.87010810997606	15.875402152353246	189.1159826367378	22.842888406455415
74.11824325297823	8.629038483830954	14.584096951006273	24.71205318218054	47.82565704074602	77.79370361040915	53.525551116670954	55.631453124873616	26.921066246994428	110.81906367474488	110.81906386988271	14.278798671061196	14.278798744348876	14.278798742246181	11.732303969457348	188.5967327026695	188.59673276523688	188.59673272834124	188.59673274600016	188.59673276766551	189.90551097	136.97495729421115	136.9749573213686	135.66297745400024	135.6629774639744	91.26468906267763	126.21471064764927	0.7540764538265137	4.555973430456788	51.59545841501182
30.54267694709273	49.65528423306597	1.0177287133659263	66.40792581546009	129.19444777909052	27.661339260143535	27.661339260143535	27.661339258799643	27.661339330443838	110.8190637208709	110.81906367474488	110.81906386988271	110.8190638200582	110.81906381732279	110.81906389271484	117.59052809264335	117.59052801877883	117.59052802581698	136.97495739156977	136.97495727444158	136.97495728063237	136.97495729721442	136.9749572768891	136.97495734276015	110.95474892207613	98.64746572261731	88.46489797912312	110.21292534936174	214.0732323896807	141.3472742255155
33.12461305548581	25.33294925846937	255.0	0.0	0.0	64.81452555856546	27.661339197906415	27.661339253027933	27.661339253027933	27.661339288811604	27.66133928180804	27.661339322516113	118.77098614508174	117.59052802581698	117.59052798184655	117.590527993738	131.38610735744498	131.38610735400354	131.38610733525053	131.38610735400354	131.38610736139333	135.84668159599354	135.84668157979746	135.84668146217044	185.3239164562707	98.6474658649355	98.647465852066	93.72250104671082	11.888872482714902	6.602773631655566
10.102655770518737	10.285372430373485	10.217823055452357	18.790187844635227	26.272983563103423	255.0	29.81178169441793	30.374465792951497	20.060841885110875	27.66133922074596	27.661339253027933	27.66133928357698	27.661339330443838	117.59052794864488	117.59052796327919	131.38610732501658	131.38610732802087	131.38610733914504	96.36750739472873	135.84668154758657	135.84668154758657	135.84668158978968	13.10051519620339	82.91372115739233	98.64746534815697	98.64746583970657	98.64746584883258	33.90646165849739	2.21393015290613	0.0
1.0912143909157237	10.071687961804031	10.494502936589953	12.402771183424647	24.17189464953023	19.453629436966423	53.890490921192196	32.57536585338528	30.374465792951497	20.548416842969345	32.57536585338528	54.61283193544992	27.661339253027933	27.661339256111916	39.3350700344275	106.86663264653637	106.86663271355565	135.84668154740535	135.84668154758657	66.15756909758127	62.53972858097356	30.141800690389545	26.929385614186117	6.93067864655643	1.0810466101290217	98.64746587678488	98.64746570876358	11.733528193183503	25.61276410721061	255.0
