254.94326187066085	254.06336088518518	254.86243508708958	223.1392809139785	249.5427108027709	191.5564903846154	172.2729484653376	131.6940789473684	244.8	163.2	25.870577825208557	250.44642857142858	249.84208242578225	226.66666666666666	190.76391337166592	212.5	223.833333339	234.42427699049907	223.833333339	224.94642857142856	247.27272728045455	185.3944027929731	123.27086899341103	123.27086899341103	249.55013674118473	160.3212024192123	254.04609527808168	249.40759641177135	250.87437990855165	254.46120278982085
254.990643082219	254.58254669278426	253.6397105126847	239.54545453	233.5164835164835	172.27294543741064	247.27272728045455	164.74412793109144	169.91837982942536	24.486181680631148	254.7555044248157	246.969674895	56.44703202705767	173.86363626485021	197.04545428861053	178.93436862894728	230.03415300546447	251.68375132257447	231.08919382504288	220.1480612941767	243.01838211393897	227.36948325780432	241.81186209712885	222.16659071582285	234.9280369764926	240.85777743039407	235.94051776578146	251.4579719387755	249.4075964149897	248.66188590638254
253.99676993260508	247.91666666666666	233.1132554638263	252.96	255.0	164.74412799638117	135.62830639472213	135.62830571075267	138.27616212155053	99.609375	201.925930575541	245.45837827670314	17.571743926900183	238.61765210519937	16.71420072778639	153.89812605037594	137.66984360699178	161.1378533387956	184.05002686736776	188.43615319467767	219.58233519468985	132.9255319148936	251.55405408828068	140.25	231.5594541489161	239.20386755243607	235.02201450733494	252.73318456593782	245.63127594369007	226.8131355693841
35.233274368474355	251.19074074086666	231.39608952371393	251.32392706715402	253.57585374430164	0.0	132.8125	138.27616205356424	144.42536870529864	163.2	154.8024948024948	183.87689227210745	233.75	71.42096608427545	183.87689227210745	192.22333959759544	197.92401597174086	144.25223380750333	218.6870765461469	214.57701722250545	215.1496868760559	182.04795109556807	132.84044380827964	180.58163265306123	140.25	222.73737176807015	220.01640609394315	235.02201450876765	233.28198667221992	254.88575268817203
65.4735267724767	188.67756038139282	180.5382952053743	149.65066852677987	160.45541978453372	0.0	115.188649190922	120.0	109.05991753631221	128.16976598201072	112.62192574562394	69.23076923076923	233.75	224.82993306655726	229.57063704	201.875	73.71153075166018	71.74832962138086	71.74832962138083	200.34783605684174	184.05002684510106	184.0500268480401	234.23076923170902	212.41258739038858	234.6	207.29591836734693	219.23096398682335	235.02201450176875	196.26811594318482	253.368
155.95722953046584	72.68328834447323	200.4213316261863	36.10936289515206	95.03799788445815	66.23716549372122	178.23735127499998	109.05991734600818	94.29296365046147	91.3297099777651	118.84548568442946	63.74999999999997	51.00000000000003	204.0	102.0	170.0	12.256518500684848	73.71153080453988	73.71153080453988	219.6920481855392	168.75799416361832	182.25363355128246	171.8888888888889	129.22297297297297	227.181818205	227.181818205	197.75510204081633	247.57168866636323	227.9119341563786	254.58302246224702
58.61245556181714	7.586790929340367	100.48304133548888	71.54433203101127	178.23735113097945	178.23735116789447	92.48391598540206	94.29296384975399	87.79131316113637	93.35971355625006	214.46176166652586	7.906618836000746	9.242319641007924	9.242319641007924	112.68204481855759	125.79673029600889	196.68999576745023	213.60198243572137	213.60198247547007	189.25606453908136	157.78452794620355	73.71153075166018	196.1235870766513	196.12358707613322	219.0604026905939	240.75418993721013	236.2999999983	230.85798816568047	252.55498955449988	254.58302246216996
58.954009675878666	12.874694262105066	93.66801891487975	178.23735102	178.23735110500002	178.23735111252194	178.23735113455692	79.98743829459153	86.04822667583997	87.79131352956227	46.56753093422046	117.74857988609156	100.52016985138005	9.242319641007924	201.5044668473055	165.85124788579455	150.8966859316828	140.02220348168777	167.45766328526156	157.78452785924406	81.66948586452224	176.53846153846155	232.07013010995414	138.16998792674127	243.21263480702123	243.21263481966102	236.3186813204126	250.8095764418071	252.5549895540229	251.9652892578
11.564564116281815	81.3007728683805	243.01249336570828	78.46153846153842	78.46153846153848	70.39996702897756	79.98743829459153	79.98743835407188	79.98743832780943	178.23735101999995	179.53031898752346	117.7485798661834	6.694907333735472	100.52016985138002	235.1938532200588	100.52016985138005	106.24334351195904	171.5107300949369	170.77627193486703	182.8751083066917	117.24411565083687	168.28530259365994	141.27906976744185	232.070130091912	238.5176673357884	244.375	178.5	200.1006036217304	251.93101671006946	253.77403846153845
8.613431858723345	83.47001247338545	71.26515056748636	0.0	60.044213180755975	186.08927052513167	79.98743829459153	79.98743836720317	79.98743835407188	79.98743857898387	179.53031900832036	6.694907200542133	6.694907311855673	6.694907540299511	235.193853169477	218.13848615528906	218.13848615528906	168.67070174286198	126.16708051385882	126.16708053340054	185.945673544334	161.64682206942814	161.64682207078357	228.59388542250002	234.63001099750477	206.30111125987415	245.4474505723205	241.60807291666666	253.1511194656104	253.62866666712
235.60900416976526	3.2159593709924934	202.56498188835525	186.0892707540482	186.08927066430186	186.08927064011823	186.08927062205782	79.98743829459153	79.98743829459156	79.98743807663493	229.49999997195	6.694907168868042	6.694907311855673	6.694907582353181	6.694907892726377	83.7175961603418	83.7175961603418	94.51968257319442	109.42069745377506	126.16708044947455	126.16708048114108	216.20424121319124	220.68100607460696	220.68100595382012	254.3972759123109	234.63001111109668	228.888	249.09499054820415	251.93101671006946	253.31028866009405
134.93190186376762	78.3265290450035	0.0	239.34443035746347	31.60285966347766	186.0892706280264	62.57761324106502	62.57761322571744	186.08927055606267	186.08927069116817	229.49999997195	6.03955027329269	189.6847468619199	189.6847468525305	88.61162793252933	88.61162913706863	88.61162889934187	88.61162938274785	88.61162824219255	159.71274202759457	214.89855000332045	214.89855004737402	214.89855005683282	214.8985500267682	214.89855011660043	207.70909090909092	241.60807291666666	233.51159159159158	233.29301075268816	252.73318456593782
11.564564116281815	194.2674012294443	57.70016904383286	155.65596279056598	54.911261124809386	54.911261242048965	31.60285905999737	31.60285917574501	31.60285926115742	31.602859210867422	31.602859356070468	174.47368413	148.75	39.577348335881254	214.06125824231074	214.06125816007537	141.370898169367	88.61162787742424	88.6116280962853	88.61162890961177	214.89854996663888	214.89855001276084	214.89855001554767	214.89855001276084	214.89855004000205	173.1967621419676	205.96153846153845	180.55867481901163	199.92	166.557591382525
239.57444845524765	0.0	40.101450067022654	40.101450067022654	54.91126113120325	54.91126115505844	54.91126115505844	54.911261147360364	31.602859241267026	31.602859235853515	30.599999999999966	107.77568139329088	57.477849466180345	196.94206618609218	196.94206615200756	39.57734828872444	5.516059942900881	77.65085915136396	85.30539153629084	114.17910447761193	190.16949151992964	214.89854987016696	214.89854996522956	214.8985499949051	214.89854993297735	196.5625	134.0650406504065	15.63478327018646	12.738334299928738	224.1627906976744
105.91949750210426	39.25226473762433	40.10144995999795	40.101450005094904	40.10144988339957	40.10145012983304	54.91126118697045	54.91126120276883	160.88554189423417	113.14138915514471	106.40193711008766	140.9605331234972	115.34314150540865	58.057933847992444	58.057933813907795	107.8738676237117	118.87853496096218	70.37047896386355	114.17910446909113	200.66761366723432	200.66761363636363	200.08873879723117	200.08873885263966	214.89855011660043	214.89854987016696	205.6451612903226	216.19565217391303	38.59510127009847	166.557591382525	196.71428571428572
105.91949750210426	39.25226466749447	40.101449883399596	40.10144998445233	40.10145003477038	40.101449952625956	40.101449987239164	45.170395083327094	21.55494761687791	99.22962346982794	99.56899940908463	105.17275494368579	151.90162119235669	56.396318302929956	56.39631808319052	107.87386767112304	56.39631820965545	56.39631820965553	56.396317956671	40.93874183992463	200.08873881302955	200.08873883943627	200.08873884494156	200.08873886879675	200.08873887519061	173.39999999999998	216.19565217391303	134.0650406504065	255.0	247.32466593421486
39.252264797433156	39.25226460687247	39.25226478431094	40.10144998723919	40.10144994316718	40.10144999667955	40.10145003336112	89.37491198750612	75.26846990149588	75.26846990110755	91.4368301763486	91.22149076058622	56.396317706782526	69.00466655017948	69.00466653846098	32.150403846334484	32.15040385223685	40.93874175768926	88.01363928691816	130.81031678846063	125.18181818181816	188.4457039914941	200.08873875795103	192.25297669223391	158.66666666666666	196.5625	15.655569642536534	195.0924572806822	161.5447315830354	4.1998973718442585
0.0	39.25226467723496	39.25226470771992	36.21628292293582	40.10144997323181	14.05643554320855	80.63929337542857	89.37491199478592	75.26846987149048	82.60827464779788	61.44897317968477	75.26846984462651	75.26846989711461	75.26846989630081	45.170395134475655	29.23677296253061	29.236773016149527	57.72096310526092	88.01363929091863	130.81031676611707	188.4457041898576	175.01256142101616	175.01256170540842	175.01256192336504	175.01256170540847	148.75	117.17854127917988	16.104931452438734	183.33415401158283	243.94000662821944
0.0	0.0	39.252264706433294	14.056435562108334	14.056435543208579	14.056435559385278	14.056435553939195	53.52958404988294	85.91426337189708	74.51128293182353	61.44897317968477	96.12488546591402	75.26846992567854	75.26846987961855	46.83626757934152	46.836267577219644	46.83626759125548	57.72096309880817	46.83626770265073	75.46968099167967	175.0125616721906	175.01256164592814	175.01256163279686	175.01256170540847	175.01256170540847	148.75	117.17854122918652	79.01210570372089	149.49605154265743	201.42729657638873
0.0	0.0	0.0	76.86834869678364	14.056435543208522	14.056435536112929	14.056435537600919	80.63929333195438	81.33872151751902	53.529584049882885	53.52958407531571	53.52958403096312	53.52958406920371	53.52958406920371	53.52958405904346	96.12488546591402	46.83626755652304	46.83626758756796	46.83626758756796	75.46968101247651	175.0125616721906	175.01256164592812	175.0125616327969	175.01256170540847	175.01256170540847	117.17854124411568	117.1785412470974	170.83346587136742	0.7086643909664474	4.548282082251177
249.3061437834513	0.0	0.0	136.11272018028114	76.86834869678364	76.86834881751298	47.17339589439035	78.69982101768963	74.83612838287928	78.0057235604963	53.52958393416117	53.52958393416117	53.52958404210037	53.52958412776505	53.52958407531571	53.52958408712371	74.51128293182353	53.52958414174654	46.836267615083415	126.42403155158667	175.01256170540847	175.01256170540847	142.81495702784625	132.92804379690403	125.5566275517086	182.0510799199547	102.0	153.0	181.48616218331057	245.4208337425896
202.56498188835525	73.31590772120006	0.0	136.11272005624153	136.11272003523146	76.86834867378178	76.86834866228082	69.29826627563014	77.63534982513482	3.522200904191436	3.522200732099492	3.5222007308938146	53.52958403950615	53.529584058708025	53.529584067533165	53.529584091923425	53.529584058708025	53.52958414174654	53.52958410744441	63.203816980226975	63.203816867498716	97.77911090411399	63.2038168345245	110.75021663025001	107.31516963788692	104.28437509788515	101.99999999999997	153.0	99.24402487522627	240.59879354807882
24.414367301296124	56.57143124999999	208.8196153369089	0.0	136.11272002472646	136.11272004127105	76.86834864864738	76.86834867179687	76.868348633663	111.70237081499997	3.5222005848393962	3.522200544087525	57.054303142746875	43.55952841764301	53.52958403096309	53.529584067533165	53.529584069203764	53.52958405904346	63.20381680515729	63.2038168345245	63.203816834524474	63.20381683452453	90.91956748805376	90.919567535	90.91956748805376	97.0481672523953	104.28437509788515	252.1076281104466	120.26340813576454	254.79451324467445
1.804639302562009	56.57143117793993	56.57143116500001	56.5714311225	208.81961527703677	136.112719971766	136.11271999321133	33.28516327928651	33.28516334762759	43.03637232186898	43.03637232655035	43.03637231441235	3.5222005262303355	57.05430308746773	44.60305878973705	44.603058806797435	43.559528436588096	63.20381683452442	63.20381680515732	63.2038167694341	63.20381675477054	71.2311129799076	90.91956749250002	90.91956748805373	97.04816728371185	97.04816727922895	85.74827458338453	171.07051855544967	232.09262086261117	3.1703120200041326
0.8608435500982807	249.3061437834513	56.571431122567446	56.57143117793993	56.57143124999999	56.03640072999144	181.28846924833982	181.28846919546012	136.11271976325085	2.677948885513274	2.6779489471783506	2.6779490336429035	43.03637236325193	43.03637227799871	69.9076105850491	76.82381491866673	63.203816380721975	63.20381683452442	63.20381671762249	71.2311129473419	71.23111289629688	90.91956762000001	90.91956752753958	97.0481672625161	125.39603956813093	125.39603953006429	253.08600392670877	254.8077987912197	134.4975468558226	4.629362019679661
242.61860398728004	24.414367301296124	100.8878122200818	56.57143120250862	49.001828994646104	63.58809709791427	53.179889355577075	57.1366050199488	57.47784929317484	74.95083779971415	74.95083814244376	2.6779489471784075	2.67794898459789	2.677949134407868	43.03637218131425	71.23111281734987	71.23111293810226	71.23111292416718	71.23111290401121	71.2311129473419	90.91956762000001	97.04816728371185	97.0481672523953	125.39603956813093	125.39603953006429	91.26468906267763	126.21471064764927	121.97560230234134	239.8808361195019	7.843518886150292
235.00648837767957	158.06144709279823	7.763246585674551	2.7274771102281363	255.0	10.661363155376193	10.661363192542126	10.661363192024197	10.661363265320176	74.95083797642013	74.950838078196	74.95083814244376	74.9508381437391	74.95083810689565	74.95083817651062	85.64464505631426	85.64464502443593	85.64464502438054	97.04816749801853	97.0481672541597	97.04816722353326	97.0481672625161	97.04816727922895	97.04816727922895	71.99616450855797	98.64746572261731	2.488385644853736	110.61924454525348	140.92394099927176	254.88051208023114
108.67405584243485	32.24136238623859	20.548416842969345	21.50232235869504	17.22864807885489	23.56084784098374	10.661363122871876	10.661363180401935	10.661363180401935	10.661363181751625	10.661363179052273	10.66136317815247	27.42969990839248	85.64464502438054	85.64464500849678	85.64464501053592	92.39026592534111	92.39026591070572	92.39026592945879	92.39026591070572	92.39026588966925	65.03824694884969	65.0382469714975	65.0382470633175	114.8177353377092	98.6474658649355	98.647465852066	67.26530772182645	1.9110862502897703	244.19078624604646
10.030608304538418	8.87300912340396	12.716078713186306	19.120263096418654	26.163307993849457	20.548416842969345	29.992517981518745	34.24016530082338	56.758671672870065	10.661363180401963	10.661363180401935	10.661363192024197	10.661363190988283	85.64464491231578	85.64464496184277	92.39026594658131	92.39026593097256	92.39026591720486	121.49246558168477	65.03824693517035	65.03824693517026	65.03824695537554	206.5914137019854	75.25205516395567	98.64746534815697	98.64746583970657	98.64746584883258	245.14159943625435	66.65408812001098	0.0
1.084245621531636	9.419722211988102	8.830647302164124	12.716078713186306	0.2750347166196434	17.16727517453006	2.755932010396407	45.684891360443885	34.24016530082338	45.684891360443885	37.841467812178905	14.214236831995947	10.661363180401935	10.661363190988283	8.19095797599445	6.525310240876166	6.525310470205568	65.03824701679312	65.03824693517035	124.80551567846007	119.95681863415848	67.58034993286009	53.72007545731148	28.49073564671724	255.0	98.64746587678488	98.64746570876358	231.01917373335834	241.92230165827021	0.0
