254.1403619991606	246.94074074074075	254.9883061800332	231.0666290142569	218.05835009688715	202.63827088341344	206.19625961048266	244.0953947368421	191.25	244.8	236.2713570414509	218.57142857142858	214.21235615740895	244.8	153.29592096659684	244.375	231.625	246.064461250348	231.625	243.61607142857142	240.51136363636363	212.17250299857838	254.29209031940414	254.29209031940414	238.9769453031233	254.962698288977	248.93359066813144	254.96079833356652	254.8827608353329	254.96345588014532
254.66589726363497	254.97731200460095	245.95876462835102	209.66666666666666	205.4945054945055	206.19625837575074	240.51136363636363	136.79134145117672	179.6030468022298	231.70362742749467	132.3739217836922	192.744140625	253.87617311702817	231.81818154158057	197.04545428861053	141.93585381255582	195.66256830601094	232.78765179542137	246.0334476843911	239.86464613357302	219.24325905644417	227.9155880647146	212.3994123922808	243.28889181093746	234.96736446690858	241.19033592930117	251.8651203995502	254.49178890306123	254.96079833357393	254.99268480820066
254.28948852290716	254.55729166666666	239.32960894924378	223.125	255.0	136.79134144270589	171.58778893701242	171.5877893576577	111.32174455062724	227.109375	155.07047011098513	181.7482245748497	210.50082641534073	187.57683675288047	204.615352639761	117.30069858228887	243.91659829791627	241.57619827939368	241.90084124157647	230.3966111473319	219.74777533932266	242.66924564796906	206.7567567707268	224.4	231.46755905921816	239.48834684789304	254.26954628672246	254.6748280570867	254.94874229967655	254.97120146778985
35.233274368474355	252.85729166666667	224.93448351310875	69.14953327114955	91.548811139783	246.13899613899613	144.886363515625	111.32174465261022	119.54859159002098	91.79999999999998	154.8024948024948	198.35387430307424	170.0	220.29064748201438	198.35387430307424	147.48255957658415	225.01322155142722	109.11559279407342	235.92179034833418	214.82622196372958	215.07372245529106	239.74148593786595	243.07663813535237	247.19387755102042	224.4	249.72268201399473	254.20024930782074	254.26954628680926	254.76103706788837	254.842534562212
224.906599033669	54.27448642734933	49.09927568386291	240.13081480405387	240.42672973078172	230.76923076923077	128.03329833810506	120.0	84.82438017272517	157.82655505224284	148.06518501167756	196.15384615384616	170.0	139.6122611167633	155.390625	159.375	171.15287412095415	241.65367483296214	241.65367483296214	200.30318904047581	241.90084123920994	241.90084123858958	183.461538453237	243.88111885434927	173.39999999999998	250.66326530612244	254.11316439636752	254.26954628655335	254.40489151787926	228.888
147.46163700306982	81.30002209052276	0.9214928624802212	121.9932347566643	199.11170047212653	246.35754365105984	76.76264897999997	84.82438012838512	71.98603039445726	122.49035939041747	180.76748553254373	191.25	190.4	127.5	204.0	204.0	174.02147483327127	171.15287401889134	171.15287401889134	178.03854132915058	223.88793831173413	223.8779593715145	238.20987654320987	241.21621621621622	217.909090923	217.909090923	248.49489795918367	229.92944924897589	253.89447746786567	254.15542012097606
32.77476952091942	3.609212499020259	133.60041010908537	190.01904804098882	76.76264890593558	76.76264894285057	69.43373829574571	71.98603013356407	118.85593240337548	103.84879398749999	134.02854290821654	142.37150158433792	153.33448394891263	153.33448394891266	82.3264342463595	182.70711007299212	176.18234989718712	148.1818983990526	148.18189836545395	186.7979069999565	200.59685303137758	171.15287412095415	246.24621477068854	246.24621476949923	239.59731543882594	235.05586591850482	248.625	200.68047337278108	250.60735259011696	254.15542012106016
180.56013360746476	112.63962860849699	149.89408412345836	76.7626488525	76.76264889500001	76.76264888747806	76.76264886544314	59.88275596464129	117.05242010313788	118.85593214148949	164.95577479194338	132.97872894457447	72.00636942675163	153.33448394891266	136.86874284638597	177.79491596347287	202.9483429658414	195.35852607042494	201.12141627307685	200.59685293417058	207.3765672933057	137.30769230769232	219.77132039990954	205.01828197231697	235.98305084965529	235.98305084745763	247.52747253021997	253.34742111089875	250.6073525906715	249.604958676
24.416707394499014	13.633430997032235	7.516019306318583	78.46153846153842	78.46153846153848	100.74273463902182	59.882755964641234	59.88275587767001	59.88275602545821	76.76264897999997	94.55941996481957	132.97872890309546	131.20000778990988	72.00636942675158	169.46654507862897	72.00636942675158	207.14492698297101	171.0203838104013	157.74681592338726	110.75021661338337	210.38429397116	216.78674351585016	238.95348837209303	219.77132039059268	246.13616776358347	242.25	214.2	246.27766599597587	254.99769422743054	253.43076923076924
70.10450356512555	133.00392200901194	1.3559737561458292	196.15384615384616	42.2495210446975	94.99424144864417	59.88275596464126	59.882755929363185	59.88275587767001	59.88275602545818	94.55941995182351	131.2000081658783	131.2000073611316	131.2000078520172	169.46654513950028	137.30516790595289	137.30516790595289	168.44904488446184	205.89945250572364	205.89945250896346	214.68095982460082	231.2661412040919	231.26614121030744	224.19346931625	241.69689127741347	246.677371229654	253.55532431347555	254.88932291666666	254.89126096954618	254.840625
134.9425204055265	1.572004597597271	81.31186602888627	94.99424144864417	94.99424143016324	94.99424141781807	94.99424142021834	59.882755964641234	59.88275567546603	59.882755523109296	152.99999988780002	131.2000069419426	131.20000777781758	131.2000077737868	131.20000802773023	181.70994378540485	181.70994378540485	67.02247477103771	189.5669694902092	205.89945247331104	205.89945247462282	227.57140379299165	231.45801790430698	231.45801797781672	131.57893305659945	241.69689135315525	254.592	251.98724007561438	254.501953125	254.6734511806089
1.626620392286469	223.9923953339064	196.15384615384616	148.34721003905653	134.92552669983712	94.99424141164548	88.0716988125539	88.07169917948738	94.99424140600541	94.99424149254489	152.99999988780002	118.86655406627287	155.58286882957063	155.5828687850326	62.18398748771489	62.18398774054967	62.18398797112067	62.18398893793338	62.18398715676554	159.59043545816573	196.1314617095748	196.13146169330523	196.13146170957484	196.13146171781068	196.13146167434158	245.10909090909092	251.015625	252.5372972972973	252.97619047619048	254.6748280570867
26.909454863500116	50.33831008208182	57.70016904383286	40.333365616098604	62.46175304462446	62.46175293668253	134.92552639809696	134.92552647917762	134.92552649867702	134.925526548967	134.9255265408837	95.625	106.25	200.32527237349964	95.05681470766797	95.05681469565934	137.5749184424742	62.18398585108312	62.18398789413732	62.183987664539046	196.13146162725755	196.13146170278705	196.13146170133905	196.13146170278705	196.13146168486745	232.1357409713574	245.19230769230768	202.53388943647806	124.44	202.47415330664612
1.088320389971102	169.76514915475138	58.86853820810785	58.86853820810785	62.46175309675314	62.46175302850253	62.46175302850253	62.46175306482971	134.92552647917762	134.92552649974633	142.79999999999998	140.9605332114484	140.9605332114484	104.27547425831924	104.27547473667678	200.32527238229886	110.1339260382332	53.98528329125253	164.50510500059204	197.910447761194	207.45762713622523	196.1314614279081	196.13146169330523	196.13146169722114	196.13146179189212	249.6875	149.95934959349594	231.87580177063947	238.61514576914144	224.1627906976744
58.66147145950404	39.25226473762433	58.868538315132554	58.86853830277886	58.86853832565839	58.86853857209189	62.46175302521962	62.461753074412485	77.69168245296063	76.05555890942463	106.30899189747566	74.68777074986073	114.94756032548688	150.7245252633232	150.72452574168076	177.39238316620583	117.77765435884751	48.69431037670134	197.91044776545445	215.9921327778454	215.99213290056818	192.5382469255875	192.53824693517032	196.1314616743416	196.13146192077505	235.80645159919354	227.2826086956522	254.88118685350608	180.4575378582192	196.71428571428572
58.66147145950404	39.25226466749447	58.86853832565845	58.86853829866095	58.868538306694774	58.868538306694774	58.86853829721292	130.99801847128492	113.91063488374635	99.3090340247901	99.46354487750847	107.92092897267884	89.56414967377924	37.98427959486256	37.98427935475158	177.39238308358267	37.984279369750766	37.984279261476416	37.98427909331275	159.94318530434063	192.5382469747804	192.53824694837368	192.53824697149747	192.53824690324683	192.53824695537557	244.8	227.2826086956522	149.95934959349592	50.806252099826764	240.1406475204203
39.252264797433156	39.25226460687247	39.25226478431094	58.86853829721295	58.868538290425136	58.868538290425164	58.86853837274245	118.65248799073547	109.44031545788357	109.44031545199192	91.41433871273102	112.31747528765615	37.984278963065066	167.71685212254118	167.71685213474268	132.20835533663688	132.20835540180298	159.94318529233203	172.58849686764944	171.645407038625	199.36363636363635	206.18379888666294	192.5382470633175	209.61169106161998	221.0	223.125	106.6527899609435	254.7829757923086	80.27599240282743	232.99158621255694
139.03703095246834	39.25226467723496	39.25226470771992	24.90846951434682	58.86853828218935	84.85992465208011	113.78999950934138	118.65248793559698	109.44031543023675	89.69563325013453	81.95209442485177	109.44031541315186	109.44031547107076	109.44031548553039	130.99801856614738	120.65111749654898	120.65111750988771	141.7471101114787	172.58849679421138	171.64540702571293	206.18379840651846	195.11724397454182	195.11724432453397	195.11724447689068	195.11724403535874	212.5	76.86834869678364	211.3165976914081	0.868308910569084	243.94000662821944
139.03703093928408	139.03703093488934	39.252264706433294	84.85992469635244	84.85992465208011	84.85992467991318	84.85992464703469	123.04173184792785	85.86825968252043	96.12488546591402	81.95209442485177	88.50219187467002	109.44031541315186	109.4403154517644	132.58612142358163	132.58612141854672	132.58612141599326	141.7471101228627	132.5861214883838	160.4405800481765	195.11724422571626	195.11724412233	195.11724407063687	195.11724403535874	195.11724403535874	212.5	76.86834864864738	238.33858872720606	142.6742189368279	201.42729657638873
139.03703089392366	139.03703092269996	139.03703095147625	48.26781203322804	84.85992465208011	84.859924737966	84.85992484479425	113.78999947866478	81.2777710829252	123.04173184792785	123.04173185807048	123.0417318706516	123.04173184729729	123.04173184729729	123.04173187234403	77.04570721689487	132.5861214317291	132.58612141195556	132.58612141195556	160.4405800351804	195.11724397454182	195.11724412233	195.11724407063687	195.11724403535874	195.11724403535874	76.86834867378178	76.86834867179687	97.36807305237207	253.0512057246722	253.0196375153888
24.414367301296124	139.03703093928408	139.03703093229205	55.49979154868723	48.26781180431158	48.267811874670144	66.40792581546009	78.83493881224055	73.13594454191053	78.34336242791036	123.0417318706516	123.0417318706516	123.04173185733546	123.0417318706516	123.04173185807048	123.0417317772345	100.04719903843704	123.04173192260134	132.58612140081647	144.8941186959006	195.11724403535874	195.11724403535874	185.04033421883983	164.84388540055681	198.0109624612225	206.3467153932699	51.0	153.0	84.37058943241223	190.51838729216132
2.5419014334901533	60.66363235609373	139.03703092269996	55.499791420335555	55.499791451129994	48.26781186617356	48.26781189710451	69.25598685905189	78.27365824904493	83.3158326359285	83.31583239620281	83.31583254225563	123.04173184645782	123.0417318682131	123.04173188849839	123.04173188996839	123.0417318682131	123.04173192260134	123.04173192074501	143.01827432814133	143.01827411244787	174.2886395401884	143.01827418843766	204.0	176.2006664644053	119.2853287920669	51.0	153.0	141.96734042341208	109.68656380318882
102.33335621475788	24.712053314999963	84.68464575431884	139.03703092609982	55.49979140748533	55.499791438328714	48.26781189348836	48.26781185407657	48.267811884079265	53.404799174999994	83.31583228649603	83.31583231355921	102.37836935690046	125.55163917852795	123.04173187065157	123.04173188849836	123.04173184729731	123.04173187234403	143.0182739845107	143.01827401486315	143.01827401486315	143.0182740582568	167.68221643090436	167.68221643	167.68221637553182	255.0	119.2853287920669	0.14561706060970891	74.66624617982757	11.461044666020058
20.20113026226909	24.712053392938373	24.71205331499999	24.71205331499999	84.68464574812634	55.49979138314947	55.499791512718815	45.73366306535465	45.73366309023541	28.69710721906199	28.69710732155619	28.697107313462425	83.31583237701614	102.37836937789388	108.23567265730128	108.23567264112774	125.55163915975783	143.01827392807593	143.0182739845107	143.01827399316636	143.01827389675435	144.85801906230057	167.682216345	167.6822163939893	255.0	255.0	140.10294706507483	67.76406883848372	112.19385636999169	0.8230496432052234
1.6810299270308349	11.534791858763072	24.712053337565862	24.71205331910832	24.712053569999966	55.77194470368147	83.84712587904585	83.84712598110863	55.49979121761177	65.35723579067101	65.35723577526767	65.35723594819675	28.697107329939286	28.69710728918139	69.40805963431686	81.59856347996083	143.0182737286364	143.01827392807593	143.01827396257158	144.85801879422536	144.85801889226695	167.682216345	167.6822163929827	255.0	147.80618759730925	147.80618758968274	67.72157336469962	249.95433978314094	91.98614991424816	9.066782918787197
8.664687391641479	8.629038483830954	11.902363009429962	24.71205318218054	49.239026685272336	53.273374844219745	52.731803845979215	50.135630152141744	26.921066246994428	87.93154504559334	87.93154514633378	65.35723589055374	65.35723586514192	65.3572359681707	28.697107172210366	144.85801853424124	144.858018677966	144.85801874939966	144.85801875089464	144.8580187292293	167.6822166	136.97495729421115	136.9749573213686	147.80618759730925	147.80618758968274	91.26468906267763	126.21471064764927	220.305421119199	0.25156029610550945	0.1188734334491528
11.564106586727348	14.150514693246691	18.335572771875576	71.55799275667135	46.96371222022785	95.01628751356685	95.0162875135668	95.01628753372793	95.01628757405024	87.93154502678107	87.93154504559334	87.93154514633378	87.93154510641108	87.93154516510057	87.93154513681992	105.04103512010465	105.0410350918774	105.04103508914338	136.97495739156977	136.97495727444158	136.97495728063237	136.97495729721442	136.9749572768891	136.97495734276015	17.22864807885489	98.64746572261731	252.74791136260694	110.61924454525348	149.72653739242674	214.9278394410621
4.326951406973791	1.5599311094000257	255.0	0.0	0.0	49.210771661732224	95.01628748078045	95.01628751964077	95.0162875034998	95.01628754781038	95.01628752375308	95.01628754801592	104.86109682333975	105.0410350578745	105.04103507776372	105.04103506646146	145.52483273985177	145.5248326569938	145.52483265699382	145.5248326569938	145.5248326286238	127.50000004560282	127.5	127.5	185.3239164562707	98.6474658649355	98.647465852066	135.50761688481822	254.10359737443554	57.48914993072401
10.071687961804031	11.02594584301147	12.18395290938787	21.271896435047466	26.099236704696693	255.0	29.430249963088784	27.01249382867556	56.758671672870065	95.01628751426045	95.0162875034998	95.01628753372793	95.01628757405024	105.04103497610618	105.04103499533679	145.52483262488752	145.52483265643082	145.52483264716182	148.3891820932167	127.49999996038993	127.49999998679664	127.49999999999997	52.10880364579657	20.283443501017388	98.64746534815697	98.64746583970657	98.64746584883258	210.84421300626104	110.87342302564863	0.0
1.088206400033755	10.080608990018902	11.100260094134342	12.591642402379165	16.449765854165832	17.450488300933273	41.78578377858909	27.01249382867556	27.01249382867556	45.684891360443885	27.01249382867556	82.77595861339341	95.0162875034998	95.01628757405024	61.04660656008079	54.04264629855189	54.042646482216185	127.49999990879438	127.50000000000001	88.23861593049017	83.92974526770016	55.97880622661785	88.52759368449551	15.549952033243898	255.0	98.64746587678488	98.64746570876358	3.0192811936433372	146.05176135368953	0.0
