254.8624387876297	253.22916666666666	254.90724970617305	254.51824229250673	250.12575455232653	251.41789362980768	251.52786325570293	253.22916666666666	244.8	253.86666666666667	219.16702042120454	250.44642857142858	242.08466068832425	214.2	253.64566251265353	236.111111113	249.333333339	236.98223634931807	249.333333339	233.14285714285714	249.84848485363636	190.31277536148167	196.57457761395253	196.57457761395256	252.55278704725876	227.0338294098611	254.5773020240098	254.13937817919717	254.91969685235244	253.38459595342667
254.5124475554938	254.83941690962098	244.03766613698753	233.75	251.03021978021977	251.527859733238	249.84848485363636	231.4004717797142	240.60905991604994	213.45168751845617	222.92770028039143	234.92711374499999	235.85876299007356	202.84090912054495	243.4090907707903	251.41651438863488	170.46448087431693	225.40603480834594	237.6500857632933	239.61601354507644	248.02904949050765	226.87819422967152	207.45539877519295	191.2866890872267	234.2995981497261	240.94453288729974	215.6120342924267	253.1265306122449	254.13937817916877	254.43181225509778
254.57531618844743	253.60082304553333	242.17877094914766	252.96	228.73161711203332	231.40047173637902	241.97413650956912	241.9741363180667	216.0167268591329	248.359375	253.60127261491402	231.1701077369887	186.27508967781947	224.58366556516214	180.13789906716625	248.03746318745291	237.55543924316524	237.13641950020485	217.25434044309702	157.43939502396415	221.0570363588707	245.13539651837525	248.10810812487216	242.25	231.63808305059834	239.25578368715549	249.26384329027235	253.80106246565305	253.62853360608054	254.98623665742173
35.233274368474355	254.8740740742	226.21922258834715	208.84964447730562	200.62713240960252	179.87080487080488	232.421875	216.01672683649008	214.87384656000293	48.44999999999999	253.56103356103355	107.63321423023146	233.75	232.63967112024665	107.63321423023146	181.3878406570356	151.5506128388792	243.78421690485473	189.1833567689626	215.2716612563782	215.18356240201007	212.89768309220761	245.77000278453616	221.69387755102042	242.25	250.6652042774377	253.62699604942608	249.2638432907092	250.64981257809245	246.65994623655914
238.99513072300533	240.6399543342555	146.0213118184659	12.738334299928738	186.79203769928247	144.23076923076923	228.0564302775286	249.23076923076923	194.3892046291429	227.9154376368275	199.59157849849453	225.0	233.75	199.65188644026745	208.163265405	133.57142857142856	211.88151867840145	132.9899777282851	132.98997772828506	200.84457864378174	217.25434043225232	217.2543404331484	249.23076921949183	144.2307692357814	209.1	213.3673469387755	245.68595222441377	249.26384328869963	254.63648715792726	246.738
209.6425624037559	76.95740762094889	46.92528915044542	241.04807167294615	188.67926513499827	95.18307602772398	178.23735127499998	194.38920452753035	181.37627766847834	214.19648613237823	238.6712272110588	233.75	207.70909090909092	204.0	238.0	153.0	148.23554646532062	211.88151867035631	211.88151867035631	231.9535289954606	227.3509236023143	155.405114183538	164.33333333333331	172.2972972972973	102.0	102.0	182.14285714285717	215.18889394629042	222.76296296296294	241.25396559344784
164.6783000062283	101.80617047963821	251.94603528821352	16.58696474180286	178.23735113097945	178.23735116789447	183.2039756358319	181.3762773970309	212.59734328958828	206.05485661875002	214.46176166652586	115.64567746852222	126.66379012771833	126.66379012771833	229.86370176978537	77.33823997491467	130.48743925612052	193.82760021414128	193.82760023555727	189.36968572873525	176.93578088880872	211.88151867840145	228.4223333284026	228.42233332106346	215.63758385643666	230.7821229018047	241.3999999983	181.06508875739644	220.15317896347577	241.25396559340254
225.14983263911634	229.6727018025657	146.10928681868324	178.23735102	178.23735110500002	178.23735111252194	178.23735113455692	167.21893497988776	211.79216221271778	212.59734310208566	220.1770338946926	141.93162382007245	224.50106157112526	126.6637901277183	180.19123899619797	216.9868443929529	185.59779064306878	109.52547354620191	180.34364442502738	176.9357808768877	214.14280103129073	117.69230769230771	140.64437528143918	95.05150660514275	174.32203387383797	174.32203392711864	174.6703296716093	227.7442435717749	220.15317895284346	163.2
1.3567993636209223	215.57533927183593	254.97064902196126	235.3846153846154	235.3846153846154	204.40289454347595	167.2189344015372	167.21893458808756	167.21893470063378	178.23735101999995	183.86728524561687	141.93162381279507	104.6895444795679	224.50106157112526	153.41230299435165	224.5010615711253	197.8746609705555	171.8273606704648	57.477849250107994	146.81266246003753	162.84219389540323	230.7492795389049	172.67441860465118	140.6443752721496	197.56822752402817	180.625	140.25	194.96981891348088	233.646240234375	229.25480769230768
35.26356965886362	73.48676367708694	118.04276077524474	98.07692307692307	157.46119417425444	186.08927052513167	167.21893459432076	167.21893453181445	167.21893458808756	167.21893444945934	183.8672852536733	104.68954364734054	104.68954413742918	104.68954402449157	153.41230304008383	206.6947767497297	206.6947767497297	170.089640010656	164.14776175557705	164.14776174594587	196.1102725385658	201.6308904913634	201.63089049733045	138.43777078124998	173.89842065775082	217.37161218751794	218.88310787669093	206.19140625	241.40762124676917	254.274666666678
70.35106436881512	29.98587428729445	190.0374214309038	186.0892707540482	186.08927066430186	186.08927064011823	186.08927062205782	167.21893440153724	167.21893440153724	167.2189344494593	93.49999991585	104.6895431520438	104.68954413742918	104.68954402338261	104.6895445997609	102.84934750520321	102.84934750520321	221.5709849232521	102.94737753227992	164.14776168925303	164.1477617303577	146.40312050644258	147.61817977777167	147.61817964594417	115.82063416492437	173.8984207683099	232.05	231.37996219281663	233.646240234375	253.70081077561358
47.79402487916653	22.879770975198397	98.07692307692307	75.67746240524778	201.8661993465279	186.0892706280264	185.63462126740157	185.6346213460091	186.08927055606267	186.08927069116817	93.49999991585	94.3744119861764	211.68113754899636	211.68113753801816	218.4814743843603	218.48147503552448	218.48147535117272	218.481477284798	218.481476774662	156.57084177616252	103.6999100735751	103.6999100742421	103.69991012708743	103.69991011257963	103.699910189792	198.23030303030305	206.19140625	227.02606606606605	226.8135560675883	253.80106246565305
1.3567993636209223	194.2674012294443	222.0369719422112	155.65596279056598	164.73378353286859	164.7337833613243	201.86619904478775	201.8661990415468	201.86619904478775	201.86619904478775	201.86619906885218	145.714285605	84.99999999999997	80.12016087708187	190.11362941533594	190.1136293913187	141.3116338941648	218.48147377588012	218.4814755751499	218.48147573073604	103.6999100835641	103.69991001646716	103.69991007024541	103.69991013968388	103.69991006358609	186.72478206724782	196.5625	146.05113847320024	69.10499999999999	116.12158785368419
14.951927469998566	73.70757177570857	151.30009004343862	151.30009004343862	164.7337834848154	164.73378346517535	164.73378346517535	164.73378344208106	201.8661990415468	201.86619900696724	163.2	93.72383937307688	189.1592832044682	181.4428544116715	181.4428543452906	80.1201609320575	87.07214647006191	208.36413994438826	114.68187449728651	156.04477611940297	133.9830508155918	103.69990969692503	103.6999100742421	103.69991004182444	103.69990995656141	143.4375	68.41463414634146	186.28476461450208	64.36201600982676	224.1627906976744
247.84466381200207	203.68556874069378	151.30008993641394	151.30008995817556	151.3000900566415	151.30009030307497	164.73378348169115	164.73378342589518	129.0647925905609	59.264070933906396	105.59913021235843	140.9605331234972	88.77264587513986	73.55714565470939	73.55714558832847	51.31443127885322	118.68612584959581	198.463457983209	156.04477608872804	117.94533147559926	117.94533168749999	90.26621657410479	90.26621655791894	103.6999099433585	103.69991018979198	159.03225807822582	177.39130434782606	69.50626126316843	116.12158785368419	196.71428571428572
247.84466381200207	203.68556874050307	151.30008981020802	151.30008992975456	151.3000899257579	151.3000899257579	151.30008998353287	118.74822915504242	134.0559400507985	99.39100852836455	99.49702547879124	125.42631242298145	129.32239813758468	187.862277525134	187.8622775448972	51.3144313100417	187.8622774884195	187.86227748841947	187.86227772772133	64.88637060868126	90.26621651830885	90.2662165447156	90.26621653482465	90.26621651518462	90.26621646713141	178.5	177.39130434782606	68.41463414634146	178.4293315236146	156.94395134304668
203.68556895391401	203.6855687211468	203.6855687532368	151.30008986031612	151.30008987291257	151.3000899264249	151.30008991643592	94.05671653900646	86.47818152792527	86.4781815257316	90.85919961718582	94.16412533052701	187.8622774186507	74.60870797008965	74.6087079974582	141.9474821153138	141.94748216809614	64.88637058466409	127.1037678962941	59.012578400628286	139.0909090909091	102.70300662092393	90.26621663867573	104.24770456477648	147.33333333333331	143.4375	179.3225375947522	241.47530497981623	254.78220330105634	239.36534745236423
51.314431046086014	203.68556872776935	203.68556877978776	111.32467856502586	151.30008988742037	103.2802619365448	91.51403104098617	94.05671653482162	86.47818149869357	95.00875655308542	91.20133690567161	86.47818154149653	86.47818151471412	86.47818155715694	118.74822925397154	130.45161249668394	130.45161251774948	48.40315534903297	127.10376786260773	59.01257834941174	102.70300680875542	87.78106555054069	87.78106559846273	87.78106555054072	87.78106559846273	138.125	61.54312464535451	191.48084099205812	51.230372604160294	243.94000662821944
51.31443127885325	51.314431259306275	203.68556870256197	103.28026186356792	103.28026189363717	103.2802618929594	103.28026195174243	79.7559661243651	85.75982650377628	144.52929173409245	91.20133690567161	80.88657374489713	86.47818154149653	86.47818152364161	77.41093294525467	77.41093294468746	77.41093294082413	48.403155305567935	77.4109331070978	71.13271474632671	87.78106555054069	87.78106541191244	87.7810654681856	87.78106540567924	87.78106559846276	138.125	61.54312466606723	131.56804983800822	46.93797107120699	12.773044689726078
51.31443127223068	51.314431259496956	51.31443124676326	36.55815588547094	103.28026187218342	103.28026175568664	103.2802618316963	91.51403106618312	82.52408919440032	79.7559661243651	79.75596608889904	79.75596611379919	79.75596609866088	79.75596609866088	79.7559660835226	80.88657374489713	77.41093288900072	77.41093295351584	77.41093295351584	71.13271475438313	87.78106529936628	87.78106541191244	87.78106534259834	87.78106540567921	87.78106559846276	61.54312470324399	61.543124691208334	2.6153850789648914	149.88445078744797	1.3421419343496552
255.0	51.31443127885325	51.31443125525237	100.0521093628353	36.5581561143874	36.55815625268963	75.9385562309364	78.17221653614669	83.81260634943848	78.46603942182074	79.75596601699729	79.75596601699726	79.75596608102774	79.75596601699729	79.75596608889904	79.7559661500479	144.52929173409245	79.75596614668223	77.41093293196317	79.33178423292202	87.78106502011224	87.7810653092875	98.56543157986593	86.33335393728197	114.55688565454633	76.41305901621885	25.5	153.0	130.32316959678735	0.06418204367622593
190.0374214309038	166.88213328978782	51.314431259496956	100.05210938679087	100.05210941070834	36.558156103447885	36.55815609797804	70.36641017232986	76.58958043563246	63.22826055615511	63.22826046281554	63.22826061574429	79.75596605256843	79.75596605343296	79.75596606658192	79.75596608232456	79.75596609547353	79.75596614668223	79.7559660835226	97.08768975644887	97.08769011326461	110.6214533474259	97.0876899854247	115.33074779398086	97.9135220252924	49.22266488646278	25.5	153.0	247.65368298738636	61.85100739304778
239.08100158428996	11.668160204999992	35.63772944349725	51.31443122021224	100.05210942266703	100.05210941790725	36.55815606810825	36.55815606335727	36.55815606098176	88.063313895	63.22826035484309	63.22826034487619	30.744270517923837	73.39990961478222	79.75596611379913	79.75596606658192	79.75596609866088	79.7559660835226	97.08768999432601	97.0876899854247	97.08768998542467	97.08769005051514	81.28348446013325	81.28348448	81.28348446013325	54.4541696040971	49.22266488646278	99.75296317720625	162.4722941632854	4.889607155427427
84.91559138168168	11.668160130836014	11.668160120000039	11.668160077500005	35.637729310604215	100.05210944544314	100.0521093404594	35.16358238935453	35.16358238375551	161.981568142568	161.98156803239164	161.9815680226665	63.228260423001075	30.744270462957758	41.14125787867897	41.14125790567908	73.3999096055793	97.08768998542467	97.08768999432604	97.0876899854247	97.08768987057545	82.22290103443555	81.2834844375	81.28348446013325	54.45416954274279	54.45416953820231	167.58900253029617	3.4460023546512843	28.687284312756873	84.8425427011172
232.72049777502576	255.0	11.668160075463504	11.668160093920989	11.668159949999989	57.4121857050944	43.11848132159855	43.118481329643686	100.052109528051	49.12091114685049	49.120911359460905	49.12091127299635	161.98156803197065	161.98156799349113	69.74342145014461	76.39526772237701	97.08768975644887	97.08768998542467	97.08768996338839	82.22290069941462	82.22290063860498	81.28348456499998	81.2834843846891	54.45416952882465	79.23017742061734	79.23017743405833	71.54433203101127	149.39701451308224	1.8932554956202523	134.95203801517502
244.5582677847978	239.08100158428996	253.4001058866047	11.668160135903463	49.98608678502606	55.98979194288006	52.29647064036439	54.37861222209136	13.085759023430995	32.51115520147158	32.51115517958152	49.1209111865318	49.12091122769735	49.12091137066815	161.98156795516175	82.22290056942256	82.22290068686135	82.22290067077594	82.22290065608388	82.22290069941462	81.28348431000003	54.45416954274279	54.4541696040971	79.23017742061734	79.23017743405833	91.26468906267763	126.21471064764927	253.141853406128	152.17212260174546	242.99434689953154
209.48233116391378	29.3550130269318	28.257585955986457	151.87676688375927	26.81615525181647	23.78391262974688	23.78391262974685	23.783912653368702	23.78391270061232	32.51115503374362	32.51115520147158	32.51115517958152	32.51115518963664	32.51115522463351	32.511155183719154	46.61144160870742	46.61144152148225	46.611441533092176	54.45416972338151	54.45416952413581	54.45416951206565	54.45416952882465	54.45416953820231	54.45416947233127	3.603123976254068	98.64746572261731	136.01861833801837	6.602773631655566	1.979521805186863	105.80527954750704
23.76625423219687	9.516717339892097	64.2375798748107	8.190895078656808	6.562921269940745	6.41167321596609	23.783912565814404	23.78391263150243	23.783912647643376	23.783912650654344	23.783912644632466	23.78391266414647	50.167992010853965	46.611441533092176	46.61144147786965	46.61144151605663	54.97929282039246	54.97929290793397	54.979292889180954	54.979292879804404	54.97929287625203	58.14518787878299	58.145187902252644	58.14518780837412	220.97746225803277	98.6474658649355	98.647465852066	252.59411467129158	28.677387092577817	211.06959393996615
10.087744264517227	10.260453410261533	13.42394460581545	17.16727517453006	20.98669752204907	64.2375798748107	30.173227087978262	34.24016530082338	129.19444777909052	23.783912669164664	23.783912647643376	23.783912653368674	23.78391270061232	46.61144146470892	46.611441408016645	54.97929289580421	54.97929286228714	54.97929286694213	41.49371897876432	58.145187885587376	58.145187885587376	58.145187824430906	13.10051519620339	224.90522689180452	98.64746534815697	98.64746583970657	98.64746584883258	200.3811786764922	67.59373552660259	0.0
1.1507326873060606	10.126205368765682	9.930603292654041	13.42394460581545	1.717721788267255	18.71208565770246	9.330597207651039	32.57536585338528	34.24016530082338	32.57536585338528	50.852469013865004	14.214236831995947	23.783912647643376	23.78391270061232	8.19095797599445	114.02010832737861	114.02010850340469	58.145187949191865	58.145187885587376	14.09863160283848	13.139950839768773	3.8911108227341913	0.12589648284568966	10.834350184233159	82.91372115739233	98.64746587678488	98.64746570876358	108.66546000263264	0.3530612206520516	0.0
