254.87675121254546	216.4351851851852	254.99943363360944	247.58753418718797	218.05835009688715	231.22795294471155	207.5830948538461	249.78070175438597	244.8	214.2	253.4385899227489	250.44642857142858	238.850316592593	244.8	114.0080768000661	223.428571431	245.285714293	251.8691009573898	245.285714293	250.2642857142857	248.37662337	234.59762146556943	238.18743473792733	238.18743473792733	212.90439287207386	250.6829989548191	226.25091991635384	254.99299451031982	254.97172324618617	254.0395804378339
253.6199735224228	254.99836666180758	236.4234406262355	155.83333333333331	210.16483516483515	207.58309310899034	248.37662337	225.93513366168298	208.321246307511	252.1056457333316	83.83088288340863	229.929449325	123.8197182236795	185.45454549405991	237.613636373515	104.4991254198649	215.28688524590166	225.1439513109886	251.35506003430532	249.69676465430712	172.2769084057988	229.06533434426836	191.16256594723433	250.9043664942579	235.53625464637423	240.69353411181496	254.39274350944345	254.91205102040817	254.99299451032118	254.99612838354233
253.31105461574242	251.0911564624	145.3072625763266	252.96	227.54798063576987	225.93513356791726	173.21057185778722	173.21057098429156	208.42623005469196	239.0625	98.6419365228324	225.25425466690334	246.70779615964778	219.58452801112182	243.4925883468755	83.5538003192616	251.19108806879152	250.50798852929128	247.87989976932815	246.07479960540726	202.31381346468794	250.72533849129593	250.49376300273607	229.5	231.49110422967038	239.26633245206705	254.7691326843894	254.94379590001498	254.98906877378317	254.9983100732641
35.233274368474355	254.62993197306668	228.2809592022531	57.033774220840684	53.05606631976906	89.21591921591923	183.8942306875	208.42623013183533	207.76180092741885	130.05	250.75883575883574	223.11014447724094	233.75	250.30359712230216	223.11014447724094	95.9795610388961	202.3045123434918	77.29272625948568	221.4740390519798	215.06353863139606	215.4353670384208	237.4666809440246	250.62427637000053	248.6857142835459	229.5	252.5036034014252	254.88856742589945	254.76913268442343	254.84364625846652	254.45605018721199
51.566526966531825	6.796128077928984	58.557400499022236	238.61514576914144	33.06330581750504	64.61538461538461	171.36483048443486	241.15384615384616	184.56293736914375	159.18329142241197	150.16053271340286	199.6153846153846	233.75	190.93403342362421	200.680473495	182.14285714285717	181.28846924833988	189.5935412026726	189.59354120267258	200.95792225838466	247.8798997668789	247.879899767317	248.96449701950388	147.1153846087278	227.538461562	250.48979591836735	254.6365419238841	254.76913268443187	254.9106895220776	252.0426035544
49.707061591007005	55.494874987174995	113.76152453873442	34.62045203466536	0.23150814480641202	152.2748608235048	178.23735127499998	184.5629371393722	170.5253631693571	124.0263548947149	139.8289893551833	212.5	240.16363636363636	204.0	153.0	204.0	226.7792907098067	181.2884691954601	181.2884691954601	123.44096162013352	235.3567034057051	172.04630031235774	239.720987654321	146.4527027027027	165.75	165.75	243.72448979591837	170.3868912152936	254.08451679113955	254.12497631270475
22.27008888159577	44.71044857190017	234.85798310341727	250.80407654943377	178.23735113097945	178.23735116789447	172.07870839861496	170.52536296093209	120.39951608337199	141.93931252500002	214.46176166652586	208.89322180693148	215.47808077321366	215.47808077321366	56.80076073012083	217.33152229285344	182.62098883766737	196.40638994566964	196.40638995847587	187.3823689950874	181.58327859155384	181.28846924833988	250.7268379890157	250.72683798835342	249.86577181294197	253.1370863704869	252.0857142879	132.78106508875737	250.48012652184292	254.12497631273027
41.642010622202065	184.53022434389754	120.22659463079654	178.23735102	178.23735110500002	178.23735111252194	178.23735113455692	155.48682849540398	118.59917498115857	120.3995158180849	190.8199153710995	41.0639357293978	48.90658174097666	215.47808077321363	173.56441032806615	205.22909627817438	165.2742272829799	226.90333660909	220.24935766427464	181.58327853526262	229.38344795218907	78.46153846153845	219.06861032588745	121.77710222084417	235.55084745103417	235.55084745762713	246.59340659521314	254.09486851143035	250.48012652141134	223.7625
141.29499543684796	81.3007728683805	0.790063058223069	215.76923076923077	215.76923076923077	102.3127685639418	155.48682791705343	155.48682805451563	155.48682817091384	178.23735101999995	94.55941996481957	41.06393564621584	201.73667195000945	48.90658174097666	152.8957997706168	48.906581740976605	231.90560277226837	171.122676662564	104.13996544390386	171.317909225172	214.87341457463745	251.32564841498558	238.25581395348837	219.06861022347914	249.06636024088382	231.09375	165.75	246.27766599597587	255.0	251.09224759615384
8.613431858723345	57.17776411421153	58.0730772848232	39.230769230769226	142.88018067177467	186.08927052513167	155.48682810983692	155.4868279963165	155.48682805451557	155.4868279197394	94.55941995182351	201.73667133870646	201.73667129070844	201.7366710325304	152.89579980317032	72.77299986528541	72.77299986528541	178.07540937566364	221.36718710999918	221.36718710857735	227.73935332611686	241.31561294650345	241.31561294852688	203.8230530775	186.16767170569966	250.9186733737544	245.4474505723205	255.0	253.1511194656104	254.966693877576
3.4116265890004343	26.482723156460082	156.4922853919697	186.0892707540482	186.08927066430186	186.08927064011823	186.08927062205782	155.48682791705343	155.48682791705343	155.48682791973937	140.250000014025	201.73667038427007	201.73667087402208	201.7366710709411	201.73667110812863	224.06385292767564	224.06385292767564	45.15797872470617	192.58086711516387	221.3671870865652	221.36718708578073	158.42835866141465	160.63198185359767	160.63198199347198	225.15988975778353	186.16767154945003	254.082	245.23865784499054	253.319091796875	254.95673996828876
1.8013754013634582	46.122330475308445	39.2307692307692	153.35613028657224	164.1671677880119	186.0892706280264	89.39969658057154	89.39969631912774	186.08927055606267	186.08927069116817	140.250000014025	188.87508953244992	198.047386407187	198.0473864306744	41.558651698025386	41.558651994413	41.558652181431256	41.55865169802476	41.55865174560688	159.96872817775161	195.10729419000847	195.10729419769092	195.10729419000847	195.10729419838756	195.10729434268634	240.16363636363636	246.03515625	250.76888888888888	254.88575268817203	254.94379590001498
20.212444114837865	194.2674012294443	194.24785373032108	155.65596279056598	93.37328943820731	93.37328930641777	164.16716718453165	164.16716729272787	164.16716728511167	164.1671673354017	164.16716740492876	137.30769218999998	127.5	128.25529184015795	205.6094190559732	205.6094190960842	141.7747801694129	41.5586494751243	41.5586520970578	41.558651816200125	195.10729421514574	195.10729412519322	195.1072941816294	195.10729424840994	195.10729416487123	241.7895392278954	253.77403846153845	254.2516340668907	167.53500000000003	236.75811407004795
24.37393262517392	27.73548727941244	59.892705835128766	59.892705835128766	93.37328945543229	93.37328944430004	93.37328944430004	93.37328944880935	164.16716722720582	164.16716728644678	214.2	140.9605332114484	93.72383937307688	49.621490324328505	49.62149027523941	128.25529182491744	178.50507785155125	35.857398824875645	123.16219026976452	216.94029850746267	216.10169491195776	195.1072938498194	195.10729419769092	195.10729417743988	195.10729416487123	255.0	182.4390243902439	168.5709623119085	160.0130924321855	224.1627906976744
156.60178767589392	167.27740032441693	59.892705835128766	59.89270582256012	59.8927059037471	59.8927061501806	93.37328940919926	93.37328942203558	120.0480368434807	93.93366886594421	106.16632208159322	140.9605331234972	111.15534471023742	205.3785097247606	205.37850967567147	52.91650363570034	117.92626357272547	32.24061420972217	216.94029849127313	130.81168825806157	130.81168833238635	161.62671057796445	161.62671055119063	195.10729409625287	195.10729434268632	205.6451612903226	205.1086956521739	214.84783266022637	38.30111114981227	196.71428571428572
156.60178767589392	167.27740033679703	59.892705657313655	59.89270581837059	59.89270580230905	59.89270580230905	59.89270587480675	175.22377429005147	192.59567738240986	99.4283865337375	95.43440098208521	108.82852452536096	122.76649052193446	24.65103537461127	24.65103530783975	52.91650371072623	24.65103532664122	24.65103532664125	24.651035033219102	49.390580903915776	161.62671059080077	161.62671056439405	161.62671055569993	161.6267105445677	161.62671056179272	239.7	205.1086956521739	182.4390243902439	237.2394010006285	237.01431611464616
167.277400676434	167.27740033956917	167.27740029528698	59.89270575159006	59.8927058099915	59.892705809991526	59.89270578485426	154.60914768589862	140.31356650348704	140.31356649849005	100.86770287448502	71.55517627828326	24.65103518722671	166.10228525981643	166.10228524999678	178.44562643535448	178.44562642232188	49.39058094402682	196.46699622181924	166.7091860420035	217.9090909090909	115.11952490399142	161.62671069358223	117.23176532768707	209.66666666666666	207.1875	101.6438697134277	156.79945372712905	237.25520098280126	119.8134686513217
18.110407485961844	167.27740037830705	167.27740029411245	98.14329067083304	59.892705801612436	165.77617373538658	143.74068132738742	154.60914768335206	140.31356649557134	82.60827464779788	110.20681453349508	140.31356651373105	140.31356649550446	140.31356651140277	175.22377430470277	158.28542184984966	158.2854219033541	120.49490282422965	196.46699623508758	166.70918600036526	115.11952529673215	99.51317208026063	99.51317208294654	99.51317208026063	99.51317208294657	244.375	36.5581561143874	25.113831101838628	241.53449853834695	243.94000662821944
18.11040761096976	18.110407652639083	167.27740032296032	165.77617369854042	165.77617364957138	165.77617366642588	165.7761736021968	147.16812029971408	85.81504507717236	92.39109415394947	110.20681453349508	89.4823149682853	140.31356651373105	140.31356650157997	140.65204743957395	140.6520474405883	140.65204743152395	120.49490282802387	140.65204750299122	160.4405800481765	99.51317208026063	99.5131719454844	99.51317200368354	99.51317189016308	99.51317208294657	244.375	36.55815606810825	232.82720651529553	74.11061958815722	29.93654701159801
18.110407472613787	18.11040765795508	18.110407716739473	61.54312464535451	165.77617367102516	165.7761735229808	165.77617370590468	143.7406813338933	81.57398007039438	147.16812029971408	147.16812031184554	147.16812031030037	147.16812033076766	147.16812033076766	147.16812030283407	110.20681453349508	140.6520474165426	140.65204743359612	140.65204745261116	160.4405800351804	99.51317182908616	99.5131719454844	99.51317187809633	99.51317189016305	99.51317208294657	36.558156103447885	36.55815606335727	30.533678950845967	45.79166606211663	254.79376863880864
61.85100739304778	18.11040761096976	18.110407677549915	91.30116214391177	61.54312464535451	61.543124840907666	141.36873938250397	78.11562824027288	93.05300554111585	79.28414654358252	147.16812031030037	147.16812031030037	147.16812031508812	147.16812031030037	147.1681203118455	147.16812039216967	84.50391060456437	147.16812034740093	140.6520474154239	155.40548312640993	99.51317150459604	99.51317179377133	142.81495702784625	144.5817610598382	182.77285353352815	89.32784283149593	76.5	153.0	113.32157821020797	199.3517896080146
0.0	108.28624857065597	18.11040765795508	91.30116208594768	91.30116211121592	61.54312470324399	61.543124732188744	68.8533728830462	75.772232790287	154.3746007282956	154.37460048009075	154.37460049707732	147.16812029218573	147.1681202819364	147.16812034823982	147.1681202997141	147.16812032397695	147.16812034740093	147.16812035123502	170.82153039180054	170.82153049220085	197.7216131016031	170.82153059780185	192.53801157517586	228.59388539390625	152.85527221511694	76.49999999999997	153.0	254.95257223082527	0.0
127.71778744946934	39.49999979999998	88.96584933483487	18.110407735977645	91.30116206480812	91.30116211146128	61.54312466606723	61.543124691208334	61.54312470377886	81.76161389999999	154.3746003432749	154.37460031894017	147.49065733762663	145.33337611598978	147.16812031030037	147.16812034823982	147.1681203307677	147.16812030283407	170.8215304587341	170.82153046762102	170.82153046762096	170.821530467621	149.18179627075352	149.18179626	149.18179627075352	148.98466615174988	152.85527221511694	196.28407300894878	241.34247825741463	70.08759634545373
3.287065818830939	39.499999803047444	39.49999980000001	39.49999980000001	88.96584919148222	91.3011620952361	91.30116204366854	64.73670523713977	64.73670526762055	18.501074960439098	18.501075015180362	18.50107504592222	154.3746004291308	147.49065718418683	111.98788071381526	111.98788078063444	145.33337609951596	170.82153046762102	170.82153045873412	170.82153046762102	170.82153059260122	172.32651980192762	149.18179626	149.1817962707535	148.98466612221125	148.98466612819985	112.45529623877391	62.209017206657904	254.2616779795624	131.0563932705848
2.042488696985771	36.059571905415794	39.49999980304747	39.499999803047444	39.49999979999998	56.00006441967466	73.71153075166015	73.7115308045399	91.30116204656039	127.41265877000312	127.4126588939147	127.41265872098563	18.501074888905663	18.501075138147854	69.31995583028325	75.96019416109868	170.82153039180054	170.82153033744015	170.82153049220085	172.3265198356599	172.3265198989693	149.18179626	149.18179611405213	148.98466612449994	108.65767926963093	108.65767927332047	190.01904804098882	102.61457754636089	2.4506821426861336	62.61591989265429
22.278981505669975	3.287065818830939	255.0	39.49999982020208	50.09734021789848	255.0	53.041537952187156	54.75163349820062	41.65169310899307	119.78191353614295	119.78191353705097	127.41265872098563	127.41265877003741	127.41265875127476	18.501074866735905	172.32651970566786	172.32651985044845	172.3265198666221	172.3265198789906	172.32651990065594	149.18179626	110.266552784563	110.26655280642512	108.65767926963093	108.65767927332047	91.26468906267763	126.21471064764927	141.2456826849872	116.68368025812612	233.85407445556027
33.24142437831239	21.264327009636872	16.543939499780237	141.36873938250397	143.7916034413019	43.889477557892036	43.889477557892064	43.889477555759754	43.88947762582711	119.78191339229005	119.78191353614295	119.78191353705097	119.78191349253896	119.78191348023995	119.78191347073698	117.59052809264335	117.59052801877883	117.59052802581698	110.26655274083873	110.2665527647797	110.26655277363196	110.2665527632958	110.26655276032798	110.26655282619905	6.562921269940745	98.64746572261731	110.79676151120165	23.81396105688802	225.3769740940361	254.2572155770182
21.408546991901062	26.67374527308573	0.0	4.496901491118507	3.603123976254068	64.81452555856546	43.88947750275065	43.88947755713585	43.8894775409949	43.88947757883304	43.889477567720604	43.88947762858035	58.04042123387288	117.59052802581698	117.59052798184655	117.590527993738	92.39026592534111	92.39026591070572	92.39026592945879	92.39026591070572	92.39026588966925	200.08873886879675	200.08873884494156	200.08873912277357	149.46075717923594	98.6474658649355	98.647465852066	0.4598567802395337	11.716305235893543	12.704527671893743
10.139408589125821	10.929200924707288	12.142007308605741	17.450488300933273	29.202159559592843	0.0	29.754044735599507	34.24016530082338	83.83151515604055	43.889477530234245	43.8894775409949	43.88947758053706	43.88947762582711	117.59052794864488	117.59052796327919	92.39026594658131	92.39026593097256	92.39026591720486	49.46510379754565	200.08873881302955	200.08873883943627	200.0887388751906	30.704048922865496	69.25617754596345	98.64746534815697	98.64746583970657	98.64746584883258	29.34752004596595	52.52924581142722	0.0
1.027182005554181	10.139408589125821	11.01081745930901	12.364210751264466	2.6787698547820185	19.029219848978613	12.537951930644226	30.374465792951497	34.24016530082338	30.374465792951497	40.76568839783258	14.214236831995947	43.889477540994875	43.88947755149519	8.19095797599445	50.856300438656035	50.85630064950536	200.08873879723117	200.08873885263966	86.5677144210427	82.30170417406751	25.652985118575515	0.2950258200975213	255.0	51.55725119257383	98.64746587678488	98.64746570876358	3.3043271972278774	20.56760984295761	255.0
