254.83976609692078	245.3587962962963	254.9640094797658	236.5689598484303	218.05835009688715	211.06687369290864	200.077366250645	244.0953947368421	214.2	226.66666666666666	254.15539791557165	232.23214285714286	181.5125280247342	250.46666666666667	136.24531422214	225.857142862	242.857142862	241.91192837687143	242.857142862	237.5142857142857	241.7532467631818	236.38501821244418	236.59656019310964	236.59656019310964	206.16140418954436	250.0559873966277	219.8914241568136	254.91778464679163	254.91416330796793	254.46374285513986
254.54383174922398	254.91778145772028	244.40273174436697	205.41666666666666	227.67857142857144	200.07736603549125	241.7532467631818	178.07065924656746	187.3490997920373	253.21386969047404	122.70322826048152	147.421875	235.85876299007356	191.24999989133522	231.81818154158057	125.55666799511349	215.28688524590166	177.1382902169376	241.1492281303602	246.79166412453262	163.1326600257472	227.3317678303549	208.36002902230132	251.57253955643128	234.86193728085078	241.0518247989373	254.5164826798055	253.80097959183672	254.9177846468179	254.99545449804077
254.53091186280795	251.66938775533333	205.13966481363752	238.68	224.93448351310875	178.07065918502093	164.60253099992906	164.60253042703494	151.97611922740134	227.109375	183.30069780935304	130.91336481435542	249.57172476235405	151.77615932590805	246.97694576842483	102.20124543629785	242.49705500719566	243.4043424825891	238.06694111736854	247.35032840940653	219.12083469042574	251.0541586073501	241.21621624974435	248.625	231.48617105969822	239.3472283867254	253.80234734038712	254.23270995353795	254.9177814576971	254.99779055112285
35.233274368474355	254.42176870706666	231.79632520868742	59.89614746434003	113.52641161731057	124.73566973566975	154.947916578125	151.97611931898481	156.7998350699325	130.05	246.13899613899613	195.94764641913935	191.25	232.63967112024665	195.94764641913935	142.55556926625127	223.31653253572753	94.82063836225976	234.84232160970444	214.7275782644976	212.49988373648824	243.95668203137174	250.17602993811576	248.33877551020407	248.625	250.51191310530248	254.39168775122164	253.80234734050657	254.8259925031237	254.79069892473117
57.69104879474838	92.3350949694892	131.18890738547157	249.76025176083706	186.1622213658527	93.46153846153848	138.9587487324772	230.76923076923077	122.18750025825992	152.01970588931616	139.6322909530699	190.3846153846154	191.25	93.38755667849912	111.5625	182.14285714285717	231.27018738236615	186.56458797327394	186.56458797327394	200.6922681470822	238.06694111368319	238.06694111329872	245.19230766967456	176.53846153047337	225.250000017	249.44897959183675	253.95682664913434	253.802347340087	254.89308894329355	251.5291666644
66.70336693991186	61.20642762616083	4.952269536963058	172.8722924665615	30.889309667685183	69.97627040876893	101.47470229499999	122.18750006109371	106.76494483140974	116.02707631569902	201.50917779622722	191.25	207.70909090909092	153.0	170.0	221.0	233.48876206357133	231.27018734532402	231.27018734532402	114.7370184020042	226.76472573932557	217.94414724086153	226.7925925925926	206.75675675675677	183.60000000000002	183.60000000000002	242.51020408163265	215.18889394629042	251.87977320530408	254.27145246684245
27.299839793967834	209.6413832110681	243.7418124802956	210.85944533052094	101.47470222504387	101.47470222504387	105.50871650462531	106.76494489101287	112.37288128450876	112.99775985000002	157.13203535753348	218.9749951777403	224.3683120469451	224.3683120469451	70.66453602214665	200.46495281797502	149.08447877514266	190.2016095939589	190.20160962165062	187.2868546371535	212.03069738645462	231.27018738236615	247.29753117465202	247.2975311733252	243.0201341446275	249.30167597061032	249.1714285707	181.06508875739644	251.10408211983767	254.27145246693803
254.69336609477617	7.214080073391784	195.19921031408796	101.4747021675	101.47470221	101.4747022250439	101.47470226911383	91.58903072901549	110.56213217135775	112.3728813178397	164.95577479194338	79.03140341633468	61.35881104033973	224.3683120469451	102.46634199467582	199.3544379689672	168.7942660404613	230.1541136036943	188.22532558569657	212.0306972685147	227.7197629328875	117.69230769230771	222.61652744931646	195.48863286616103	237.7118643922752	237.71186440677965	240.4285714303328	253.7583930210363	251.10408211897865	235.008
41.37846028027104	32.77476952091942	32.34373623874188	196.15384615384616	196.15384615384616	94.21033658569348	91.58903072901543	91.58903079596615	91.58903084961935	101.47470254999996	94.55941996481957	79.03140335584413	213.05313052472926	61.358811040339674	89.94998202141298	61.35881104033973	211.37644718510424	171.3767990877332	120.0666830622028	167.90091845002974	213.78577619261387	242.50720461095102	222.90697674418604	222.61652736735618	247.67451882323144	240.125	210.375	246.27766599597587	254.937744140625	253.0548076923077
42.11712776048586	16.470719816814295	211.2992945499739	58.84615384615387	71.18007395666561	117.17854150809637	91.58903072901549	91.58903076913961	91.58903079596615	91.58903084961929	94.55941995182351	213.05313006131553	213.0531298284446	213.05312983830547	89.9499819900602	68.38538623065187	68.38538623065187	170.29081920449073	197.7533188996534	197.75331892393177	216.4476237411595	233.44709039074291	233.44709039056218	219.98892470250001	229.7097806101008	247.9074268882811	251.43253555176898	254.00390625	254.5780418400272	254.866775510202
231.53638071686268	15.428529519840879	105.84543431891385	117.17854127917988	117.17854122918652	117.1785412470974	117.17854124411568	91.58903072901549	91.58903072901543	91.58903034727044	56.100000005609985	213.0531284501247	213.0531298284446	213.05312987414044	213.05313025977077	226.32595950205723	226.32595950205723	56.899803834569724	170.1890992452919	197.75331888279663	197.75331886556967	209.02208548071815	213.63031911665402	213.63031914893617	142.05846394430168	229.7097806215722	254.898	253.07183364839318	254.20912000868054	254.30889722894543
0.5312912707309749	129.0813998603798	58.84615384615384	55.77852619907182	134.92552669983712	117.17854125605282	82.56197962442849	82.56197943374238	117.17854122658358	117.17854138233633	56.100000005609985	201.36248095122917	160.44430822970247	160.444308205201	52.59301457579335	52.593014781073265	52.593015059199615	52.59301747623107	52.59301583733426	159.73223559466317	200.32904633055608	200.32904633949133	200.32904633055608	200.32904637387955	200.32904648616886	242.73939393939395	249.57682291666666	251.7266066066066	253.97177419354838	254.23270995353795
0.05434017181298145	89.85526494981661	169.76514915475138	71.99616450855797	69.35481217556904	69.35481219162585	134.92552639809696	134.92552647917762	134.92552649867702	134.925526548967	134.9255265408837	63.75	127.5	125.2434008334555	159.94318529233203	159.94318530434063	143.46623989684844	52.5930135214289	52.5930149109723	52.59301472534497	200.32904635350175	200.32904626615257	200.32904635858245	200.3290463893693	200.32904641463514	234.73972602739727	248.87019230769232	221.5177337481909	167.53500000000003	221.49376277210195
16.995333441180776	42.40528844360006	54.67095369238953	54.67095369238953	69.3548120756142	69.35481209774736	69.35481209774736	69.35481211441265	134.92552647917762	134.92552649974633	163.2	161.8871652522563	107.77568139329088	46.3209005494368	46.32090071088251	125.24340080323714	191.41115703976737	45.522867148922984	195.3367793596111	201.71641791044775	211.77966099167625	200.3290462397354	200.32904633949136	200.3290463190833	200.32904630761044	239.0625	147.1951219512195	250.05505600787595	223.97081537713407	224.1627906976744
38.70289315363749	139.03703093488934	54.670953585364856	54.67095368091671	54.67095376026461	54.67095376026461	69.35481207480254	69.35481214201377	48.43567764252737	93.93366886594421	106.5288842441658	93.72383928884992	115.97110172347871	208.6790992891175	208.6790994505632	72.10166915764844	118.56788748655973	40.998781463626926	201.71641787636446	191.24999989133525	191.25	185.64518785798626	185.64518788558735	200.32904623973542	200.32904623973542	224.83870969112903	232.82608695652175	246.6540173076133	131.0287088604345	196.71428571428572
38.70289315363749	139.03703092269996	54.67095351383119	54.670953641417555	54.670953660508616	54.67095366050867	54.6709537338474	137.18957635429547	134.0559400507985	98.95859577042305	99.93045660902473	108.39856658279857	62.48025312703518	31.6815955281958	31.6815952811115	72.10166925944571	31.681595331609714	31.681595385746903	31.681594884731766	95.05681469565934	185.64518792519746	185.6451878987907	185.64518790225262	185.64518792438582	185.64518782443096	249.9	232.82608695652175	147.1951219512195	221.29466968959895	249.76305663986648
139.03703095246834	139.03703093928408	139.03703095147625	54.670953610630676	54.67095366944389	54.67095366944389	54.67095364649822	105.3002948085539	94.33293282932368	94.33293283759855	91.6408478365739	127.05367825871421	31.681594884194936	157.55456597795654	157.55456602065325	181.93909988507744	181.93909991252994	95.056814707668	177.16680194702337	142.36717136200332	204.0	177.88206629755274	185.64518780837412	181.73241905735023	215.33333333333334	217.8125	199.22147380092818	201.20706413234197	173.28798849720368	210.7044810897625
28.24036914114933	139.03703089392366	139.03703092609982	43.58216608874008	54.67095362612045	103.2802619365448	99.1340629437077	105.3002948172279	94.33293283583461	88.3347526061876	84.50391060456437	94.33293285238696	94.33293282685287	94.33293282281278	137.1895764510802	154.72911506351699	154.72911504683174	116.54314248362903	177.16680198598561	142.36717137548993	177.88206624721232	163.41096915038065	163.41096927098454	163.41096965272953	163.41096927098454	223.125	61.54312464535451	234.5890954361921	169.7813810043781	243.94000662821944
28.24036940028509	28.240369389527643	139.03703093229205	103.28026186356792	103.28026189363717	103.2802618929594	103.28026195174243	112.66359859134946	85.55170104863555	93.91133475155155	84.50391060456437	86.17444576780304	94.33293277133492	94.33293283536418	138.61787225535568	138.6178722354141	138.61787223282755	116.54314246335929	138.61787236290587	160.4405800481765	163.41096915038065	163.41096920403385	163.41096923086042	163.41096927098454	163.41096927098454	223.125	61.54312466606723	102.35748721797987	243.10580719666916	50.806252099826764
28.24036923126951	28.24036935081861	28.24036947036771	61.54312464535451	103.28026187218342	103.28026175568664	103.2802618316963	99.13406294419951	81.37748231458161	112.66359859134946	112.66359860063659	112.66359857884638	112.66359860586289	112.66359860586289	112.66359863287948	61.44897317968477	138.61787224919618	138.61787222852305	138.61787224753806	160.4405800351804	163.41096915038068	163.41096920403385	163.41096923086042	163.41096927098454	163.41096927098454	61.54312470324399	61.543124691208334	29.986071830086246	4.908244959949371	235.54331734481926
41.412324077903634	28.24036940028509	28.24036939066832	33.970578274329256	61.54312464535451	61.543124840907666	0.31953065748214726	78.37144775039263	76.59258169670915	78.04690316792502	112.66359857884638	112.66359857884638	112.66359859819059	112.66359857884638	112.66359862165686	112.66359868691256	255.0	112.6635986685894	138.61787218777124	150.01816136310663	163.41096927098454	163.41096927098454	167.3009176937459	157.6202664519784	190.23297040861996	167.45124870442655	76.5	153.0	42.63693809728207	2.502857069631034
22.27312754484248	60.66363235609373	28.24036935081861	33.97057811094041	33.97057814505803	61.54312470324399	61.543124732188744	68.68869976630589	75.59307845699846	170.03519373635714	170.03519392223535	170.0351937592897	112.66359858645745	112.66359860992372	112.663598628498	112.66359863339	112.66359860992372	112.6635986685894	112.66359863287948	148.1240594428753	148.12405952993515	179.9210662548113	148.12405954487286	218.93755419788152	191.25	116.61763055965352	76.49999999999997	153.0	30.237153298509753	61.85100739304778
55.57213740917237	39.49999979999998	25.161349938778073	28.240369368012608	33.97057816211688	33.97057817162272	61.54312466606723	61.543124691208334	61.54312470377886	34.163521979999985	170.03519384357026	170.03519381676705	122.76418473366863	121.95092376965991	112.66359857884635	112.663598628498	112.66359860586292	112.66359863287948	148.12405950091522	148.12405954487284	148.1240595448728	148.12405954487286	158.04613340298386	158.046133375	158.04613334761132	182.63327647904939	116.61763055965352	179.8906404744144	254.79948245444666	134.64811168961717
36.059571905415794	39.499999803047444	39.49999980000001	39.49999980000001	25.16134990401639	33.970578120269465	33.97057809520953	67.0858163342049	67.08581636943603	23.85921509883738	23.859215243791937	23.859215237062728	170.03519378261416	122.76418483575486	87.5951439613965	87.59514398816759	121.95092378438864	148.1240595448728	148.12405950091522	148.12405947978243	148.12405961699505	151.20035194273365	158.04613341750002	158.04613336606883	182.63327639228152	182.6332764130995	112.45529623877391	91.33313828015307	162.69474147444805	45.06188011560204
0.5856670086421332	0.0	39.49999980304747	39.499999803047444	39.49999979999998	55.5894872622529	23.729812617633883	23.72981265467598	33.970577966209646	142.66590922880877	142.6659092871265	142.6659093735911	23.859215274553634	23.85921521687507	70.0898928366922	75.79225543319689	148.12405944287525	148.1240595448728	148.12405952993515	151.20035196890686	151.2003520645732	158.04613329	158.04613325013224	182.6332763816479	162.66827563836955	162.66827565462836	91.30080526054337	225.0876106804743	209.55382829770366	8.505594334379424
18.590045350001503	1.804639302562009	222.02302500596767	39.49999982020208	48.66948242646154	55.98979194288006	54.09227130684798	54.483242358907376	41.65169310899307	85.57160420282344	85.57160445782847	142.66590934476955	142.6659093730575	142.66590938959973	23.85921505198573	151.20035170892277	151.20035185399456	151.20035192418743	151.20035196890686	151.20035196890686	158.04613329	126.82089315046127	126.82089312504769	162.66827563836955	162.66827565462836	91.26468906267763	126.21471064764927	239.29837467949528	145.7210683054838	64.81843787254337
118.63387616145329	19.418721323808057	3.4704710308660935	41.40005631002998	96.27562641868838	42.43015833429814	42.430158371464074	42.43015835701408	42.430158402445926	85.57160429684208	85.5716044813052	85.57160445782844	85.57160445015472	85.57160441724301	85.57160443457948	111.00151888920234	111.00151886209704	111.00151886306014	126.82089320128844	126.82089315821375	126.82089316316808	126.82089314717675	126.8208931251028	126.8208931909738	3.603123976254068	98.64746572261731	0.00061911899214806	57.48914993072401	162.5355425997934	188.79959000299468
0.5072301453794523	2.104037676735601	0.0	4.496901491118507	3.603123976254068	56.807944370692184	42.43015827851869	42.43015834529771	42.430158361438686	42.430158334528215	42.430158388349156	42.430158427810795	148.8355049372947	111.00151886306014	111.00151884854435	111.00151885128847	120.09655319595223	120.0965531899908	120.0965532087439	120.09655321812036	120.09655318843025	145.1774777375935	145.17747768988312	145.1774778807246	149.46075717923594	98.6474658649355	98.647465852066	253.69505776037917	181.28031803238525	15.5639372242822
7.97334000451653	11.720187984265976	17.63199238106921	22.831236547079044	26.213918457396147	0.0	28.355089983207733	30.374465792951497	46.96371222022785	42.43015832915677	42.430158361438686	42.43015835701408	42.430158402445926	111.00151888920234	111.00151880052238	120.09655316349466	120.09655322269612	120.0965532112742	107.65714079904538	145.17747770527933	145.17747767887255	145.17747759194077	52.10880364579657	191.9817856261043	98.64746534815697	98.64746583970657	98.64746584883258	254.99581370014812	63.90367611204687	0.0
1.0752231233652196	10.298056301088081	11.765999211392938	12.52141699087477	48.635636238366715	18.097182744643646	85.46758721613247	27.01249382867556	30.374465792951497	27.01249382867556	42.768578068619036	54.61283193544992	42.430158361438686	42.430158402445926	39.3350700344275	137.77533036405066	137.7753304063362	145.17747759446235	145.17747770527933	95.41051320916858	90.9354542397405	47.097731026172454	38.15043222602682	118.7704985635138	20.283443501017388	98.64746587678488	98.64746570876358	12.863340947511887	223.63330858053072	255.0
