254.31113658273446	255.0	254.84801179983634	254.99667096594183	253.26426648724993	254.94616649639423	254.88683659892965	255.0	255.0	199.46666666666667	225.26919088408027	250.44642857142858	255.0	250.46666666666667	140.451193033464	255.0	255.0	233.72221430227262	255.0	255.0	255.0	250.99881600326398	251.71253667893703	251.71253667893703	240.7977049428198	254.62672566024642	250.0659910141065	254.948294468754	254.94427141938482	254.49603758806495
254.29797646717134	255.0	241.80669203951868	255.0	254.88075756318682	254.88683657338692	255.0	250.9613484048997	254.5701986326913	219.86748624069287	230.12859355376068	255.0	150.62207146126588	220.22727274702996	249.2045451680656	129.57616955521542	254.18715846994536	138.43142991476924	231.16209262435677	249.14878096933802	223.14396565706704	227.56576834726783	202.22225998824078	241.76995950913	234.92536121248634	241.11660217403943	251.13926179223816	255.0	254.94829446878578	254.8170401295744
254.8779877865678	255.0	251.33246168497575	255.0	229.42295426159714	250.96134831502673	254.23900237613134	254.2390008368203	247.23204340899818	255.0	165.475451304057	255.0	194.34885780419316	255.0	188.23228965074335	105.85469646441501	234.28753198877192	238.75563293732077	240.5772328646487	227.27363041367823	220.9567762053386	255.0	243.67760617930253	255.0	231.74621306125326	239.2763196671951	254.12122102979797	252.74690252960082	254.910557888486	254.99916165265242
35.233274368474355	255.0	237.78132198899715	165.48629107900285	99.3675822887453	229.62874962874963	254.321808640625	247.23204344360008	246.2571552279945	255.0	255.0	77.02276767990608	233.75	248.02877697841726	77.02276767990608	255.0	255.0	98.27044597497405	155.49785143892103	214.79209467665936	216.58852558048963	178.7026493585211	251.6233580524621	232.17142857359693	255.0	251.42038880492782	253.85384396690733	254.12122102953782	252.95629932046543	43.20384504608293
78.70860553810309	67.23483409532056	135.36004325800582	252.3444619507694	187.18640899166266	203.0769230769231	254.18836684634218	255.0	241.06624756808912	252.39157858564684	254.4670529201434	243.46153846153845	233.75	255.0	255.0	250.44642857142858	255.0	226.130289532294	226.13028953229397	201.3491298016204	240.5772328639663	240.57723286200107	249.72527470408482	138.46153845527323	255.0	235.97619047619048	253.24971901924758	254.12122102922996	254.94426704263984	255.0
35.3811233062215	246.47752850603416	203.8967282512442	140.6217174203755	234.67507151390117	38.66992105272598	76.76264897999997	241.06624757537267	236.88442776896775	250.99845472506416	8.495667265993859	255.0	234.9090909090909	255.0	136.0	221.0	156.43713673405622	255.0	255.0	183.7853438814716	230.3956027606322	145.02143825157077	255.0	198.1418918918919	255.0	255.0	226.46428571428572	240.49157942649066	255.0	92.00607487631979
252.66774463321696	181.43783497868128	2.495071353161336	152.27139137912008	76.76264890593558	76.76264894285057	238.0566205906584	236.8844278266273	250.83232440112806	252.99689563125	214.46176166652586	123.83287306854737	134.93786675871587	134.93786675871593	73.44783597038102	110.97571804743862	113.16435390105903	153.85604474681386	153.85604476238012	187.94850093105194	151.34103120708187	255.0	161.0847363071377	161.08473630738575	176.27516771287327	184.6867517961636	255.0	217.27810650887574	66.29147767963715	92.00607487363752
0.0	41.95404985660713	245.48125821078222	76.7626488525	76.76264889500001	76.76264888747806	76.76264886544314	231.9365399917074	250.74844069342015	250.8323244103111	255.0	192.44928266206387	63.88535031847138	134.93786675871587	255.0	255.0	255.0	190.2164406637158	255.0	151.34103111938583	233.39733340817781	156.92307692307693	26.302611887513308	255.0	38.89830502013507	38.89830508474577	15.412087912200803	99.79912746192164	66.29147766405265	255.0
254.75568769830986	23.473620411622477	194.95584368014107	255.0	255.0	249.9764238371884	231.93653999170743	231.93653977469648	231.936539782269	76.76264897999997	217.36690447644867	192.4492826001087	112.70809922371103	63.885350318471325	60.38325657993374	63.885350318471325	201.11389912836117	171.38065963643248	255.0	255.0	178.7026493585211	222.6657060518732	141.62790697674416	26.302611936551045	71.8629704159626	15.9375	255.0	135.9657947686117	44.88647460937503	29.729567307692292
201.23087984059623	159.1610045404695	127.52668908908406	156.92307692307693	234.79095998865728	186.08927052513167	231.9365397989239	231.93653977091026	231.93653977469648	231.936539782269	217.3669044878219	112.70809928089892	112.70809885536667	112.7080991489216	60.383256632395074	147.07184339211716	147.07184339211716	170.68092493044983	202.9714930650576	202.9714930651842	255.0	126.0674157303371	126.06741571001231	9.710409116249991	64.46584001132081	102.11120249411857	41.98404440556709	30.87890625	60.30799752861603	255.0
173.33718783485097	215.6504745857607	243.7065122367916	186.0892707540482	186.08927066430186	186.08927064011823	186.08927062205782	231.93653883500636	231.93653970253214	231.9365392799201	0.0	112.70809935088093	112.708099272053	112.70809928816689	112.70809971280994	173.3373077263439	173.3373077263439	59.294833363505916	255.0	202.9714930259276	202.97149302078174	52.53772489103417	49.24577331672424	49.24577324709864	209.14676549247105	64.46583995086837	29.682000000000016	62.18336483931947	44.88647460937503	253.19414370735197
198.63010337380535	127.49966365355841	156.9230769230769	14.33004239699926	255.0	186.0892706280264	246.39044905023007	246.39044936900424	186.08927055606267	186.08927069116817	0.0	101.72614727820203	130.08527787244424	130.08527788731965	54.85565793520726	54.8556577100984	54.85565793520695	54.85565793520664	54.85565814585058	159.6065543294941	15.950486583153918	15.95048655529635	15.950486529641552	15.950486598759852	15.950486642579136	29.98181818181817	30.87890625	43.24432432432434	43.20384504608296	252.74690252960082
254.75568769830986	194.2674012294443	255.0	255.0	250.09821801998163	250.09821795585947	255.0	255.0	255.0	255.0	255.0	255.0	233.75	172.3954386372094	169.0476511567873	169.04765113266595	141.3452310533712	54.855655820631284	54.8556572157637	54.85565736608328	15.950486629971778	15.950486511655015	15.950486531873054	15.950486634871766	15.950486536336058	74.94396014943959	29.729567307692292	135.39278782248647	255.0	255.0
159.18134101817338	127.27672631889337	239.04951357068865	239.04951357068865	250.09821795761272	250.0982178973934	250.0982178973934	250.09821786306406	255.0	255.0	204.0	161.8871652522563	80.80183696608975	113.74875834504869	113.74875832531586	172.39543864854807	93.96567163237759	47.51389234640109	0.0	83.73134328358208	38.898305088042235	15.950486149712162	15.950486555296408	15.950486532988833	15.950486429311354	15.9375	46.991869918699194	239.85837572444441	252.56883534422641	224.1627906976744
146.17588564921516	255.0	239.04951346366394	239.04951346701114	239.04951360385442	239.04951385028784	250.09821786306406	250.09821777695467	255.0	214.46176166652586	106.01711178551969	255.0	117.04659028208067	141.25124167468414	141.2512416549513	48.227063871869746	118.05243541297037	42.806984572247984	83.73134329636332	35.08319815620271	35.083198031249964	4.9017822230453305	4.901782136935935	15.950486396145607	15.950486642579051	21.93548385725805	33.26086956521738	254.32319633503772	255.0	196.71428571428572
146.17588564921516	255.0	239.0495133574209	239.04951346812692	239.04951344470356	239.04951344470365	239.04951348834499	122.84371036701023	179.67131906345548	99.35019823447553	100.02959578195623	110.87985633735192	255.0	33.15186556462237	33.15186560130218	48.22706390567271	33.15186555248337	33.1518656066207	33.151865107478415	85.95234886733405	4.901782136935935	4.901782136935964	4.901782102606603	4.901782042387282	4.901781980018399	15.299999999999983	33.26086956521738	46.991869918699166	100.22164890045977	92.95919078783032
255.0	255.0	255.0	239.04951336512823	239.04951347035845	239.04951341684608	239.04951337002822	88.19067435643663	133.8394015784277	133.83940157447336	93.53244920801902	89.11894636091873	33.1518656288122	106.84978999932224	106.84979006244055	170.41829230688785	170.41829232966685	85.95234884321269	62.34728373568288	3.204596566898232	46.363636363636346	28.74534964683687	4.901782044140532	28.001378397645965	17.0	15.9375	240.6699576030007	246.4759752212529	89.78350474964884	58.43556959572467
96.45412756255686	255.0	255.0	208.25052030848832	239.04951340124012	150.61481487220442	80.74293098939685	88.19067435447272	133.83940157006515	93.85012687084924	122.35959306696776	133.83940156019767	133.83940158146817	133.83940158679025	122.84371036573498	167.5820042465533	167.58200427194282	84.61943504042995	62.34728374830391	3.204596509802826	28.7453500774389	23.063460217730977	23.063460297467856	23.06346072007989	23.06346116499367	15.937499999999972	94.99424144864417	9.669458639348761	32.95725920426776	243.94000662821944
96.45412774373949	96.45412770699764	255.0	150.6148148617214	150.61481482929682	150.61481488194318	150.61481492238667	119.16242856659471	86.13185674170089	89.60214338651483	122.35959306696776	91.66930596161589	133.83940156019767	133.83940157437797	91.77594585602174	91.77594584346949	91.77594583617451	84.61943499517375	91.77594588404742	37.63309551217813	23.063460217730977	23.063460225303487	23.063460229089742	23.063460201076083	23.063460008292566	15.9375	94.99424143016324	226.0167357504048	235.04878773556848	0.0
96.45412773265883	96.45412770872369	96.45412768478849	186.08927052513167	150.61481480784303	150.61481492489753	150.61481445092681	80.74293094117195	80.88923117008454	119.16242856659471	119.16242857641757	119.1624286055214	119.16242858290343	119.16242858290343	119.1624286086865	91.66930596161589	91.775945827241	91.77594585158377	91.77594585158377	37.63309552355133	23.063460217731006	23.063460225303544	23.063460229089742	23.063460201076055	23.063460008292566	94.99424142021834	94.99424141781807	243.03043318131242	184.96964890406065	79.13696439021047
124.55217517777325	96.45412774373949	96.45412770074523	0.0	186.0892707540482	186.08927069116817	108.63751706487506	78.35617463650502	78.32181169967458	78.2717589378378	119.16242850871947	119.16242850871947	119.16242857504301	119.16242850871947	119.16242857641757	119.16242861185154	89.60214338651483	119.16242862120728	91.77594579648007	20.25347247084443	23.063460008292566	23.063460297467884	11.214332658152529	8.097311681991812	11.360986745337755	16.63082138537277	255.0	153.0	19.30342778420672	208.43788687041865
243.7065122367916	234.11525312908103	96.45412770872369	0.0	0.0	186.08927062205782	186.08927055606267	70.49038551619881	76.5138736261597	69.05819700358086	69.05819686904672	69.05819719455155	119.16242854983204	119.16242858624045	119.16242860588613	119.16242856659471	119.16242858624045	119.16242862120728	119.16242856028552	43.13635140998946	43.13635143534273	33.228069350313774	43.1363513426046	7.768327286921362	9.710409108651731	33.081573101797005	255.0	153.0	8.441896198278386	3.287065818830939
75.06047345752779	76.76264897999997	5.9639327480144	96.4541276335139	0.0	0.0	186.08927066430186	186.08927064011823	186.0892706280264	255.0	69.05819696673123	69.05819691564864	48.179686614608585	110.474156938725	119.16242860552137	119.16242860588613	119.16242858290346	119.16242856028552	43.13635132697419	43.1363513426046	43.13635134260454	43.13635134260463	6.852397363279579	6.85239731499999	6.852397307907012	4.251218958175002	33.081573101797005	152.6023475198507	254.33567774106197	114.50091841768034
1.3052392164147761	76.76264894285057	76.76264889500001	76.7626488525	5.96393263051533	0.0	0.0	106.43923740815961	106.43923740547112	24.984791484214583	24.984791498518007	24.984791527431156	69.05819693996207	48.17968659192678	154.51233966405448	154.5123396819742	110.47415695457428	43.13635134260454	43.13635132697419	43.13635134260463	43.13635116094375	22.085523134125282	6.852397357499996	6.852397326364525	4.251218906774255	4.251218888527859	8.19095797599445	250.23314050651464	229.58163432002166	173.1275488460991
115.89802067735269	124.55217517777325	76.76264888747806	76.76264890593558	76.76264897999997	56.08737859861992	0.0	0.0	0.0	53.79300998323677	53.79301006237563	53.79301006237563	24.98479153444191	24.98479161417083	69.22679879092016	76.45171441389274	43.1363514099894	43.13635134260454	43.13635128546656	22.085523195034654	22.085523407519105	6.852397230000008	6.852397144765291	4.251218887795716	9.308601021561941	9.308600994945465	101.58910129873908	102.49598655089866	252.52439441609388	5.705269394043057
173.3401708528299	75.06047345752779	247.5920750794548	76.76264886544314	49.749826808899684	77.79370361040915	53.28672740956091	55.96149551423093	255.0	21.36140197034132	21.3614022638707	53.79301000473265	53.79300996211276	53.7930100668444	24.984791296808226	22.085523065042594	22.085523121163334	22.085523216615258	22.085523195034597	22.085523195034654	6.852397230000008	4.251218906774255	4.251218958175002	9.308601021561941	9.308600994945465	91.26468906267763	126.21471064764927	159.16206263565846	220.37219634333584	3.993696906075229
127.49979976078154	5.796211162570614	168.99557981096842	172.31489498518738	4.195436580354681	70.23156828183878	70.23156828183875	70.23156827842672	70.2315683459345	21.361401951487096	21.36140224882311	21.361402142927574	21.361402241047017	21.3614022537393	21.361402237158984	10.350899971194224	10.350899877143604	10.350899874532274	4.2512189556463795	4.251218887429673	4.251218881073868	4.251218887795716	4.251218888527859	4.251218822656824	40.333365616098604	98.64746572261731	175.09919592006474	0.0	241.31475885792656	3.993657459682794
2.5271616251986018	127.51332617050055	34.24016530082338	194.2674012294443	255.0	177.3578749072712	70.23156823821535	70.23156827487105	70.23156827487105	70.23156831604402	70.231568298262	70.23156833537723	0.0	10.350899905801128	10.350899830118323	10.350899864955437	5.060407619989775	5.060407492526707	5.060407473773694	5.060407464397144	5.06040736604848	4.901782133592917	4.901782102606603	4.901782044140504	0.0	98.6474658649355	98.647465852066	40.138245999744896	59.02147866837592	175.7995653432706
10.133028732077207	10.280924916102208	9.90776570043252	24.336367425052657	25.59327287220472	36.933424087331275	29.255676000539125	36.933424087331275	181.2440328297536	70.23156824258913	70.23156827487105	70.231568303204	70.2315683459345	10.350899683197241	10.350899843263335	5.0604074351511485	5.060407494304457	5.060407451552493	8.342552687221655	4.901782136935964	4.90178211052924	4.901781980018313	0.0	9.562413569130882	98.64746534815697	98.64746583970657	98.64746584883258	0.0	3.993782207332373	0.0
1.142286970637656	10.098269930015846	10.170451547458697	9.90776570043252	0.0	14.039459378276007	0.0	34.24016530082338	34.24016530082338	34.24016530082338	0.0	0.0	70.23156827487105	70.23156827160261	8.19095797599445	212.0344991356452	212.03449899962672	4.90178204063406	4.901782097325878	0.8269554273124982	0.7680039547206547	0.05854470198258355	21.103038578651308	1.3052257839297567	107.61725697287685	98.64746587678488	98.64746570876358	5.790142258352347	0.0	0.0
