254.857030059146	254.85748537333333	254.94512561410656	254.95000201012866	254.90175091145892	254.36805718149037	254.2472117166899	253.22916666666666	252.45	244.8	209.26662643069074	255.0	248.93301766562124	250.46666666666667	253.79923460651628	227.8	244.8	239.906110346527	244.8	237.87857142857143	250.36363636363637	230.91929362747163	183.0039739645635	183.0039739645635	252.92072256135205	216.74458430469798	254.66460752524512	254.1208041727494	254.85071124205967	254.3152761358102
254.73758222066724	254.9228138046704	247.0092335983365	248.97163119	253.88707038736263	254.24721202278008	250.36363636363637	249.0992943915827	250.98434951812914	203.1946918309494	218.2015732010668	245.555555565	199.5288299206041	226.02272714430526	247.75568167741156	251.7263642309379	240.60109289617486	246.0844814184645	241.4408233276158	229.43339819493121	249.08019873381815	230.62872252701695	215.32230944427454	183.11230915299987	234.2810047297758	240.9439193139187	207.2645209348056	253.85041836734695	254.1208041729452	254.07826630874897
254.90837437019852	252.09866666666667	250.60501605633988	254.745	228.73161711203332	249.09929445016138	250.99867706767066	250.99867503031757	243.86573072604105	248.359375	253.79510729532916	243.77883430526128	174.0898545344096	236.73213752358907	168.01096843680298	248.62745175514848	227.9616226272001	226.48095043015158	216.98049043422503	147.16107494372335	220.02107137907646	224.0909090909091	251.9847973143233	204.0	231.6173227954576	235.89902952209587	249.1815858316757	254.26435078019617	253.53554840160183	254.63061787436146
0.0	254.592	232.0556224250264	225.92802994307763	201.4504418262929	216.82952182952184	248.670212828125	243.86573076150407	242.62569485585595	191.25	253.56103356103355	59.039148671741515	255.0	241.71798561151078	59.039148671741515	215.79242361001937	206.8987742280779	244.59370984937536	224.39700364008806	215.2516007420456	215.11892904178916	203.28967265502428	226.52257204987762	215.865306122449	204.0	249.0202884871126	251.6250331741253	249.1815858321183	248.9940224906289	192.2570689016897
78.70860553810309	241.51420011956478	254.8913675910769	232.3953201762409	185.9624378512467	185.76923076923077	247.42869086593726	249.23076923076923	235.39410062764614	243.88333876078605	1.4948518579525114	231.92307692307693	255.0	221.3980447347213	226.666666695	218.57142857142858	138.16998792674127	119.5489977728285	119.5489977728285	200.6827409300079	216.98049042328614	216.98049042419905	246.63461537345546	167.30769228858335	223.125	233.25850340136054	244.712634231865	249.18158583007994	251.73607891475802	251.015625
200.34038285675604	4.524010137997266	218.88492921655694	239.95681650088596	242.8022337454119	116.34395924676815	255.0	235.39410063789467	229.73864771302053	238.0325507500041	246.0316244270167	233.75	222.54545454545453	229.5	204.0	221.0	136.41169443418846	138.16998786581644	138.16998786581644	234.84868000632974	221.49785990041607	148.4284995380355	176.08641975308643	120.60810810810813	169.999999983	169.999999983	189.77551020408163	240.49157942649066	230.57900726515265	201.478739550466
254.0083575760301	179.47341154311135	126.24942476059599	126.91899350810232	255.0	255.0	231.22857643327552	229.73864751700475	237.33927538105627	238.21922265	255.0	104.29871480643081	115.04487400759402	115.04487400759407	231.39161396322388	40.58270515070325	114.01101802242991	192.9157575208564	192.9157575537583	188.29522110695137	161.17521964387018	138.16998792674127	150.57911631140627	150.57911631639718	196.3842281549691	193.65398044422273	207.06	217.27810650887574	166.17848332394368	201.4787395646644
253.86593014214074	219.1009891122474	31.415015560596856	255.0	255.0	255.0	255.0	223.12249704350614	236.98949845282527	237.33927513903754	220.1770338946926	185.8922273673635	226.30573248407643	115.04487400759407	198.30665385007	204.00000001316815	171.71734874534624	100.47231558893043	188.9245561074681	161.17521959531237	176.40419920375734	156.92307692307693	83.77707508534445	83.84712598538911	113.81355928569951	113.81355935084747	95.89743586388937	108.92618039824293	166.17848331546224	226.6666666644
122.23627651515835	34.197388674766444	194.0020833293812	235.3846153846154	235.3846153846154	233.7729409000929	223.12249762185664	223.12249703621464	223.12249704668108	255.0	251.91590292404734	185.89222732088422	93.72115564978324	226.30573248407643	209.7861639715578	226.30573248407646	179.35765150699723	171.50375963388942	107.77568129361032	164.84388538336464	155.10331866688523	205.39625360230548	125.23255813953486	83.77707514360995	79.11519678821568	99.16666663125002	127.5	15.392354124748465	58.58506944444446	155.106837625
214.40999048893926	143.7599781889943	16.417178902678984	137.30769230769232	225.46458145062854	255.0	223.12249704350614	223.12249703098144	223.12249703621464	223.12249704668108	251.9159029142981	93.7211545851606	93.72115534349064	93.72115536056569	209.78616393909775	212.7509907573625	212.7509907573625	168.72358340147693	163.77784835228707	163.77784837236118	144.43463473250594	116.31728995472076	116.31728996638705	66.42023065125	84.77685572020218	93.41887420385214	51.89039193808529	40.72916666666666	73.73013472189587	245.98728
77.75749970367056	232.14642352997583	230.94980523015693	255.0	255.0	255.0	255.0	223.1224964651556	223.12249704350612	223.12249704668105	187.00000011219998	93.7211541417565	93.72115534349064	93.72115524139312	93.7211555894736	93.0326707941723	93.0326707941723	223.52239938290109	113.14457019677263	163.7778483155597	163.77784835008597	69.11112141802349	65.80273688862994	65.80273705270793	222.2288580018357	84.77685573717017	75.072	71.70368620037806	58.58506944444446	254.08443915442942
212.07093591694107	80.59644001634192	137.30769230769232	173.8503836163431	201.8661993465279	255.0	221.99859344211137	221.99859314035677	255.0	255.0	187.00000011219998	84.37886871480336	217.3969216976008	217.3969217202768	220.58438916768048	220.5843894040558	220.58438916767994	220.584390617899	220.58438989220576	159.63716765814823	55.58962615013158	55.58962619807238	55.58962620364386	55.5896261958668	55.58962613383525	29.98181818181817	40.72916666666666	43.24432432432434	43.20384504608296	254.26435078019617
122.23627651515835	255.0	222.0369719422112	204.3177098185135	217.97718937728118	217.97718949038045	201.86619904478775	201.8661990415468	201.86619904478775	201.86619904478775	201.86619906885218	170.000000085	170.0	70.47775640803764	217.87304009885992	217.87304007943766	142.2357306257903	220.58438688476653	220.58438868923082	220.58438906981746	55.58962618031268	55.58962610697418	55.5896261400712	55.58962623019093	55.58962611995045	68.0211706102117	29.729567307692292	254.89139732295754	223.125	255.0
254.77194657500132	108.33134455917761	199.41037398707428	199.41037398707428	217.9771892300055	217.97718926482136	217.97718926482136	217.97718923034256	201.8661990415468	201.86619900696724	183.6	161.8871652522563	140.9605332114484	189.520533868448	189.52053404858208	70.47775642118367	77.73382533222326	210.84545032780971	89.91231498324638	76.11940298507466	43.22033894349326	55.58962613383525	55.58962611592784	55.589626161797156	55.58962601292572	21.24999999999997	35.24390243902437	184.57065743962056	255.0	180.27906976744185
120.72361422467131	203.68556874069378	199.41037388004958	199.41037383820282	199.41037386616478	199.41037386616475	217.97718923034256	217.97718915204177	155.84667300204057	134.02854290821654	106.00201363314036	174.36191973458108	116.28545552831949	65.47946595141795	65.47946613155199	65.43461597899574	118.02787456192812	201.17991378086603	76.11940296036423	47.662617347918996	47.66261751988634	37.022810847958226	37.02281076965744	55.589626133835225	55.589626133835225	27.41935485241936	38.80434782608694	67.4175315920717	255.0	145.71428571428572
120.72361422467131	203.68556874050307	199.41037386616478	199.4103738599288	199.41037388407213	199.41037380192762	199.41037389302582	98.32909389815353	155.82039121390932	99.27585522949275	100.17344158783652	111.16617875952366	148.34590517393252	191.05924027469482	191.05924010990339	65.43461598194705	191.05924016199486	191.0592402161319	191.05923991813455	37.12695992056237	37.02281076965744	37.0228107696575	37.02281073517864	37.02281076999449	37.02281062271882	40.79999999999998	38.80434782608694	35.243902439024424	126.79730458680291	68.19597631742752
203.68556895391401	203.6855687211468	203.6855687532368	199.41037376980907	199.41037379635614	199.41037384986845	199.41037381968732	100.29061637959347	95.07402211883223	95.07402212112098	90.42556051293144	88.38564748365704	191.05924005684432	101.35281281058144	101.35281286032316	92.10050551113815	92.10050555619767	37.12695990114008	56.222888083407355	24.204088868432024	41.72727272727275	39.38693236431965	37.022810509619546	38.694061754932676	17.0	21.24999999999997	81.14961638365693	244.89698544418832	145.23799921755682	73.07811976547299
79.55480077005168	203.68556872776935	203.68556877978776	192.26937523430993	199.4103738041332	124.78392679576555	99.85300663176486	100.2906164118306	95.07402210779406	94.61305849237533	0.0	95.07402209552035	95.07402211063004	95.0740221298704	98.32909391416936	86.78056639879634	86.7805664428692	52.678954372665316	56.222888223603064	24.20408881119667	39.38693272956198	31.877502953318952	31.877502956493885	31.877502953318952	31.877503534844408	15.937499999999972	94.99424144864417	9.669458639348761	38.81184740300975	81.24235144375004
79.55480067913831	79.55480064883383	203.68556870256197	124.78392663860538	124.78392670995038	124.7839267626295	124.78392671428267	79.45674386067677	86.12733883270559	89.60214338651483	0.0	92.96913151177463	95.07402209552035	95.07402210559346	71.27790374990172	71.27790373733444	71.2779037312277	52.67895437262027	71.27790378144695	3.0840970857018988	31.877502953318952	31.87750296378536	31.87750296901862	31.877502956493913	31.877502956493913	15.9375	94.99424143016324	227.54100245929075	234.46499803547047	12.773044689726078
79.55480050350016	79.55480067359403	79.55480071713092	94.99424144864417	124.78392666704275	124.7839267327752	124.7839268656372	99.85300660436377	81.87390552588192	79.45674386067677	79.45674382518604	79.45674385749942	79.4567438424179	79.4567438424179	79.4567438273364	92.96913151177463	71.27790374442125	71.27790373379102	71.27790375280603	3.084097075952627	31.877502953318952	31.87750296378536	31.877502843431387	31.877502956493856	31.87750237814336	94.99424142021834	94.99424141781807	243.92740288072457	173.42554100632822	43.672677933781785
124.55217517777325	79.55480067913831	79.55480064592066	129.72825985365694	94.99424144864417	94.99424149254489	105.95786686847694	78.385621516675	77.21655495131603	78.44901387173473	79.45674385749939	79.45674385749942	79.45674381726539	79.45674385749942	79.45674382518604	79.45674379717335	89.60214338651483	79.4567439040882	71.27790369387964	22.61279391876451	31.877502956493885	31.877502956493913	14.099471804174271	10.856087511507184	11.360986745337755	23.61432827626072	127.5	102.0	236.29674029311954	206.54611977517936
230.94980523015693	166.88213328978782	79.55480067359403	129.7282598031119	129.72825974372608	94.99424142021834	94.99424140600541	69.24645748558797	75.72681583380239	55.553383826991904	55.55338373942985	55.55338389498553	79.45674380279496	79.45674383173585	79.45674380279496	79.45674386067677	79.45674383173588	79.4567439040882	79.4567438273364	38.56813397945112	38.56813385224319	29.773877192028664	38.56813371835594	21.288639563990728	9.710409108651731	24.53139927552587	127.5	102.0	199.0723317807207	24.414367301296124
52.98159042815382	76.76264897999997	108.33230094785208	79.55480058822485	129.7282597140332	129.728259716916	94.99424143016324	94.99424141781807	94.99424141164548	107.775681405	55.55338378162702	55.553383853263085	14.848963414366779	71.19568241544533	79.45674385749936	79.45674380279499	79.4567438424179	79.45674382733637	38.56813369481088	38.56813376174949	38.568133761749465	38.56813378344637	6.852397363279579	6.85239731499999	6.852397307907012	5.731529088707447	24.53139927552587	254.99697922875743	108.52148500043779	1.419741242965756
0.1316384024820536	76.76264894285057	76.76264889500001	76.7626488525	108.33230099901542	129.72825964854553	129.7282596249544	60.489361335295996	60.48936138511465	165.5380897379213	165.53808963841956	165.53808959173145	55.55338390121997	14.848963441630332	46.664950841654445	46.664950823988704	71.19568241969282	38.56813371835588	38.56813369481088	38.568133718355966	38.56813372503541	19.700280982126145	6.852397357499996	6.852397326364525	5.731529087571062	5.731529072679223	61.04660656008079	14.631023987616175	38.589265369503806	21.98310255908237
107.06629972657794	124.55217517777325	76.76264888747806	76.76264890593558	76.76264897999997	56.08683883305321	116.8300120732587	116.83001213418356	129.72825944343415	43.01506823543036	43.015068217495326	43.0150683904244	165.53808962558145	165.5380894516672	69.67280743677733	77.79530995470384	38.568133379946175	38.56813371835588	38.56813370236702	19.70028109979299	19.700281258319848	6.852397230000008	6.852397144765291	5.731529071692165	10.994849581363127	10.99484950794377	54.99496992595215	219.51447994073357	39.240557415127	253.7629986387204
161.1649042946316	52.98159042815382	241.5383506392604	76.76264886544314	49.76812418784456	60.55942225906597	53.28672740956091	67.35041558585445	74.68777074986073	15.657063048398868	15.6570629642967	43.01506833278137	43.015068268606825	43.0150683373746	165.53808955051505	19.70028109979299	19.700281120222996	19.700281166255337	19.700281143123675	19.70028109979299	6.852397230000008	5.731529087571062	5.731529088707447	10.994849581363127	10.99484950794377	0.0	79.07602310302718	158.9005059349917	250.8022299962148	253.95905994426008
110.51731631276152	46.504532044521255	141.2911335284375	69.23389906635887	0.0	20.412714469458393	20.412714469458365	20.41271448085533	20.412714503649198	15.657063052351361	15.657063048398868	15.657063085239798	15.657063135526528	15.657063138285451	15.657063179090443	11.614331700575775	11.61433165476248	11.614331659832118	5.731529236971994	5.731529071198651	5.731529087002912	5.731529071692165	5.731529072679223	5.7315290068081595	40.333365616098604	57.70506827012892	162.1542494150239	6.602773631655566	8.557084290381795	3.9269015649061316
24.348548094444226	1.7017861975186008	27.01249382867556	50.33831008208182	40.333365616098604	167.54924446853363	20.412714366885865	20.412714463583484	20.412714479724485	20.412714482308616	20.412714477140327	20.412714496938833	30.53306325700217	11.614331659832118	11.614331631855833	11.614331639935614	6.39997327891507	6.39997328680812	6.39997330556119	6.399973314937682	6.399973285417559	4.901782133592917	4.901782102606603	4.901782044140504	82.77595861339341	57.70506827012892	57.705068295867875	95.0273018870343	58.11311044124656	234.4736838672404
10.12964963893026	9.906210791464076	12.387243588457494	20.815280513424966	25.54292225349397	27.01249382867556	30.169922354277475	35.642129522906544	129.19444777909052	20.412714501245745	20.412714479724485	20.41271448085533	20.412714503649198	11.614331700575775	11.614331534756587	6.399973341655198	6.399973283791979	6.399973284333839	11.946341749579375	4.901782136935964	4.90178211052924	4.901781980018313	13.10051519620339	57.682052275129564	57.705067992886995	57.70506832058675	57.705068302334666	246.06493438798506	119.35577523807964	0.0
1.0958892048294047	10.235851657657463	10.131074461813853	12.387243588457494	0.38041786435411495	255.0	3.4206288731132304	32.57536585338528	35.642129522906544	32.57536585338528	255.0	3.5893330247928077	20.41271444744251	20.412714503649198	0.0	38.658338349219434	38.65833843423715	4.90178204063406	4.901782097325878	4.343557380310614	4.037684342849303	0.6871174351084335	16.676047135359823	1.7377281819364612	82.91372115739233	57.70506824643013	57.70506810807879	110.0121897198332	190.08113054414468	0.0
