254.97212327498383	252.8649237474074	254.99910866729996	254.60106955345142	252.0120724659972	251.8735860877404	252.94054931142827	255.0	252.45	244.8	89.64598055737244	255.0	250.57811775654318	226.66666666666666	26.8265104777889	230.714285707	250.142857138	251.32582642965195	250.142857138	247.25892857142858	251.688311685	230.07639315829758	209.61176501688553	209.61176501688553	245.1536079052841	235.8510367580846	252.4436684139438	254.8885370673004	254.7039350163177	253.7835991852608
254.86768628112094	254.99286616823068	249.381735774815	231.66666666	251.3736263653846	252.94054732045043	251.688311685	218.5091436847252	241.86311173343088	85.34830661818324	160.5855499974795	248.115	219.68347726884986	217.32954533106275	252.1022725840328	24.197989745385655	215.28688524590166	244.61892200465667	248.94939965694684	248.77654568885876	233.14935012578604	232.38335952935898	222.70975919912996	236.0329891434025	234.82235116941504	241.02629349615677	247.58398018586058	254.76500318877552	254.88853706732274	254.86472141239014
254.7303013122307	252.6870748294	236.312849176595	254.745	229.42295426159714	218.50914380795828	246.18206931070677	246.18206935517534	198.62327909751454	255.0	195.0425105749997	246.81889367225182	64.02984944911955	240.22405784907738	61.0898124943792	18.287406552765106	246.68217262835913	247.06063088897992	236.19563272269679	215.03890235652975	221.45258795069785	248.01257253384912	253.27702704414034	229.5	231.82602353440578	239.06561854959844	253.5326362249869	254.84968525704008	254.8123995050309	254.98697611836252
0.0	254.90748299326665	226.21922258834715	154.15207647128815	123.52475817014209	179.87080487080488	234.374999953125	198.62327904670616	198.73918558667793	130.05	255.0	249.65934786736403	255.0	237.5562178828366	249.65934786736403	177.86375690365793	137.03521606725195	16.77636674584687	179.94836067331278	214.67473626808203	215.06841812364542	215.77970087993126	245.9460565020924	234.35714285931124	229.5	246.50035517795064	254.6965023601318	253.53263622494657	253.3289115653634	244.99315956221199
236.18440411172838	110.90826054087213	204.24262617923267	186.6879383869358	20.011935330376787	144.23076923076923	230.37864579260344	255.0	172.50000010585228	234.5752073766626	112.02733699475891	236.53846153846155	255.0	227.76313693097808	232.05	182.14285714285717	181.28846924833988	147.47216035634744	147.47216035634744	200.984503616558	236.19563272050715	236.1956327188115	252.69230768087365	86.53846153454577	219.3	230.4251700680272	252.34212085030828	253.53263622461117	254.64965106012244	250.002
18.121324962612704	254.9377726284131	0.1341822043121681	193.73232454067556	143.14632281035978	134.38319178560317	255.0	172.5000000156818	157.5377172544515	224.04501837794518	205.60851246577897	255.0	215.43636363636364	229.5	204.0	170.0	45.80690838679405	181.2884691954601	181.2884691954601	200.1248348704603	213.8843352779401	126.14845323138465	205.0493827160494	86.14864864864865	76.5	76.5	210.76530612244898	195.57350933090578	245.21543463902862	232.5367608273063
122.72667852827564	63.623698064765335	231.92758533191477	46.52486151824618	255.0	255.0	158.64345017844522	157.53771684572592	222.80829957811716	209.4196520625	255.0	30.757428322657432	35.472903003106666	35.472903003106694	11.830861335553976	229.3661471296925	245.14140286728454	227.1348511575542	227.13485115245416	188.134496995747	154.56779620199623	181.28846924833988	242.57495969113796	242.5749596911708	234.8909395579042	238.26117318102987	242.6142857121	158.43195266272187	205.9966579135832	232.53676082052704
100.82285846934181	82.81004740466346	85.6964667905929	255.0	255.0	255.0	255.0	141.79545838885667	222.18502465542315	222.80829908718363	255.0	124.99824146141358	9.925690021231418	35.47290300310664	204.35125690993988	219.80665646012307	176.30529153713536	172.1480783204322	210.57058165414216	154.56779619368638	214.61620426690618	98.07692307692307	121.62603180500932	48.06557146918402	155.59322031392992	155.59322033898303	169.53296703420904	239.89336787199733	205.9966579113389	130.05
25.692893272546826	114.24939657670919	239.23287800576202	255.0	255.0	216.4597670147842	141.79545838885667	141.79545847379745	141.79545851096623	255.0	201.22816867315032	124.99824136329815	26.399294735374127	9.925690021231418	204.24939868464728	9.925690021231446	220.89096834475467	172.46766991812325	41.65169323025458	159.58773656280485	182.44706365212843	244.71181556195967	197.09302325581396	121.62603185370875	216.2482045379739	175.3125	76.5	169.3158953722334	247.218017578125	225.88341346153845
0.6364558592752019	146.30640931281914	52.79299565488614	98.07692307692307	126.25602253164459	255.0	141.79545838885667	141.79545845521312	141.79545847379745	141.79545825979176	201.22816870352912	26.39929436592945	26.399294649097897	26.399294761073833	204.24939861539985	183.8640832103423	183.8640832103423	166.2578932582139	194.10303993668452	194.10303994682528	198.8007371672198	224.21012912963275	224.21012912937456	132.88840837875	198.47261376777854	236.51112216207946	240.73014221370968	230.09765625	251.62433471700766	254.398408163232
252.9616642063134	61.982656614094026	253.76299065754313	255.0	255.0	255.0	255.0	141.79545838885667	141.79545838885667	141.79545825979176	140.250000014025	26.39929363781667	26.399294649097897	26.399294898129654	26.399294723604214	134.66388610256277	134.66388610256277	9.045586654205238	142.13987680696664	194.1030399099333	194.10303992993124	171.19041830759525	174.35891904249894	174.35891922298114	4.773631179722713	198.47261391776783	244.8	249.09499054820415	247.218017578125	254.94141788821045
8.2357817927454	4.922504632854839	98.07692307692307	191.9565360016407	255.0	255.0	199.6773258054186	199.67732595874628	255.0	255.0	140.250000014025	23.766814024217496	235.65046470958623	235.65046471039764	8.21551265647102	8.215512598091522	8.215512656470992	8.21551410668954	8.215513261732525	159.7622246417131	86.3787105621874	86.37871053929675	86.37871056218736	86.37871062145268	86.37871064926685	227.8	230.09765625	245.2227027027027	244.99315956221199	254.84968525704008
25.692893272546826	255.0	255.0	204.3177098185135	169.5364784659056	169.53647851389053	255.0	255.0	255.0	255.0	255.0	178.5	127.5	91.12454602449202	231.0523712320873	231.05237123124334	152.60722728735192	8.215510078802794	8.215511988560763	8.215511954722786	86.37871052593385	86.37871060752838	86.37871057427193	86.37871060752843	86.3787105984409	213.84433374844332	225.88341346153845	204.25651809415143	167.53500000000003	250.79799677346526
204.20581706203512	73.70757177570857	168.6212894015591	168.6212894015591	169.53647836204695	169.53647837223616	169.53647837223616	169.53647837362598	255.0	255.0	173.4	107.77568139329088	140.9605332114484	153.22352729530917	153.22352766028257	91.12454602950189	21.741226318439516	7.030570779111088	81.14737573602014	186.49253731343282	155.5932203521689	86.37871040283338	86.37871053929678	86.37871052680185	86.3787105984409	175.3125	235.65040650406505	253.91612035108778	226.00746280340655	180.27906976744185
105.91949750210426	255.0	168.6212894015591	168.62128947319815	168.62128959716662	168.62128959716665	169.5364783340159	169.53647839261464	165.44533426782385	93.93366886594421	106.08080415529494	174.36191973458108	115.54092753018415	101.77647233971743	101.77647270469083	25.657215639426596	118.88082261139047	6.293489190142623	186.49253731854532	145.0862066192692	145.08620684659087	85.46352160738536	85.46352162637402	86.3787104028334	86.3787104028334	194.67741934112905	216.19565217391303	236.44778716448891	250.79799677346526	145.71428571428572
105.91949750210426	255.0	168.62128935073318	168.62128942572807	168.62128946070322	168.62128946070328	168.62128939247162	152.87359705954077	144.71115653267736	99.32949112138286	99.60443073352178	0.0	155.1264151974076	4.666584339640423	4.666584250757751	25.657215686660066	4.666584385400597	4.666584385400654	4.666584066521949	23.947628768756687	85.4635216659841	85.46352163957738	85.46352162776381	85.46352163795305	85.46352153409444	204.0	216.19565217391303	235.65040650406505	178.4293315236146	8.300271446822393
255.0	255.0	255.0	168.62128939247157	168.6212894378126	168.62128943781258	168.62128947406615	149.22404552151474	123.01580469322025	123.01580468514229	84.28223408867348	100.45565480137475	4.666584113561328	96.30995486581779	96.30995492590611	156.99808613172132	156.99808610557739	23.947628767912732	159.35817058337005	55.872761268432924	171.54545454545453	129.2476541325634	85.46352148610947	131.96024256883157	187.0	175.3125	63.0434639983593	150.20796844078035	66.00932029164966	254.0388322013413
51.314431046086014	255.0	255.0	84.14757481530557	168.62128937854732	113.58358117148879	126.9598194864956	149.2240455005167	123.0158046665104	58.6344051369438	61.44897317968477	123.01580469753011	123.01580467655447	123.01580468472963	152.873597088155	131.18464299931583	131.18464301969811	67.68273777871852	159.3581704567783	55.8727612927874	129.2476543861034	113.20454174020821	113.20454161114327	113.20454174020821	113.2045416111433	175.3125	48.26781180431158	59.28675747115935	246.91182353236528	81.24235144375004
51.31443127885325	51.314431259306275	255.0	113.58358112940113	113.58358108567359	113.58358110739746	113.58358106339014	108.3987271394457	85.79703622814569	88.20431658293188	61.44897317968477	90.17154161668532	123.01580469753011	123.01580468354635	95.60342011984127	95.60342010555883	95.60342009977498	67.68273774592424	95.60342014720979	53.77183129647088	113.2045414890338	113.20454152620252	113.2045415447869	113.2045416111433	113.2045416111433	175.3125	48.26781189348836	78.55834728208703	63.81222341136959	0.0
51.31443127223068	51.314431259496956	51.31443124676326	61.54312464535451	113.58358104276599	113.58358098542956	113.58358093136809	126.95981950380133	80.95418560610722	108.3987271394457	108.39872714838125	108.39872717723108	108.39872715665612	108.39872715665612	108.39872713608125	90.17154161668532	95.60342008971088	95.60342011348285	95.60342011348285	53.77183132684968	113.2045414890338	113.20454152620252	113.20454154478693	113.20454141835978	113.2045416111433	48.26781186617356	48.26781185407657	17.153709764637	62.25859900200953	7.025883961333818
160.36885391609667	51.31443127885325	51.31443125525237	142.1696245817303	61.54312464535451	61.543124840907666	56.78069209358685	77.33217673912534	75.48451028003427	77.1455822784788	108.39872708042915	108.39872708042913	108.39872714523213	108.39872708042915	108.39872714838125	108.39872719173331	88.20431658293188	108.3987271967201	95.60342005964242	95.78715872564749	113.2045416111433	113.2045416111433	130.97476841901602	112.45066640047392	155.47681147249148	105.11703185851263	76.5	102.0	188.92952372551514	245.23323119437694
253.76299065754313	234.11525312908103	51.314431259496956	142.16962460465714	142.16962462207343	61.54312470324399	61.543124732188744	69.60125558152322	76.00225714228011	14.216329278519765	14.216329083637675	14.216328904199742	108.39872711913392	108.39872711527627	108.39872717518799	108.3987271394457	108.39872715731687	108.3987271967201	108.39872713608125	128.8026184161019	128.80261819205316	142.99622637858818	128.8026182863548	140.96053317152422	132.88840838813314	221.6409867134715	76.49999999999997	102.0	4.571658193376834	41.412324077903634
109.68656380318882	39.49999979999998	128.61312176293853	51.31443122021224	142.16962463078156	142.1696246218327	61.54312466606723	61.543124691208334	61.54312470377886	115.33074771000003	14.216328885517697	14.216328802883481	170.35939315287493	101.2096912445185	108.39872717723105	108.39872717518799	108.39872715665615	108.39872713608125	128.80261806690112	128.80261811278032	128.8026181127803	128.80261815617393	119.4728761127266	119.472876165	119.47287616809913	76.61794247912562	221.6409867134715	54.34623922420414	183.70037621854723	241.94535710077776
1.804639302562009	39.499999803047444	39.49999980000001	39.49999980000001	128.61312171083642	142.1696246418839	142.16962453882215	59.60775044663447	59.60775046969289	3.4708816514385603	3.4708818294026287	3.4708818284236997	14.216328784007231	170.35939310725138	64.85964613646757	64.85964611704301	101.20969123998296	128.80261802599307	128.80261806690112	128.80261809108353	128.80261796800443	112.18914250025279	119.47287616499997	119.47287614964162	76.61794251449277	76.61794247542832	112.45529623877391	172.7533340102002	133.36736144283486	161.34100659039797
254.1585024927034	160.36885391609667	39.49999980304747	39.499999803047444	39.49999979999998	57.8460748589992	73.71153075166015	73.7115308045399	142.16962470203754	10.843605797850131	10.843605774834941	10.843605947764047	3.4708816497379757	3.4708818254869414	69.52121339012334	76.99913091642551	128.80261781659695	128.80261802599307	128.8026180421769	112.18914233127995	112.18914236856574	119.47287616499997	119.47287605386788	76.61794250614781	125.39603956813093	125.39603953006429	14.530509302230485	114.76452994345553	254.3624523377134	239.19654224539127
131.54833017253236	109.68656380318882	90.87141338605213	39.49999982020208	50.33947736819303	57.85035053929602	54.78327328606426	55.21336099648863	41.65169310899307	202.07260126498852	202.07260146219633	10.843605890121012	10.843605893728153	10.84360604233558	3.470881651438475	112.18914220128792	112.1891422847504	112.18914241246145	112.18914237461061	112.18914239627597	119.47287591	76.61794251449277	76.61794247912562	125.39603956813093	125.39603953006429	0.0	79.07602310302718	1.0883507151272624	55.2294745425296	1.3946765590629582
2.8217713215340154	2.819688542193859	7.1457613401459525	249.89342423658314	26.81615525181647	27.85947540010511	27.859475437271016	27.859475435917545	27.85947550754247	202.07260147740791	202.0726015434704	202.0726015831394	202.07260146991024	202.0726014872991	202.07260143313007	58.91325992970667	58.91325989279659	58.91325988765098	76.61794273690069	76.61794252150759	76.6179425321763	76.61794250614781	76.61794247542832	76.61794254129936	0.0	57.70506827012892	140.75040036683816	0.0	17.956459480345018	144.12442310585146
0.009371234149540442	10.295664572572605	0.0	4.496901491118507	3.603123976254068	0.04101978511107518	27.85947537512058	27.859475406904153	27.85947540690418	27.85947544271295	27.85947543565925	27.859475433308006	24.775402299494658	58.91325988765098	58.91325987434158	58.91325989246701	81.10071176384838	81.10071180295213	81.10071178419915	81.10071177482257	81.1007117167062	85.46352163795305	85.46352162776381	85.46352148610944	149.46075717923594	57.70506827012892	57.705068295867875	22.462137996236038	17.04590267625079	211.06959393996615
10.053003409173982	11.373527005822012	12.584362487677339	19.85222817548177	27.022030727619665	0.0	18.06448876642102	35.642129522906544	181.2440328297536	27.859475439186127	27.85947540690418	27.859475435917545	27.859475433210577	58.91325992970664	58.91325988765098	81.10071178505936	81.10071176087712	81.10071178933393	59.708243136205226	85.46352158676393	85.46352161317063	85.46352153409441	0.0	224.90522689180452	57.705067992886995	57.70506832058675	57.705068302334666	162.59231553027678	229.36984996107506	0.0
1.1992533276927588	10.679563879935131	11.429946447795658	12.584362487677339	0.2021804573159045	20.57498326474567	2.245069093168013	34.24016530082338	35.642129522906544	34.24016530082338	50.852469013865004	3.5893330247928077	27.859475406904153	27.859475433210605	0.0	28.852368275008075	28.85236832548145	85.46352160738536	85.46352162637402	9.557185108338842	8.896513100974488	3.3966140535069087	2.704759183576158	21.391456714385782	107.61725697287685	57.70506824643013	57.70506810807879	19.364518549385423	230.81373800239146	255.0
