254.65462617198142	254.9125514459259	254.7091835519974	254.7280809421803	253.33249494399723	252.6372926983173	251.0070001127777	244.0953947368421	244.8	250.46666666666667	253.27909139469222	250.44642857142858	228.19290855899663	253.86666666666667	249.35342485682543	229.5	233.75	228.53621388582573	233.75	228.77142857142857	243.4090909090909	242.08099625416668	254.3020262634407	254.3020262634407	241.5483505736773	254.96348081685977	250.10121509733764	254.27864386608522	250.1864667517689	254.46443863627897
254.99200224884007	254.72251241983074	253.7553649070181	250.27777779666667	252.00320511263737	251.00699914221573	243.4090909090909	249.31931246301062	244.1566516290421	251.87230733569655	211.4944926174926	213.617580765	199.5288299206041	234.71590895754778	239.06249986416904	244.42766153528643	247.6844262295082	229.72464902939365	234.1509433962264	210.17463706381858	223.27203077069865	226.8294072740987	242.58711375591741	241.03096521736785	234.41883406993603	240.949608860382	251.11138559954304	252.30220408163265	254.27864386605012	254.7602957951194
251.50831523949466	252.45	252.15083800009612	252.96	224.93448351310875	249.3193123827983	240.5674746548033	240.56747292724592	244.25744574790363	227.109375	251.4940073454812	206.0369138693475	246.13653335199277	204.79571312322855	242.8170197833397	235.74398223514723	227.4143742648166	218.33265055305202	219.44514051407296	227.15970313030573	219.5935631097539	219.48742746615085	241.21621624974435	216.75	231.70490789700978	239.03616178305614	249.90082631484984	253.27349331379372	253.95473428378278	254.60841597643434
0.0	253.22916666666666	205.50063994642045	175.83195172284138	193.7652146267325	239.24710424710423	237.955729078125	244.25744578326646	243.0440503412764	214.2	246.13899613899613	248.70859441078488	233.75	241.71798561151078	248.70859441078488	220.29889526906834	233.98797980776428	228.55957363543627	241.63171744227535	215.5137551081333	215.10381486357653	224.0497260848911	225.95477516049147	230.0204081632653	216.75	220.1354598353531	249.49766085973005	249.90082631524214	252.55301957517702	240.57650537634407
239.31044882870648	232.5925195982302	253.04726516205616	215.8970257057761	176.23072131327493	218.07692307692307	234.64119452436472	230.76923076923077	236.0440343353472	225.8780863946797	217.05872617773892	225.0	233.75	166.16339205682772	179.132231445	232.23214285714286	157.55865663070597	241.74832962138083	241.74832962138083	200.4455010977837	219.4451405039819	219.44514050474316	230.76923077032717	218.07692306705533	220.999999983	246.6734693877551	247.87475345167653	249.90082631345575	251.6065414884224	250.4666666712
0.35306148527254777	225.14983263911634	12.472393488457755	248.45200996629322	194.60349390009577	96.67972853393431	178.23735127499998	236.04403407866508	230.55111793019503	211.21384122186316	196.91748363172218	191.25	222.54545454545453	204.0	221.0	238.0	225.56151982380544	157.5586565407841	157.5586565407841	183.97911864571464	165.08087299599418	209.10215291902688	206.64444444444445	206.75675675675677	214.2	214.2	230.0204081632653	254.88393263541192	245.83035390946503	242.98616196896126
252.24931947239426	40.53612802939483	9.335725330078702	152.27139137912008	178.23735113097945	178.23735116789447	232.00884545524792	230.55111764244614	209.50876171688074	215.873879925	214.46176166652586	207.11284390294338	213.89368312046943	213.89368312046946	205.04561229772006	235.1900299116508	225.4064502397798	171.34756310688988	171.34756308685814	187.70947672320477	192.0596612353021	157.55865663070597	145.04663782883682	145.0466378230651	195.10067110820458	170.9497206680035	193.8	253.49112426035504	223.28722845547864	242.98616196990622
140.7865364928221	245.77385180831692	97.38012613497881	178.23735102	178.23735110500002	178.23735111252194	178.23735113455692	224.1168909625681	208.65050333363163	209.50876181711567	164.95577479194338	201.0526745208652	195.98726114649682	213.89368312046946	155.63523051100827	181.38784065791333	174.36191968717029	190.03367458372335	173.2180599866988	192.05966119828406	175.530125250313	235.3846153846154	145.577018227074	181.28846924833988	178.9322033726889	178.9322033898305	158.23076923192843	149.23495101371196	223.2872284548854	248.472
149.72678872942532	23.473620411622477	0.31043560753244037	196.15384615384616	196.15384615384616	200.77656799282445	224.11689038421758	224.1168906259862	224.1168906361262	178.23735101999995	218.41628369321552	201.05267445274868	199.75650691791446	195.98726114649682	162.4231525316933	195.98726114649682	167.39771948663622	171.67492256705117	152.99999997719212	161.88716519506778	175.18899877276715	169.02017291066284	155.93023255813955	145.57701820364645	113.17868428326477	163.625	204.0	133.40040241448693	71.67494032118057	217.74711538461537
201.23087984059623	144.0838492664593	183.6106229105255	176.53846153846155	226.55077889175962	186.08927052513167	224.1168905770011	224.11689062091628	224.11689062598623	224.11689063612616	218.41628363030586	199.75650758635408	199.75650626508485	199.75650680416385	162.42315249025623	139.1701059403502	139.1701059403502	169.50416840911373	167.15595011908704	167.1559501369135	130.07602312540234	111.31393593828611	111.31393594991039	121.22784934125002	82.59092731738289	102.11120249411857	41.98404440556709	50.358072916666686	60.30799752861603	240.312
21.84051753589077	118.0185753276829	214.0696611900298	186.0892707540482	186.08927066430186	186.08927064011823	186.08927062205782	224.11689038421758	224.11689038421758	224.11689063612616	168.30000001682998	199.7565054348554	199.75650668177084	199.75650660305624	199.7565068825726	180.16161132863326	180.16161132863326	191.15963070280847	143.95646498234942	167.15595008046017	167.15595010925517	67.32075699238601	63.99241761152197	63.99241746705758	22.454112339352122	82.59092742338214	57.52800000000002	42.41965973534971	71.67494032118057	252.2166430942098
218.24221031826556	39.89454856053513	176.53846153846155	132.4002395927524	134.92552669983712	186.0892706280264	181.59723093572	181.59723099053133	186.08927055606267	186.08927069116817	168.30000001682998	186.74287815899362	167.68835617484345	167.68835616704285	186.15482867834513	186.15482950758155	186.15482964515658	186.15483012856367	186.15482922418136	159.9096094422348	108.43105338633629	108.43105337765073	108.43105338633629	108.4310534425164	108.43105349472467	20.193939393939417	50.358072916666686	29.421741741741698	29.394201228878615	253.27349331379372
149.72678872942532	194.2674012294443	169.76514915475138	155.65596279056598	179.17733442518784	179.17733467572378	134.92552639809696	134.92552647917762	134.92552649867702	134.925526548967	134.9255265408837	115.90909102500001	191.25	200.5357959008857	159.94318529233203	159.94318530434063	142.76894572396824	186.15482950758212	186.1548293375415	186.15482993279733	108.43105334082725	108.4310533191138	108.43105340150598	108.43105344233052	108.43105343184527	74.94396014943959	20.02403846153848	253.04779961102753	238.68	253.08323059981964
22.88267054234109	147.6310923283741	146.56894656815473	146.56894656815473	179.17733442922633	179.17733440786424	179.17733440786424	179.17733440913332	134.92552647917762	134.92552649974633	183.6	189.1592832044682	161.8871652522563	106.05575113315504	106.05575141255221	200.53579590423766	176.333676555619	172.32858658343974	144.53241243581266	72.31343283582086	64.83050848007039	108.43105300185778	108.43105337765076	108.43105335557846	108.43105343184527	26.5625	232.8861788617886	199.69322723843112	252.56883534422641	180.27906976744185
193.874603198182	139.03703093488934	146.56894656815473	146.56894664442154	146.56894675170875	146.56894699814222	179.1773343695233	179.1773343651401	97.78041814478013	157.13203535753348	106.51121516789937	140.9605331234972	125.46163165963634	148.94424858744782	148.944248866845	115.96296906071592	114.99990323766093	160.84380660327668	72.31343284945422	46.265408308940124	46.26540833522725	75.8226656348599	75.82266559086665	108.43105324829125	108.43105349472467	21.93548385725805	22.17391304347825	87.16333839152696	253.08323059981964	145.71428571428572
193.874603198182	139.03703092269996	146.56894650527533	146.56894659849405	146.56894662234924	146.56894662234924	146.5689466808862	87.22253790724415	155.82039121390932	99.3260247034519	99.79287395459286	112.57718485103206	105.93164169003978	145.10538861597297	145.10538830629145	115.96296904852375	145.10538843185452	145.10538837771742	145.10538845428056	95.05681469565934	75.82266563047673	75.82266560407001	75.82266559213576	75.82266557077367	75.82266557481216	30.599999999999966	22.17391304347825	232.8861788617886	74.55015093557105	215.9245449316037
139.03703095246834	139.03703093928408	139.03703095147625	146.5689465576695	146.56894661366374	146.56894661366374	146.56894665917275	80.48369742050568	80.06038239951243	80.06038241008588	91.69755804343481	87.95157045036524	145.1053882856334	140.86311683830866	140.86311688007504	86.04097248771825	86.04097243692553	95.056814707668	53.20029300857499	49.56994067263716	46.363636363636346	38.19568007472793	75.82266532427624	37.489940045143186	11.333333333333343	26.5625	122.59976040724763	198.86145409952687	24.647243745524122	19.085508774884147
115.96296904753169	139.03703089392366	139.03703092609982	194.02323152266442	146.56894655748363	124.78392679576555	85.28801168787561	80.48369746378992	80.06038240503827	93.85012687084924	97.43948926410053	80.06038242494466	80.06038239714226	80.06038239398666	87.22253794762327	86.0057327686905	86.00573278013937	89.76193050378788	53.20029307498905	49.56994065739076	38.19567993472123	30.883109363873842	30.883109615782388	30.883109363873814	30.883109615782416	10.625	255.0	190.9299216003292	175.11900450869837	81.24235144375004
115.96296906071595	115.96296906511068	139.03703093229205	124.78392663860538	124.78392670995038	124.7839267626295	124.78392671428267	82.22965306002146	85.9547494647125	88.62632061061524	97.43948926410053	94.71404886627016	80.06038242494466	80.06038240640973	88.35148491916445	88.35148492336475	88.35148492870235	89.7619305169739	88.3514850353454	36.58371636969417	30.883109363873842	30.883109374013742	30.883109379083777	30.883109422998928	30.883109615782416	10.625000000000028	255.0	1.200086047891034	76.66383332206323	50.806252099826764
115.9629691060764	115.96296901402161	115.96296904852375	117.17854150809637	124.78392666704275	124.7839267327752	124.7839268656372	85.28801169023845	81.26970911696529	82.22965306002146	82.2296530247593	82.2296530056494	82.2296530384425	82.2296530384425	82.22965302283473	94.71404886627016	88.35148493214913	88.35148491897263	88.3514849379876	36.58371630678445	30.88310936387387	30.8831093740138	30.883109379083777	30.883109422998928	30.883109615782416	255.0	255.0	220.7426950877232	2.834647363724258	251.39210191379303
149.9919158334981	115.96296906071595	115.96296906770797	71.5747892722355	117.17854127917988	117.17854138233633	111.6623053972863	76.26482766492978	81.51445903704837	78.68059408851437	82.22965290884747	82.22965290884747	82.22965301729582	82.22965310245135	82.2296530247593	82.22965304002003	88.62632061061524	82.22965308172681	88.35148494777812	34.78823752037718	30.883109037431893	30.883109326607183	11.214332658152529	13.64639528334763	7.534740318687881	22.80857687075951	153.0	102.0	136.41613941719578	110.04124774622971
214.0696611900298	60.66363235609373	115.96296901402161	71.57478925422808	71.57478920381871	117.17854124411568	117.17854122658358	69.86151938599346	76.17469895341677	151.81379008748627	151.81379025251988	151.81379023546867	82.2296529890404	82.22965298949714	82.22965300305393	82.22965301798092	82.22965303153771	82.22965308172681	82.2296530712357	36.342766256699605	36.34276597830751	33.228069350313774	36.342766147716816	15.78879622322603	6.440057775081698	217.39675530451507	153.0	102.0	102.00385938484769	24.414367301296124
33.88220377222501	101.47470229499999	72.01624217975021	115.96296907390018	71.574789178614	71.5747891561636	117.17854122918652	117.1785412470974	117.17854125605282	66.67001877000001	151.81379018321024	151.81379015927934	183.8718198674046	79.34065674630588	82.22965300564937	82.22965300305393	82.22965303844254	82.22965302283473	36.34276597118739	36.34276601753592	36.342766017535894	36.34276601753595	4.520835628027754	4.520835585000015	4.520835572655244	7.245872360195989	217.39675530451507	175.3921413964065	96.29421671459005	3.8770844116984335
18.523745751178723	101.47470222504387	101.47470221	101.4747021675	72.01624201195847	71.5747892340766	71.5747892210837	76.44300996314047	76.44300998194558	118.6193875347862	118.61938750800877	118.61938754647335	151.81379030367322	183.87181983174622	66.15083821516285	66.15083822960625	79.34065674798816	36.342766017535894	36.34276597118739	36.342765952445546	36.34276599966799	22.085523134125282	4.520835585000015	4.5208355911127	7.245872308201513	7.245872315217213	39.3350700344275	35.64463640985309	182.5034267737514	2.5751238152876965
218.3033036166574	149.9919158334981	101.4747022250439	101.47470222504387	101.47470254999996	56.32027635019463	97.441343369294	97.44134345921589	71.57478892401983	124.99196849419354	124.99196855067404	124.99196855067404	118.61938760160595	118.61938744610774	68.86337000280969	76.08107075099139	36.34276565719463	36.34276588735503	36.34276597830751	22.085523195034654	22.085523407519105	4.520835585000015	4.5208355192459635	7.245872313969414	6.059017022131172	6.059016994038728	35.58829175712836	254.93154056742577	131.67699022207947	202.85637923064564
209.48593621582413	33.88220377222501	80.76320022006578	101.47470226911383	49.76596301937991	60.55942225906597	52.28138060744453	56.8357351219737	93.72383928884992	196.0988874209486	196.09888747702047	124.99196849303101	124.99196854524652	124.99196856439147	118.61938744108303	22.085523065042594	22.085523121163334	22.085523216615258	22.085523195034597	22.085523195034654	4.520835329999983	7.245872308201513	7.245872360195989	6.059017022131172	6.059016994038728	0.0	79.07602310302718	28.589969175598156	0.0880068197733408	1.0831847878957035
254.30603946397932	9.525787648454354	144.27342561013882	8.669522087027872	20.060841885110875	95.24442936598408	95.24442940315004	95.24442939852275	95.2444294636002	196.0988873281413	196.0988874209486	196.0988873560773	196.09888734956309	196.09888732354176	196.09888731387025	18.345310878524174	18.3453107859784	18.345310761050627	7.245872355886149	7.2458723133454725	7.245872358041055	7.245872313969414	7.245872315217213	7.245872249346178	204.3177098185135	57.70506827012892	0.35400687333523706	57.48914993072401	100.7641844299726	207.95545815760218
19.26908634300318	20.562581758967355	30.374465792951497	89.85526494981661	71.99616450855797	118.1474927202332	95.2444293704634	95.24442938178822	95.2444293979292	95.24442937770479	95.2444294181536	95.24442942087589	80.49344861407988	18.345310761050627	18.345310739705468	18.345310762550298	5.060407619989775	5.060407492526707	5.060407473773694	5.060407464397144	5.06040736604848	3.2339267475797158	3.2339267471941753	3.233926566325124	54.61283193544992	57.70506827012892	57.705068295867875	122.76381612836678	244.43641300950105	110.21292534936174
10.13680466156785	10.597294665393747	12.353748687435512	20.30910127236686	25.549300590363657	30.374465792951497	30.20308982695289	34.24016530082338	46.96371222022785	95.24442938716854	95.2444293979292	95.24442939852275	95.24442938926828	18.34531059052719	18.345310761050627	5.0604074351511485	5.060407494304457	5.060407451552493	11.52735126422624	3.233926777837098	3.2339267514303742	3.2339266996214917	52.10880364579657	1.0810466101290217	57.705067992886995	57.70506832058675	57.705068302334666	220.1421038098811	200.3811786764922	0.0
1.0845003559523718	9.75808415863159	9.999478840683622	12.353748687435512	7.288462425917714	14.039459378276007	24.370596505537435	27.01249382867556	34.24016530082338	27.01249382867556	20.548416842969345	14.214236831995947	95.2444293979292	95.24442938926828	8.19095797599445	64.81039972591819	64.81039976069286	3.2339267464230943	3.233926738227069	15.614014254595219	14.558201133489405	2.567543900695256	17.157713654764876	0.8871252200311801	20.283443501017388	57.70506824643013	57.70506810807879	97.80678468749636	242.0094218182078	0.0
