254.78720514243102	254.77613168444444	254.9524515683805	254.7613047235023	246.2776660207523	252.85456730769232	253.01672851342747	253.22916666666666	214.2	253.86666666666667	254.82220635884744	232.23214285714286	212.85485924053702	199.46666666666667	206.94591209081972	242.25	208.25	240.6194159301144	208.25	238.60714285714286	231.8181818181818	203.57648379148063	242.486749320944	242.486749320944	194.90062790938458	252.22804061240498	213.9220476546131	254.88655842451212	254.68211991877516	253.5834159463283
254.87677271246963	254.93225400874636	249.58476691502642	247.44444446333333	239.74358972802196	253.01672779846848	231.8181818181818	236.44946444718227	244.8642177773656	254.45375274420263	251.84363682275273	190.75739916	247.40982989770743	247.75568167741156	212.98295442444152	195.55718784148957	247.6844262295082	227.8415220787755	242.02401372212694	230.64162220077688	155.27665895386053	226.1976246546534	223.40705917259166	252.35864656774885	234.82006646612692	241.02505103331166	254.59783662645816	253.94617346938776	254.88655842453295	254.97992711370262
252.85311671036396	254.3625	253.00558660348628	238.68	255.0	236.4494645137094	246.430862693213	246.43086093608673	223.37545132103116	248.359375	195.71744739449497	179.45945262747233	253.20802022884698	185.988289270878	251.8519400962328	171.85796020293657	232.52980047575613	230.08500614502253	236.0815285530466	248.26744884699522	221.03444069632226	229.105415860735	189.52702705706264	210.375	231.38059905579618	239.30711433961613	253.51530613310894	254.32563406551316	254.85320748258997	254.7841795152254
0.0	246.42916666666667	228.73161711203332	92.92094337169141	124.1193466325372	253.56103356103355	239.0625	223.3754511660466	221.90993267187935	214.2	154.8024948024948	186.50613639894362	191.25	226.9054470709147	186.50613639894362	211.10618871243898	159.74392518102366	161.83642212883018	194.39611183172184	214.67126242500217	215.0294672843243	237.14633231113388	231.26227955905267	244.07142857142858	210.375	246.1857654082585	252.40109966498505	253.5153061332485	254.53163265306122	238.69527649769586
254.98849040650302	112.02681209888547	244.20939127418507	52.77603103257783	14.582827796174541	249.23076923076923	235.95996190809862	120.0	204.386363726641	235.00231045849634	105.01868754898243	221.53846153846155	191.25	137.29971834976578	153.282548415	232.23214285714286	147.423061396977	198.5857461024499	198.5857461024499	199.7427292792429	236.08152854867828	236.08152854841597	132.69230767476506	250.17482515406448	187.000000017	236.78571428571428	253.2236000678008	253.51530613272837	252.7190730604682	236.8666666644
123.77256881401297	141.39691653318886	153.93583124504573	194.90839104890256	30.79017462081461	108.32857204174329	101.47470229499999	204.3863636198027	192.68559348961392	224.68147524901408	151.18001877326816	233.75	199.36363636363637	153.0	238.0	136.0	244.80276250153372	147.42306136421536	147.42306136421536	107.58396072514157	213.016353476442	255.0	239.88888888888889	245.52364864864865	236.454545436	236.454545436	255.0	195.57350933090578	254.10452674897118	231.74622755050297
215.57533927183593	253.45962670826316	170.688544694602	170.74463091007814	101.47470222504387	101.47470222504387	194.68216283801056	192.68559331546936	223.46879843994185	217.9523995875	157.13203535753348	237.1407180996877	240.03624439074906	240.03624439074906	129.03677612477776	193.44281010365256	132.15868803727824	183.33954445771346	183.33954447298188	192.94994667723446	201.25353464580303	147.423061396977	209.81494904072304	209.8149490469046	218.20469794996566	149.58100558450306	216.75	158.43195266272187	204.8130023103366	231.74622754895066
250.66432234966862	89.23920352756585	83.0396557346013	101.4747021675	101.47470221	101.4747022250439	101.47470226911383	179.74546374846506	222.8576061050111	223.46879794755296	220.1770338946926	212.0101323118042	116.40127388535032	240.03624439074906	135.22298978579934	145.81552308719893	197.98026655650898	232.59813014466386	190.34569950483348	201.25353457621628	184.0643524230959	98.07692307692307	120.22396014816587	255.0	154.15254233581442	154.1525423440678	228.84615385063256	201.76610073921793	204.8130022982395	253.651239669
196.8628629169315	254.64662377102178	2.236769796241674	78.46153846153842	78.46153846153848	217.24302111857045	179.74546317011448	179.74546368606113	179.74546379449447	101.47470254999996	160.4405800351804	212.0101322589396	233.90114018186446	116.40127388535032	158.37282996259535	116.40127388535035	185.174834949591	172.04090260714082	186.23161403111493	123.31856624276497	202.20998469734582	135.95100864553316	225.0	120.22396010119814	165.26285550217344	159.375	229.5	218.0583501006036	239.18470594618054	214.54326923076923
117.93958496984297	136.0573361354369	248.34073059457432	235.3846153846154	173.19886057295872	117.17854150809637	179.74546374846506	179.74546363184447	179.74546368606113	179.74546354332	160.44058009802018	233.9011396959167	233.90113941744588	233.9011396451484	158.37283002908373	75.92566829189676	75.92566829189676	168.80451495514518	193.88628443727276	193.886284429298	156.23892465649007	177.3838671809492	177.38386718671293	117.154799175	158.7544656636548	188.48139930761434	192.61359695057232	215.04557291666666	224.142209238948	249.2625
253.52252922095713	254.94667461665705	46.58380794625981	117.17854127917988	117.17854122918652	117.1785412470974	117.17854124411568	179.74546317011453	179.7454634592898	179.74546354332	178.49999991585	233.90113858930687	233.90113941744588	233.90113944043037	233.9011393131655	222.39938860996753	222.39938860996753	110.09040582317027	192.92477680896727	193.8862843828832	193.88628441267946	132.2691794778671	132.31345263126912	132.3134526127297	95.94825953199071	158.75446579892628	186.048	167.14792060491493	209.615478515625	254.16787043293579
101.1167449208819	12.166062746244933	235.3846153846154	164.07512702697898	201.8661993465279	117.17854125605282	200.62666818829186	200.62666810202714	117.17854122658358	117.17854138233633	178.49999991585	226.13078417236153	130.08527787244424	130.08527788731965	103.82629797192416	103.82629900845149	103.82629893873624	103.82630087236188	103.8262981762058	159.93919597914953	85.15555792425675	85.15555796900705	85.15555792425678	85.15555798369317	85.15555791429415	164.84848484848484	174.31640625	200.12012012012013	199.93279569892474	254.32563406551316
76.17269553210915	89.85526494981661	57.70016904383286	71.99616450855797	182.41126112480936	182.4112612420489	201.86619904478775	201.8661990415468	201.86619904478775	201.86619904478775	201.86619906885218	93.947368515	191.25	137.63276417551626	78.06570171789144	78.0657016244914	141.61418565661984	103.82629774880712	103.82629800524674	103.82629899227055	85.15555788851657	85.15555787314676	85.15555793617017	85.15555799636348	85.15555795999694	153.38107098381073	163.46153846153845	234.4816808141391	238.68	4.646151832917894
87.50106758985427	222.0369719422112	169.84444204000306	169.84444204000306	182.41126117680608	182.41126115505844	182.41126115505844	182.41126114736036	201.8661990415468	201.86619900696724	153.0	80.80183696608975	189.1592832044682	52.02142171763961	52.021421703532695	137.63276423231122	218.38494848318467	91.55141384272073	166.14465616614564	129.40298507462683	103.72881356811263	85.1555576678607	85.15555796900705	85.15555794212688	85.15555795999694	154.0625	136.8292682926829	254.05790054505775	7.376539125523777	180.27906976744185
46.616404015460404	39.25226473762433	169.84444204000306	169.84444205787312	169.84444208570588	169.84444233213932	182.41126114736036	182.4112611115632	76.07872289856789	157.13203535753348	106.37050019078168	93.72383928884992	119.90871960757408	202.97857829646733	202.9785782823604	209.71665198428514	120.96402902086044	83.22643419786982	129.4029850839998	103.52789242413189	103.52789262784088	72.58873888843681	72.58873885263961	85.15555791429412	85.1555576678607	128.87096772822582	105.32608695652172	235.7240773827998	4.646151832917894	145.71428571428572
46.616404015460404	39.25226466749447	169.84444208570585	169.84444206382983	169.84444203099292	169.84444203099298	169.84444212685327	104.2643297900974	123.80324627575328	99.31368067229278	99.93116807630236	116.07473803045258	88.18516877781639	67.79911658831861	67.79911628714956	209.71665198446294	67.79911647504022	67.79911642090318	67.79911639899228	176.9342983755086	72.58873885263961	72.58873885263964	72.58873884494156	72.58873882319392	72.58873887519064	122.4	105.32608695652172	136.8292682926829	12.773044689726078	17.459289039164133
39.252264797433156	39.25226460687247	39.25226478431094	169.84444200363652	169.84444207574325	169.84444207574325	169.84444211148343	101.99258814312586	96.60471721865815	96.6047172207004	92.27022052224171	92.1459615626039	67.79911648447924	108.63990597295052	108.63990595897374	99.82641194754905	99.8264119254172	176.93429828210856	101.65123222919382	114.74704548354825	106.63636363636365	89.12168287244847	72.58873875795106	90.04125316909543	113.33333333333331	111.56249999999997	90.92487297302102	146.854642402926	234.19156133314522	210.58923033805263
203.68556895391401	39.25226467723496	39.25226470771992	126.71829849754218	169.84444201630686	93.74087836933353	101.33796076897164	101.99258814686107	96.60471720772563	91.67907209689807	95.3692454012803	96.60471718004806	96.60471719540101	96.60471722959068	104.26432979729148	93.91427341717406	93.91427345263656	148.79149030575675	101.65123218181856	114.74704549007089	89.12168281742882	75.25453645667997	75.2545365407102	75.25453645667994	75.2545368298855	106.25	48.26781180431158	144.07718732383708	249.12435381787893	81.24235144375004
203.6855687211468	203.68556874069378	39.252264706433294	93.74087823702345	93.7408782835183	93.74087831766212	93.74087847893952	108.15215427347655	83.88675762440857	90.88935871319453	95.3692454012803	85.7420946814324	96.60471718004806	96.60471721730067	119.79007904297788	119.79007902085385	119.7900790215273	148.79149030598987	119.7900790661935	94.55941990197985	75.25453645667997	75.25453631393884	75.25453636815556	75.25453625153497	75.25453625153494	106.25	48.26781189348836	251.99346401700953	0.3856728547499131	201.42729657638873
203.68556872776935	203.68556874050307	203.6855687532368	117.17854150809637	93.74087830497211	93.7408781932908	93.74087807358615	101.33796072677532	80.8779616076429	108.15215427347655	108.15215430341209	108.15215433553155	108.15215431500343	108.15215431500343	108.15215429447537	95.3692454012803	119.79007898205728	119.79007904025212	119.79007902123712	94.55941996481957	75.25453620550553	75.25453631393887	75.25453624256832	75.25453625153494	75.2545368298855	48.26781186617356	48.26781185407657	107.74032243770299	71.22149301588664	246.9973104528191
163.41933966788224	203.6855687211468	203.68556870256197	54.26330111628806	117.17854127917988	117.17854138233633	114.83122939847968	78.41483644826943	80.2855695471136	76.92948799213084	108.15215433553155	108.15215433553155	108.15215430022232	108.15215433553155	108.15215430341209	108.15215425341904	90.88935871319453	108.15215435183222	119.79007897862616	58.59696396621274	75.25453625153492	75.25453625153494	75.65981144137098	63.74999997942476	84.05993466861233	63.30253837082324	153.0	102.0	151.2914041765097	99.96959198428056
228.38343534127276	166.88213328978782	203.68556874050307	54.263301040173474	54.26330107115879	117.17854124411568	117.17854122658358	69.33409911387304	87.44049092444726	205.05925025112802	205.05925030416003	205.05925009431144	108.15215426709699	108.15215429130706	108.15215430913756	108.15215431551712	108.15215429130706	108.15215435183222	108.15215429447534	74.5310311266984	74.53103132038021	81.44066383343193	74.53103138472568	71.11688495753404	71.84731164427541	106.83642278082277	153.0	102.0	7.575830011667051	84.91559138168168
205.89625858704557	101.47470229499999	98.69289738996355	203.68556877978776	54.26330108665144	54.263301097001715	117.17854122918652	117.1785412470974	117.17854125605282	52.34654943000001	205.05925030003183	205.05925022751097	114.15481896568929	110.1456616386721	108.15215433553155	108.15215430913756	108.15215431500343	108.15215429447534	74.53103125581961	74.53103125454479	74.53103125454481	74.53103125454484	56.571431177939985	56.57143116500001	56.571431177939985	61.0467700418414	106.83642278082277	7.536755526823214	50.75994588886621	25.679429365465353
226.4556596088265	101.47470222504387	101.47470221	101.4747021675	98.69289751261434	54.26330108735851	54.263301133129374	41.04536377553677	41.04536376961431	52.08989529617614	52.08989529671996	52.089895282028664	205.05925030524776	114.15481887116695	112.42750522191605	112.42750527045271	110.14566165374526	74.53103125454481	74.53103125581958	74.53103118945441	74.53103121430959	57.886889794061204	56.5714311225	56.57143114102493	61.04677008029577	61.04677005780178	39.3350700344275	191.90104831379756	252.23338511444777	170.7998291800607
253.1086967756474	163.41933966788224	101.4747022250439	101.47470222504387	101.47470254999996	56.63723349644394	107.57693860302297	107.57693863578461	54.26330078653103	180.6402964733232	180.6402964253604	180.64029651182494	52.089895145717094	52.08989523795455	69.5074790541886	78.69125733049529	74.53103112669837	74.53103112436395	74.53103117050395	57.886889582299176	57.88688972611388	56.57143125000002	56.57143098101841	61.04677009120283	35.48651887114477	35.486518833300835	230.94300310475228	104.9359637156202	252.98768377586225	57.69272985634072
0.7590080574690035	226.4556596088265	3.6073591729736734	101.47470226911383	49.90906888663196	54.53369803286128	47.79088972297842	56.01646063850188	93.72383928884992	77.1105942032003	77.11059425542604	180.6402964830034	180.64029640238738	180.64029648843967	52.089895108769866	57.886889452307116	57.886889460769794	57.88688954921784	57.88688953896849	57.88688951730313	56.57143125000002	37.89982917684452	37.899829133800864	35.48651887114477	35.486518833300835	0.0	79.07602310302718	8.778581689514795	128.74537810210575	0.28752519684269373
94.525755493005	4.783632239519079	44.91782213597409	93.2054267540469	129.19444777909052	48.656514297765085	48.656514297765	48.65651428301251	48.65651425350748	77.1105940097979	77.1105942032003	77.11059413448297	77.1105941751299	77.11059415838199	77.11059416109472	32.65654693227975	32.65654684242779	32.65654684138815	37.899829262931746	37.89982916363729	37.899829122529496	37.89982914494368	37.89982910755646	37.89982910755646	0.0	57.70506827012892	156.74957000914068	110.61924454525348	13.09298503494145	173.99196247259374
0.0036208866671927353	1.0149579609919783	30.374465792951497	89.85526494981661	71.99616450855797	41.202892189814094	48.656514281873996	48.65651427708809	48.656514293229094	48.65651429938879	48.6565142870694	48.65651428296297	107.00608470966142	32.65654687265703	32.65654679750182	32.65654683363479	39.60405402038151	39.60405392363222	39.60405390487918	39.60405389550266	39.60405380153691	40.46771018679232	40.46771021236955	40.46771029247199	54.61283193544992	57.70506827012892	57.705068295867875	254.99714383619528	117.59399430767715	6.602773631655566
10.140724299016	10.943764593084012	12.448364723831304	20.057182133969405	24.570910206947076	30.374465792951497	10.858005786592372	30.374465792951497	56.758671672870065	48.656514293229094	48.656514293229094	48.65651430778976	48.656514327839375	32.65654664428277	32.656546810119266	39.60405385863547	39.60405392101876	39.60405388119153	33.73227413051805	40.46771021991822	40.46771019351144	40.467710074049734	13.10051519620339	82.91372115739233	57.705067992886995	57.70506832058675	57.705068302334666	181.85954990010055	248.5653402831893	0.0
1.148731050639924	10.112958874823875	11.02419066078977	12.281450231263563	17.510779192640427	22.198303829214524	43.54940524239396	32.57536585338528	30.374465792951497	45.684891360443885	32.57536585338528	54.61283193544992	48.656514293229094	48.6565143278394	39.3350700344275	44.317304295607045	44.31730432849645	40.46771026352391	40.46771021991822	9.288285291920829	8.645581902300165	2.331598032652181	1.6081190789036555	0.5280870799393824	255.0	57.70506824643013	57.70506810807879	19.78902327538424	86.6764311122306	0.0
