254.94830194769446	254.93257981333332	254.6643456711338	254.21709402901786	250.90788631950784	249.93886706730768	246.2550838073017	235.6140350877193	232.05	226.66666666666666	254.3736060525923	242.85714285714286	181.5125280247342	244.8	85.71455689194485	209.66666666100002	221.0	227.23088024121304	221.0	210.19285714285712	231.8181818181818	248.2684842615664	225.73397526980497	225.73397526980497	194.1601399484703	245.08537702694818	205.36974496463057	253.6165597759877	248.68056452469241	254.44384491280667
254.99394471039403	253.61655660363468	253.93895771403527	250.85365852	250.03350310164836	246.25508334619005	231.8181818181818	243.79696003706562	236.95560208858024	253.58194921962917	235.29554408519445	147.421875	247.40982989770743	226.02272714430526	234.71590895754778	78.10014057932108	251.9808743169399	225.72600936975928	219.27958833619212	207.96361351185473	144.95637228980235	229.31476753764736	243.88463214902526	252.4002791095109	232.8544061791503	240.9305721655208	254.6803413775977	247.12674489795918	253.61655977642178	254.9235154930513
236.84532724072636	246.94074074086666	249.7533724127264	248.115	205.50063994642045	243.79696018406432	229.64433803072345	229.64433610105965	234.84240750869864	212.5	254.38645479533304	130.91336481435542	250.59201957101277	151.77615932590805	248.27280925840336	61.19043479635218	208.50884912372027	204.54321999180664	210.68194023016918	249.28110275149106	219.7859784624686	214.55512572533848	239.06250001615288	229.5	232.67496121026872	240.06021788864822	247.12807667845362	249.961198354677	253.61655660305786	253.19044330050812
0.0	250.46666666666667	232.0556224250264	133.7552221871596	218.3637763152846	216.82952182952184	226.753048890625	234.8424075790847	233.2519354452978	232.05	239.24710424710423	244.4360727046761	212.5	226.9054470709147	244.4360727046761	222.4835876886306	189.73070362959643	56.42688635697658	213.47432148338766	215.00114565149855	214.9214523909966	237.32206574478857	206.3393699712046	237.93061224489796	229.5	215.02361296195977	244.7198671069114	247.12807667903982	253.8573960849646	249.80862330750767
250.16151662714248	253.91305331414432	18.74795895167736	255.0	134.0178067761035	185.76923076923077	221.32893657474386	218.07692307692307	221.07538799025423	212.0177612326221	254.52819422143224	204.23076923076923	212.5	93.38755667849912	111.5625	242.85714285714286	181.28846924833988	168.67483296213808	168.67483296213805	200.25215293703343	210.6819402170636	210.68194021836405	233.65384614327357	213.46153846341804	235.875	226.55102040816325	248.1500999890423	247.12807667628203	245.58405396003457	253.565625
37.06778980314078	238.3009987096594	185.83652005557343	206.85284766504935	245.2212359637985	148.2614404908253	133.33408022999998	221.07538800798756	212.22985661524493	191.3485003650294	196.21124830325724	170.0	199.36363636363637	178.5	170.0	204.0	236.2170870485912	181.2884691954601	181.2884691954601	98.58509850536265	158.23427845113625	255.0	213.69629629629628	212.49999999425677	229.5	229.5	255.0	254.0714610832954	248.3098198445359	249.47452727594867
227.04990510908172	141.67164464859937	206.37404946262743	246.164632961593	133.33408004696048	133.33408012079056	214.18238232766748	212.22985661078553	188.9907551557455	196.813453575	183.35567747190316	223.21448941456754	228.0652399033483	228.0652399033483	40.836195449123295	239.43733469561334	213.1949618672552	215.51454040006263	215.51454042649596	188.4507669779184	212.03069738645462	181.28846924833988	166.06434414364534	166.06434413647094	204.08557043555612	201.66724860053537	185.29999998300002	248.96449704142012	236.73112118987825	249.47452727722487
129.79823230977755	20.270504734585586	0.0005029948326580325	133.334079975	133.33408006000002	133.33408006541805	133.33408006795173	202.15804402504915	187.80673145106502	188.99075502025738	141.5728043534688	179.1856895654379	34.83014861995758	228.06523990334827	102.46634199467582	161.8871652437	147.4825595389999	235.41837341697635	148.1083659395732	212.0306972685147	149.29239517773004	215.76923076923077	171.75677950056286	255.0	201.69491522464233	201.69491525135592	186.65750916230152	192.10888161614093	236.73112118886428	252.45
60.841324388403734	150.21036243252092	106.50094953834034	176.53846153846155	176.53846153846155	176.96966391677927	202.15804402504915	202.15804394069932	202.15804387432422	133.33408022999998	190.3496102852859	179.185689542648	217.86517408082213	34.830148619957555	154.04729801867893	34.83014861995747	149.80775779634445	171.7446436917831	174.3619196689565	185.16537386779095	189.02505111628636	166.8155619596542	141.97674418604652	171.75677947970587	154.714162597078	193.020833336875	229.5	186.41851104929577	156.14000108506946	236.32678953173078
252.988885554579	239.57138557479158	224.85646765419725	137.30769230769232	201.06646929969284	145.77907817165195	202.15804402504915	202.15804397388683	202.1580439406993	202.15804387432422	190.34961027467097	217.86517453772242	217.86517420218382	217.8651741781324	154.0472979818837	51.82175949410876	51.82175949410876	170.02178348202997	155.60563296288007	155.60563298327344	121.68270930591382	130.8141874895187	130.8141875333793	152.103386595	125.30348532022333	140.94916129525848	118.66978842221641	119.42057291666666	155.31769475177066	235.9486666644
239.41785054306135	217.37999367734523	31.382279135819488	145.77907817165195	145.77907808376273	145.77907803167864	145.77907805172396	202.15804402504915	202.1580437358739	202.15804387432422	140.250000014025	217.86517350698037	217.86517378549783	217.86517396484672	217.86517423083896	234.3361552220661	234.3361552220661	32.006728670632185	152.37230175352005	155.605632920417	155.60563295469564	102.87489223135341	100.8146171715101	100.81461707114366	15.519585561384787	125.30348523734034	107.71199999999999	123.76417769376181	156.14000108506946	251.93742584874963
191.42026026664996	224.41300127662348	137.30769230769232	168.38375306721542	111.03336653105953	145.77907805534517	156.74180150098275	156.74180159249175	145.7790779917599	145.7790781263448	140.250000014025	206.85040144034213	130.08527787244424	130.08527788731965	29.313469032812776	29.313469389650464	29.313469032812918	29.313469032812776	29.31346930037796	157.19983036556448	135.45755031778043	135.45755034138008	135.45755037129274	135.45755035234208	135.45755038501574	84.38181818181818	119.42057291666666	114.51567567567565	114.40848214285711	249.961198354677
60.841324388403734	138.4777707241397	147.6310923283741	110.95474892207613	152.24638640487052	152.24638633419806	111.0333662293194	111.03336626875262	111.03336632989942	111.03336638018945	111.03336647378092	63.75	212.5	108.6720497280628	152.98666951419585	152.9866694707564	141.46247287313997	29.3134681300061	29.313468832229347	29.31346911616754	135.45755031444062	135.45755031956224	135.4575503188937	135.4575503195623	135.45755032112027	107.65255292652552	83.671875	18.81261937451987	248.115	170.62254723189702
55.2840897207534	108.33134455917761	119.54244978590447	119.54244978590447	152.2463863709499	152.24638632239675	152.24638632239675	152.24638631796242	111.03336626875262	111.0333663370954	153.0	140.9605332114484	107.77568139329088	34.254497584522824	34.254497664390584	108.67204973216917	197.20380880915243	25.210001398453755	195.3367793596111	87.53731343283579	95.0847457275496	135.4575498921488	135.4575503413801	135.45755029269418	135.45755021409553	69.06249999999997	221.82926829268294	144.11475548348352	174.1680696436964	180.27906976744185
6.3507592535486594	115.96296906511068	119.54244967887973	119.54244970730582	119.54244961498424	119.54245010785118	152.2463862783523	152.24638622529042	48.43567764252737	183.35567747190316	107.72080376138732	115.33074784287777	116.7652092011605	220.74550233560942	220.74550241547715	109.29591573635912	120.1923299835085	22.628285904531083	87.53731340727333	75.86776874950698	75.86776864772722	102.75361377470958	102.75361368203758	135.45755038501574	135.45755038501574	68.5483871104839	72.06521739130434	27.702393625282326	170.62254723189702	145.71428571428572
6.3507592535486594	115.96296901402161	119.54244961498426	119.54244968110629	119.54244965861989	119.54244965861994	119.54244968043773	73.01512545995087	123.80324627575328	98.94467702841214	100.24583377329733	115.04282948383323	62.48025312703518	17.10378151017605	17.103781435054145	109.29591583430357	17.103781543476913	17.103781543476913	17.10378124044098	102.01333052924363	102.75361372164767	102.75361369524094	102.75361367760325	102.75361362905008	102.75361359512948	61.19999999999999	72.06521739130434	221.8292682926829	126.79730458680291	94.95468986853618
115.96296904753169	115.96296906071595	115.96296904852375	119.5424496804377	119.54244962870726	119.54244968221954	119.5424496855594	78.78063358519086	61.209904569016715	61.20990457089246	92.27022052224171	89.43679454112913	17.1037813081783	90.2836566414891	90.28365661578314	80.36478826601572	80.36478823053116	102.01333048580418	65.45049862994895	67.17635809904402	69.54545454545453	63.96050988399924	102.75361366580194	63.85562323339104	51.00000000000003	69.06249999999997	86.6162469327846	188.57936681237277	254.65720510533214	78.53017997681903
79.55480077005168	115.9629691060764	115.96296907390018	158.03419278997768	119.54244964765792	93.74087836933353	67.00083281196879	78.78063354962808	61.209904538041	72.4900764590763	87.89708904445689	61.20990458476052	61.20990455396236	61.20990456479197	73.01512549937013	65.68668557055983	65.68668561066892	148.79149030575675	65.45049877853793	67.17635804757589	63.960509754493444	52.84195612567581	52.84195626412611	52.84195612567578	52.841955974950906	47.8125	186.0892707540482	166.02726509882842	196.4800268801664	81.24235144375004
79.55480067913831	79.55480064883383	115.96296906770797	93.74087823702345	93.7408782835183	93.74087831766212	93.74087847893952	73.10414201428094	85.71259627985049	102.89366742805515	87.89708904445689	85.2687776917058	61.209904503708515	61.20990456422837	102.83226661689687	102.83226659704837	102.83226659641687	148.79149030598987	102.8322667305915	64.65038972532903	52.84195612567581	52.841956059300685	52.841956026113166	52.841955974950906	52.84195597495088	47.81250000000003	186.08927066430186	248.4618113693071	32.46506514504	74.55015093557105
79.55480050350016	79.55480067359403	79.55480071713092	145.77907817165195	93.74087830497211	93.7408781932908	93.74087807358615	67.00083283851723	81.30035748627657	73.10414201428097	73.10414199928681	73.10414197310817	73.10414200763338	73.10414200763338	73.10414204215866	85.2687776917058	102.83226654388915	102.83226660461301	102.83226660461301	64.6503897147141	52.84195612567581	52.841956059300685	52.841956026113195	52.84195597495085	52.84195597495088	186.08927062205782	186.08927064011823	0.7900939702390701	0.3310105282849918	127.09284650674648
7.518509511807622	79.55480067913831	79.55480064592066	33.970578274329256	145.77907817165195	145.7790781263448	102.8332323573091	90.51523105657003	77.9658356143166	77.95469025612053	73.10414197310814	73.10414197310814	73.10414199031885	73.10414197310817	73.10414202030714	73.10414211120909	102.89366742805515	73.10414208028357	102.83226655545684	53.06340143930785	52.84195597495088	52.84195597495088	36.95147033555196	37.25229623106847	35.227635374542956	41.680711087646415	178.5	102.0	253.27321040200994	87.19141547473865
31.382279135819488	25.912848012639188	79.55480067359403	33.97057811094041	33.97057814505803	145.77907805172396	145.7790779917599	69.4410465377158	76.5260309337423	177.306189118327	177.30618908029263	177.30618886248672	73.10414203838553	73.10414198429271	73.10414203838553	73.10414201428094	73.10414202633328	73.10414208028357	73.10414204215866	45.48201579345684	45.48201567031262	51.000000045615735	45.482015645681	32.69615390129911	30.109598671752934	201.3654627615519	178.5	102.0	103.33295306725196	84.91559138168168
43.773118886396276	133.33408022999998	102.84370603073808	79.55480058822485	33.97057816211688	33.97057817162272	145.77907808376273	145.77907803167864	145.77907805534517	34.163521979999985	177.30618898894517	177.3061889609957	195.15284848548438	80.21465613889853	73.10414197310811	73.10414203838553	73.10414200763341	73.10414199375765	45.48201561144322	45.48201560228736	45.48201560228733	45.48201558059057	21.977467672679012	21.977467654999998	21.977467617306445	20.805559276797595	201.3654627615519	27.32316672069524	21.81133518889132	56.18106285134323
87.91144043345099	133.33408012079056	133.33408006000002	133.334079975	102.84370611267491	33.970578120269465	33.97057809520953	93.13393337436517	93.13393337811848	12.791506423227446	12.791506388540768	12.79150645685283	177.30618910525243	195.15284831902417	72.42220229050963	72.42220226492705	80.21465616459759	45.48201551550008	45.482015611443245	45.4820155805906	45.48201554716849	34.71603752596562	21.977467612499993	21.97746763576393	20.805559272672554	20.805559253302647	21.479235177439392	250.77730542926767	240.8756879477294	252.69509363604806
116.58500990672158	7.518509511807622	133.33408006541805	133.33408004696048	133.33408022999998	55.97493427300128	73.71153075166015	73.7115308045399	33.970577966209646	150.0503081667591	150.05030825689528	150.05030825689528	12.791506354491474	12.791506661789015	69.7928777088685	75.55768174493011	45.48201519395187	45.482015645680946	45.48201552043636	34.7160374584586	34.71603748521616	21.97746774000001	21.97746757147854	20.805559271676657	22.121196310911955	22.121196195406753	126.91899350810232	8.13847773946631	172.32687996313214	136.8457455074634
64.4150919209244	43.773118886396276	97.09141162478628	133.33408006795173	49.82177940216005	54.53369803286128	51.21265999203692	55.26185023063121	115.33074784287777	174.77912516851396	174.77912496329174	150.0503081992522	150.05030820797185	150.05030826097772	12.791506235821174	34.71603732846657	34.71603750559089	34.71603749879935	34.71603750178926	34.716037523454645	21.97746774000001	20.805559272672554	20.805559276797595	22.121196310911955	22.121196195406753	0.0	79.07602310302718	154.1133612383041	152.06100932196176	188.29700510699757
0.02019808725344774	0.15369236784056284	86.71988731861973	3.5797630552328314	0.0	34.94254027237412	34.94254027237409	34.94254027067652	34.94254026728129	174.7791250058728	174.77912489003216	174.7791250842349	174.7791250120622	174.77912506181102	174.77912507307713	29.1813336686657	29.181333626159102	29.18133362762569	20.805559416096145	20.80555928086372	20.805559270610075	20.805559271676657	20.805559253302647	20.805559187431584	155.65596279056598	57.70506827012892	10.458590801965471	110.21292534936174	118.31839266220109	252.19194699407467
38.750764558663406	85.48438949142917	32.57536585338528	138.4777707241397	110.95474892207613	55.84380916237194	34.94254028765263	34.94254026479206	34.94254024865111	34.94254025307467	34.94254030879142	34.9425402843211	148.8355049372947	29.181333596356808	29.18133360490583	29.181333598742327	17.614264416158647	17.614264411250076	17.614264411250076	17.614264411250076	17.61426430451357	15.7213238614452	15.721323889972751	15.72132395827387	31.451129933216095	57.70506827012892	57.705068295867875	252.61597444165113	42.50334631122146	234.4736838672404
10.125661860022234	10.272830426901947	12.286827008872052	255.0	25.336227018890213	32.57536585338528	30.11109077184878	32.57536585338528	20.060841885110875	34.94254029169369	34.94254024865111	34.94254027067652	34.94254026728129	29.181333380668747	29.181333533819043	17.61426440736389	17.614264429580857	17.61426438789178	21.571902981103165	15.721323901955799	15.72132387554899	15.721323827619642	76.46143961245701	57.682052275129564	57.705067992886995	57.70506832058675	57.705068302334666	44.65090655382403	22.42816845911031	0.0
1.0891886589096487	9.516659766985441	10.169607826781146	12.286827008872052	48.635636238366715	18.894066118886855	85.46758721613247	20.548416842969345	32.57536585338528	20.548416842969345	255.0	31.451129933216095	34.942540248651085	34.94254026728129	21.479235177439392	41.78903040406371	41.78903065359279	15.721323947027855	15.721323862345685	27.33425540722226	25.566388659615598	5.495069620087378	7.773256533901531	2.3165796962021545	1.0810466101290217	57.70506824643013	57.70506810807879	139.99573280118125	209.8857944410354	255.0
