254.76806751445014	254.9537462111111	254.2334913969756	254.12929547991072	249.5427108027709	249.54527798978364	248.31030275749694	244.0953947368421	244.8	141.66666666666669	251.91938116680683	242.85714285714286	219.0730572657202	244.8	147.99657321134882	153.0	212.5	218.3687409215563	212.5	218.93571428571428	220.22727272727272	245.37813027118824	248.0787196903108	248.0787196903108	224.5772649259142	253.8597166654025	237.7605000405557	253.59109826038963	253.04341272892015	254.40642233786397
254.98010043464217	254.27864068500642	252.93515256973885	251.56565654333335	249.79187476923076	248.31030255199738	220.22727272727272	233.2431343690472	236.06657779683852	249.99021914852162	252.32377319511585	199.92	250.73650720517173	208.63636351782026	239.06249986416904	136.82049475884943	251.9808743169399	222.76470076655528	211.84391080617496	192.95258637912536	191.90073823368675	226.87819422967152	237.60919912518384	249.0660072061759	232.62076246498367	240.93001067564342	253.93770953435717	249.89947959183672	253.59109826046017	254.68095370332082
254.33623904507476	214.2	243.99187404621193	252.96	224.93448351310875	233.24313440532734	234.04422387402678	234.0442229509403	218.66022519934168	227.109375	254.25703717087515	190.05100358273197	241.8185070684863	193.37019958277142	237.84702548473948	112.52324656372326	216.93301436554304	204.22982384268744	210.40809022129716	242.17290135909613	219.82394975960875	222.44680851063828	245.52364866523808	237.9999999915	231.67562047001206	238.88628040628782	247.0317681237266	247.6553314792919	253.08937262499938	253.99521789695913
0.0	247.91666666666666	231.79632520868742	186.8785008148783	219.0141466916071	124.73566973566975	225.37878775000001	218.66022504556327	217.38348152843534	244.8	246.13899613899613	211.80527505912002	212.5	204.1677286742035	211.80527505912002	225.40679848870576	168.7186834373607	104.58184121082891	200.106038925663	214.99474547800622	214.37256059930036	225.16751470990172	215.07985262728587	227.52244897959184	237.9999999915	232.84327030278274	244.59407532196602	247.03176812431954	252.03915368596418	250.32408602150537
180.49029923352117	254.1324880092056	6.276875790024974	196.82128222784024	106.21807090083917	93.46153846153848	219.70109479773978	230.76923076923077	197.92355386965414	217.26528945924468	252.66206701093614	190.3846153846154	212.5	148.24655155519116	163.2	242.85714285714286	200.67713795230458	213.06792873051225	213.06792873051225	200.12047698652583	210.4080902080974	210.4080902094147	245.19230766967456	176.53846153047337	246.499999983	220.65306122448982	244.85700197238657	247.03176812152802	248.63915117664783	254.7166666644
0.06888140074840976	187.3249522199639	231.1785892206785	205.13661677056035	217.8891966769266	95.18307602772398	178.23735127499998	197.92355376619412	185.34241441684603	198.777692074454	73.86044968857394	191.25	170.61818181818182	204.0	85.0	204.0	217.20246450002838	200.6771378704278	200.6771378704278	143.8157706008402	184.67471765447812	228.15148063225556	221.75555555555556	189.52702702702703	234.6	234.6	237.8265306122449	215.18889394629042	250.66590946502058	247.7665637780792
215.57533927183593	0.679826823808412	156.63678352708	243.7033180955068	178.23735113097945	178.23735116789447	187.2439072511931	185.34241401845327	196.6525424585895	194.6767308	183.35567747190316	195.26872329847356	203.24301001035553	203.24301001035553	78.59029356380304	204.78090073873736	173.46144087494304	181.2299850260837	181.2299850156571	187.16096480330543	198.03680283888315	200.67713795230458	188.35968817951863	188.3596881736325	214.35402680967215	227.04259776219214	170.85	181.06508875739644	232.84196705657675	247.7665637788848
0.17778382018059347	29.953087653094002	1.4828106614138221	178.23735102	178.23735110500002	178.23735111252194	178.23735113455692	171.57646960195757	195.58433227888318	196.6525423062195	164.95577479194338	148.61639044167748	68.5774946921444	203.24301001035553	142.9838058848719	150.8966859316828	93.72383930849986	217.81802908504767	159.10217489038843	198.03680276625764	160.1757358813989	117.69230769230771	163.1068764088222	211.88151867840145	194.49152541186152	194.4915254237288	189.0549450563301	201.76610073921793	232.84196705689587	253.368
87.77853832464905	254.0083575760301	125.47352828284829	196.15384615384616	196.15384615384616	185.7980819352929	171.57646902360702	171.57646915003806	171.57646917742875	178.23735101999995	179.53031898752346	148.61639038826485	186.71940054742197	68.57749469214437	148.34872867653098	68.5774946921444	149.43745331501486	171.64053028992737	182.8751083066917	208.4435826545536	171.29351570503792	196.5778097982709	118.25581395348837	163.10687642989552	165.26285550217344	195.5	237.9999999915	200.1006036217304	204.38368055555557	237.6076923076923
143.39732333320867	28.58892119979552	113.40726221119743	58.84615384615387	162.92581819575167	145.77907817165195	171.57646921639054	171.57646913634272	171.57646915003804	171.57646892625428	179.53031900832036	186.71940036432764	186.7193999371993	186.71939998724218	148.3487286114381	93.99867628596223	93.99867628596223	170.23580423814795	155.26376761847013	155.26376764393922	108.51365252753428	153.2651349991615	153.26513501113755	154.973284605	168.88531971069523	166.82227492684046	184.21089143990633	168.22916666666666	217.7025126934309	227.2305
243.0951251510453	131.69096743451186	28.619742957029302	145.77907817165195	145.77907808376273	145.77907803167864	145.77907805172396	171.57646902360702	171.57646902360702	171.57646892625428	112.20000001122	186.71940008415498	186.7193999371993	186.71940001158248	186.71939972222606	212.17286659532147	212.17286659532147	63.75420655313249	162.9275647308443	155.26376756985815	155.26376759605475	141.64845174753177	142.46645307324914	142.4664530947776	132.63162630660923	168.88531971912914	156.978	201.85491493383742	204.38368055555557	249.68896640825665
151.79205740044438	45.77102299210455	58.84615384615384	131.68698288669702	134.92552669983712	145.77907805534517	165.6626845416825	165.6626843050053	145.7790779917599	145.7790781263448	112.20000001122	173.03232688316618	108.08888718536778	108.088887201832	59.079396256863134	59.07939732888474	59.079397223675755	59.07939770708168	59.07939652238079	160.06659198340515	126.1451847331567	126.14518472997852	126.14518478666909	126.14518476902117	126.14518477061432	145.37575757575758	168.22916666666666	181.8703903903904	181.70014880952382	247.6553314792919
87.77853832464905	138.4777707241397	169.76514915475138	155.65596279056598	149.4940429705747	149.49404300903302	134.92552639809696	134.92552647917762	134.92552649867702	134.925526548967	134.9255265408837	102.0	212.5	154.472742370993	176.93429828210856	176.93429823951303	142.42085788550634	59.07939732888474	59.0793968449822	59.0793971499688	126.14518484075009	126.14518470966061	126.14518473296721	126.14518470966061	126.14518473258809	131.53300124533	144.15264423076923	6.34494945538151	252.96	5.915597588826927
235.32296093038187	42.40528844360006	128.85481526741188	128.85481526741188	149.494042864358	149.49404287693673	149.49404287693673	149.49404284491155	134.92552647917762	134.92552649974633	122.40000000000003	140.9605332114484	46.793371970183046	66.2623985674085	66.26239843028941	154.47274236802622	162.55281979708755	51.239380821862966	158.25766962624795	106.56716417910448	103.72881356811263	126.14518452418088	126.14518472997852	126.14518470611625	126.14518473258812	106.25	166.54471544715446	142.35005970942518	74.82403242635175	180.27906976744185
190.17039623937848	139.03703093488934	128.8548152674119	128.85481529388375	128.85481522938568	128.85481547581912	149.49404284491155	149.49404290209424	83.89032042501145	183.35567747190316	106.36235335561565	140.9605331234972	116.67208026944087	188.73760156971056	188.7376014325915	72.10166915764844	114.33323490075102	46.1943043730455	106.56716419018156	113.01136357215265	113.01136363636363	105.50595709790576	105.50595715508842	126.14518477061429	126.14518452418085	120.6451612766129	138.58695652173913	26.361520778835	5.915597588826927	145.71428571428572
190.17039623937848	139.03703092269996	128.85481522938568	128.8548152670328	128.85481527002148	128.8548152700215	128.8548152903394	72.73863854229916	95.06925363172851	99.53811905360507	99.89088184701154	116.07473803045258	94.76585502039936	35.92370049407566	35.92370034573062	72.10166925944571	35.92370041742558	35.923700363288475	35.923700300774385	78.06570176048697	105.50595715508842	105.50595715508845	105.50595712306327	105.505957135642	105.5059570294253	96.9	138.58695652173913	166.5447154471545	221.29466968959895	196.8627234745344
139.03703095246834	139.03703093928408	139.03703095147625	128.8548152903394	128.85481521333094	128.85481526684327	128.85481515924994	68.97288100122753	68.85067077308307	68.8506707737283	92.49750958854958	90.75667501944116	35.923700093403085	82.52792365975048	82.5279237031776	89.83859427344268	89.83859431268715	78.06570171789147	81.40809638224587	68.9757342367624	88.0909090909091	98.01691108734556	105.50595699096698	99.34442373730673	96.33333333333334	106.25	123.313017113303	181.29645417394954	243.85818639055077	37.57629650278059
28.24036914114933	139.03703089392366	139.03703092609982	116.51936211792113	128.85481523097883	68.74857795978747	60.567222732337285	68.97288103058798	68.85067074263472	90.99103382795874	80.88657374489713	68.85067072807459	68.85067077954278	68.85067080353141	72.73863859566927	73.49646023349118	73.4964602734108	104.23900690930222	81.40809634937418	68.97573425691846	98.01691140861354	83.42353107374569	83.42353097639301	83.42353107374569	83.42353097639301	90.3125	61.54312464535451	11.036877651581534	209.6036122780028	81.24235144375004
28.24036940028509	28.240369389527643	139.03703093229205	68.74857795498306	68.74857795978747	68.74857799106414	68.74857806322626	72.848575581782	85.89502963754813	87.89708904445689	80.88657374489713	93.41781133187663	68.85067080912663	68.85067076238667	84.72683787799497	84.72683787364517	84.72683785855119	104.23900689741703	84.72683790723099	75.46968099167967	83.42353082257128	83.42353084996194	83.42353086365728	83.42353078360946	83.42353097639301	90.31250000000003	61.54312466606723	254.13760436660067	134.09613219064101	50.806252099826764
28.24036923126951	28.24036935081861	28.24036947036771	145.77907817165195	68.74857795978747	68.74857792508351	68.74857768692232	60.567222702048554	81.25765978295732	72.848575581782	72.84857556676684	72.8485755533884	72.84857558796213	72.84857558796213	72.84857557413494	93.41781133187663	84.72683786939245	84.72683789478654	84.72683787577151	75.46968101247651	83.42353082257128	83.4235308499619	83.42353086365728	83.42353078360946	83.42353097639301	61.54312470324399	61.543124691208334	140.6753704447699	4.419874554240181	108.09815617191768
87.91144043345099	28.24036940028509	28.24036939066832	60.32020578963511	145.77907817165195	145.7790781263448	82.194350033393	78.34459163502581	77.83586939141804	77.88536019268204	72.8485755533884	72.8485755533884	72.84857555775676	72.8485755533884	72.84857556676681	72.84857569168338	87.89708904445689	72.84857564784784	84.72683781966367	58.59696396621274	83.42353039804243	83.42353068721772	69.90412254408864	60.24053298625773	69.96046091508899	71.77093933983218	204.0	102.0	254.99836571945355	142.31420001101827
28.619742957029302	60.66363235609373	28.24036935081861	60.32020570667285	60.32020565800073	145.77907805172396	145.7790779917599	69.18525598935813	76.21003359513736	136.05535387778139	136.0553534553925	136.05535340882102	72.8485755777753	72.84857555175165	72.84857560580235	72.84857558178206	72.84857559379219	72.84857564784784	72.84857562253592	57.88957500622445	57.88957519012524	65.88159942783273	57.889575237235675	54.2127991695707	59.79627581153014	135.87575842536313	204.0	102.0	160.89935941266694	160.36885391609667
208.37615823282135	178.23735127499998	71.48057494456717	28.240369368012608	60.32020569270654	60.320205677563365	145.77907808376273	145.77907803167864	145.77907805534517	57.477849405	136.05535348120975	136.05535345976287	128.4860324961759	71.50910693047342	72.84857555338834	72.84857560580235	72.84857558796216	72.84857557413491	57.889575128825015	57.889575150448394	57.88957515044842	57.889575172145214	46.016296440949844	46.01629640500002	46.016296440949844	35.504254961359834	135.87575842536313	251.62950729266305	252.69078580820397	151.65598791881536
239.08100158428996	178.23735116789447	178.23735110500002	178.23735102	71.48057498087377	60.320205621527464	60.320205678740166	83.98912936713205	83.98912940039202	27.111709880177585	27.11170991798525	27.11170998225856	136.0553535951066	128.48603255735418	81.05824643874197	81.05824648026928	71.50910696108465	57.88957510705475	57.889575128825015	57.88957510705484	57.88957507427364	45.7858750768589	46.016296447500025	46.016296440949816	35.504254954320515	35.504254918553016	21.479235177439392	234.48243069045108	53.29016296876074	4.451794498786796
151.85110035187552	87.91144043345099	178.23735111252194	178.23735113097945	178.23735101999995	37.52868395797816	54.32286204769542	54.3228621295722	60.32020572531772	110.47663556879726	110.47663584327154	110.47663575680704	27.111709991831617	27.111710175078287	69.70854034747015	76.53603649123906	57.889575006224476	57.88957523723565	57.889575040248985	45.78587516394148	45.78587532243341	46.01629632000001	46.016296239444245	35.50425495635278	52.22487923624803	52.224879243404416	234.51182043540845	243.20099761332295	73.93129184743276	75.37577683548113
240.09815741133016	208.37615823282135	222.02302500596767	178.23735113455692	49.95576666088371	50.86577077588484	53.936296744405695	56.94502544080518	140.9605331234972	103.14863018705915	103.14863008638511	110.47663567034255	110.47663562555024	110.47663575948584	27.111709739622825	45.78587490395739	45.78587504998728	45.78587514080263	45.78587512061077	45.78587509894547	46.01629632000001	35.504254954320515	35.504254961359834	52.22487923624803	52.224879243404416	0.0	79.07602310302718	254.99049049316568	75.78021028451104	207.95538940218336
120.76904078167092	14.68613948421509	33.54564204392355	41.40005631002998	96.27562641868838	58.21495630626015	58.21495630626012	58.21495629104322	58.21495633494135	103.14862985310648	103.14862990857736	103.14862996544196	103.1486299638556	103.14862997699149	103.14862999149474	32.65654693227975	32.65654684242779	32.65654684138815	35.50425494024199	35.50425497525271	35.50425495080094	35.50425495635278	35.504254918553016	35.504254918553016	3.603123976254068	57.70506827012892	25.230961751705706	57.48914993072401	94.22034627693085	129.14981983965293
39.41398800478069	52.96232241981238	32.57536585338528	138.4777707241397	155.65596279056598	41.202892189814094	58.21495622021655	58.21495628831042	58.21495630445142	58.214956279539194	58.21495632936356	58.21495636749296	96.88849597535727	32.65654687265703	32.65654679750182	32.65654683363479	36.04966547970352	36.04966531398762	36.049665313987646	36.04966531398762	36.0496652572476	32.91721831244806	32.91721827812171	32.91721823301589	14.214236831995947	57.70506827012892	57.705068295867875	10.962128937120923	0.17007617698445188	15.5639372242822
10.097345073404398	9.84911589609979	12.330613646307626	18.628613879564256	23.35682525961073	34.24016530082338	30.10908001893978	34.24016530082338	46.96371222022785	58.214956272169445	58.21495630445142	58.2149563158205	58.21495633494135	32.65654664428277	32.656546810119266	36.049665249775046	36.049665312861606	36.04966529432363	38.70934600202045	32.917218302448845	32.91721830244879	32.91721815423466	52.10880364579657	191.9817856261043	57.705067992886995	57.70506832058675	57.705068302334666	225.36577355914758	59.40640901258601	0.0
1.0901923439048744	10.298056301088081	10.126205368765682	12.330613646307626	12.890096659914946	19.77675746636217	35.55882505688615	27.01249382867556	32.57536585338528	27.01249382867556	42.768578068619036	14.214236831995947	58.21495630445139	58.21495633494135	21.479235177439392	65.31609003323399	65.3160899173007	32.917218209468984	32.917218302448845	22.623326207036285	21.13328639277023	5.92164348811076	0.459471882649666	8.254419758477638	20.283443501017388	57.70506824643013	57.70506810807879	141.24649632883148	254.2170172318753	255.0
