254.74804288448667	254.77613168444444	254.04924869129164	254.66650444628456	247.9879275732382	252.25546059194713	251.0070001127777	244.0953947368421	191.25	253.86666666666667	243.62045741939838	218.57142857142858	181.5125280247342	244.8	248.8143479705111	240.833333339	229.5	215.62699498141512	229.5	203.77232142857142	235.68181818954545	155.76542109950003	241.32929961404506	241.32929961404506	247.9748545873858	251.8346798756203	253.20548009488522	252.93255958315117	254.11377110687076	252.3464497158178
254.9558847416089	252.93255641926135	251.83577654662744	247.44444446333333	247.52747252747253	251.00699914221573	235.68181818954545	245.38531437867442	242.97599153417468	239.92792048124699	211.4944926174926	147.421875	247.40982989770743	239.06249986416904	221.676136237684	243.65598590543544	230.03415300546447	232.69406654978548	214.14022298456263	191.36706655558424	237.28801412454922	227.36546629648493	232.20128537814176	228.92035045159903	236.1358500525081	240.9172953106444	244.53436080543244	244.7087252869898	252.93255958352464	254.8857001281354
254.94187229227404	254.21296296346668	252.62569833911175	223.125	229.62439512960856	245.3853143077663	240.5674746548033	240.56747292724592	237.46828567875545	227.109375	248.42598931084308	130.91336481435542	223.15145919077037	151.77615932590805	217.70349742639627	234.48362335561842	216.1485446950938	203.05458828349038	204.2464650216773	206.7583525445158	219.93499780588405	218.00773694390716	206.7567567707268	234.6	231.90557488663433	239.22779723200694	244.71004403655732	248.41366529833968	252.9325564186399	254.07264634305267
0.0	252.45	224.93448351310875	147.9709667869177	231.8922860069734	246.13899613899613	236.11111114062498	237.46828555278074	235.93197419582108	163.2	200.3950103950104	150.2659969274852	170.0	226.9054470709147	150.2659969274852	211.10618871243898	216.8199092092828	227.10301628158035	230.70903528557494	214.88386421687932	215.28720631221344	236.09789259286634	216.143954496182	235.48469387755102	234.6	240.15234526884973	244.11554559295178	244.71004403731257	253.50648167430236	243.11827956989248
208.65888685864488	252.78719357330453	91.28803945274075	215.8970257057761	197.1338192415941	230.76923076923077	232.44453637529375	166.15384615384613	225.12121228439807	225.8780863946797	217.05872617773892	207.69230769230768	170.0	93.38755667849912	111.5625	201.875	192.49284997443672	196.03006681514478	196.03006681514478	200.3880849897607	204.24646500635802	204.2464650080544	197.30769229876435	240.38461535835364	193.8	235.48469387755102	246.04637130947978	244.7100440337077	248.9703124211615	240.312
164.7483935504692	253.7260273781711	15.392010348383081	163.1258795650789	138.12883187783177	66.65503619204475	76.76264897999997	225.12121216672108	217.10367452984465	211.21384122186316	31.21342815483203	191.25	199.36363636363637	127.5	238.0	204.0	189.3838951532096	192.49284999538864	192.49284999538864	207.78665192414164	198.61873239444452	242.92728708474317	198.33333333333331	241.21621621621622	220.999999983	220.999999983	245.2423469387755	247.57168866636323	242.40740740740742	242.98616196896126
252.24931947239426	200.15224177318868	244.1000856399987	152.27139137912008	76.76264890593558	76.76264894285057	218.9703914258395	217.1036742000137	209.50876171688074	212.50000010625	134.02854290821654	159.83538539115278	170.2347255781843	170.23472557818434	202.94691394146727	133.93943191451586	136.51121824300455	179.19119210476674	179.1911921360346	188.22620097351808	212.03069738645462	192.49284997443672	145.04663782883682	145.0466378230651	198.9513422484981	160.26536312625328	216.75	230.85798816568047	223.28722845547864	242.98616196990622
243.67101379049234	242.96130150331567	0.0663801451897541	76.7626488525	76.76264889500001	76.76264888747806	76.76264886544314	207.90646366182133	208.65050333363163	209.50876181711567	164.95577479194338	206.83640713925124	193.6411889596603	170.2347255781843	102.46634199467582	174.36191968717029	194.89592360746497	161.31052413113545	140.70626422774365	212.0306972685147	161.578277985777	176.53846153846155	145.577018227074	235.6113312960353	178.9322033726889	178.9322033898305	205.49450549601096	149.23495101371196	223.2872284548854	250.4666666712
74.95494257996509	83.27001258679462	102.06240694632615	117.69230769230771	117.69230769230768	200.77656799282445	207.9064630834708	207.90646359239474	207.9064636078571	76.76264897999997	169.5281552983875	206.83640705316895	149.06289669762583	193.6411889596603	169.24222528327365	193.64118895966027	148.05870838937633	171.63301437172146	161.88716519506778	130.07602309131408	184.45637474795546	108.39337175792508	177.90697674418604	145.57701820364645	113.17868428326477	170.0	224.4	210.36217303822937	147.421875	222.30769230769232
247.10732310744578	106.1615248029915	108.40557142215482	196.15384615384616	207.9914811489819	94.99424144864417	207.90646346903782	207.90646358466358	207.90646359239474	207.90646335668265	169.52815532593803	149.06289628135318	149.0628962104694	149.06289602897726	169.24222534372947	171.02341880408088	171.02341880408088	170.15604087532702	147.82883577934354	147.82883578089206	156.23892465649007	111.31393593828611	111.31393594991039	127.5	115.18087109933407	102.11120249411857	84.70516823491155	111.56249999999997	115.83433098502906	249.2625
195.91300685847955	5.561884173424829	146.07367357634683	94.99424144864417	94.99424143016324	94.99424141781807	94.99424142021834	207.90646308347078	207.90646337264604	207.90646335668265	124.66666655446664	149.0628961793371	149.0628962104694	149.0628960480839	149.06289654126613	149.63911687578053	149.63911687578053	188.69166664803728	134.7918471964316	147.82883572255304	147.82883574448056	94.30872652609565	91.78842094538982	91.78842092072654	133.99974662034185	115.18087100321128	99.85799999999998	62.18336483931947	107.43055555555557	248.86877386771158
218.24221031826556	207.81072710177637	196.15384615384616	123.82388643083175	134.92552669983712	94.99424141164548	181.59723093572	181.59723099053133	94.99424140600541	94.99424149254489	124.66666655446664	135.75311546697026	139.97618121424784	139.9761812450468	183.56746967247966	183.56746981296482	183.56747015588493	183.56747112269818	183.5674716183207	159.59095529405062	108.43105338633629	108.43105337765073	108.43105338633629	108.4310534425164	108.43105349472467	48.93939393939394	77.91666666666669	69.17417417417417	69.10942300307218	248.41366529833968
249.76306920068768	50.33831008208182	90.53745299102215	40.333365616098604	174.0645796934601	174.0645797798785	134.92552639809696	134.92552647917762	134.92552649867702	134.925526548967	134.9255265408837	63.75	148.75	134.89607390382986	95.05681470766797	95.05681469565934	142.6459160995061	183.56746981296482	183.56746963653424	183.56747019446556	108.43105334082725	108.4310533191138	108.43105340150598	108.43105344233052	108.43105343184527	74.94396014943959	48.527644230769255	243.66918763287148	199.92	243.686949518726
74.9638306143105	169.76514915475138	146.56894656815473	146.56894656815473	174.06457962641534	174.06457957526098	174.06457957526098	174.06457959977377	134.92552647917762	134.92552649974633	153.0	140.9605332114484	189.1592832044682	138.697778835496	138.69777890918309	134.89607392404758	126.22199863093496	169.5867722470491	195.3367793596111	72.31343283582086	64.83050848007039	108.43105300185778	108.43105337765076	108.43105335557846	108.43105343184527	63.75	102.27642276422762	103.84693039032325	252.56883534422641	180.27906976744185
146.17588564921516	64.64853780580447	146.56894656815473	146.56894664442154	146.56894675170875	146.56894699814222	174.06457956016368	174.06457947295218	48.43567764252737	113.14138915514471	106.56808478557991	74.68777074986073	116.78778529974082	116.30222109081694	116.30222116450398	164.6942465787107	124.10741861697204	158.08903849950525	72.31343284945422	68.36671816570075	68.36671805965904	80.9354205270478	80.9354204002262	108.43105324829125	108.43105349472467	46.612903212096796	33.26086956521738	5.077707687293781	243.686949518726	145.71428571428572
146.17588564921516	64.64853775452465	146.56894650527533	146.56894659849405	146.56894662234924	146.56894662234924	146.5689466808862	71.71652903921753	123.80324627575328	99.26790461487496	99.61458004318317	112.57718485103206	62.48025312703518	142.10271901300962	142.10271870000565	164.69424657485786	142.10271877687433	142.10271872273728	142.1027184706525	159.94318530434063	80.93542043983632	80.9354204134296	80.93542042473902	80.93542037358463	80.9354203065399	56.099999999999994	33.26086956521738	102.27642276422762	50.806252099826764	215.9245449316037
64.64853741862933	64.64853778186273	64.64853780176057	146.5689465576695	146.56894661366374	146.56894661366374	146.56894665917275	66.41445672586164	56.496128460116694	56.49612847448506	92.16548316393477	87.95157045036524	142.10271860632167	105.79973302912552	105.79973305302192	84.25929168820556	84.25929166400076	159.94318529233203	53.20029300857499	83.35459308062846	46.363636363636346	57.32419743332375	80.9354202201215	57.0078012489154	28.333333333333343	42.5	131.17611356916825	19.908508626388254	174.42656943547095	254.55871431298448
139.03703095246834	64.64853783384575	64.64853785368791	166.91767492084145	146.56894655748363	93.74087836933353	62.427916048008	66.41445674823362	56.496128464016095	100.68568118931651	122.35959306696776	56.4961284922735	56.4961284607262	56.49612845621729	71.71652902494077	74.56098750400534	74.56098754883814	126.08110537093114	53.20029307498905	83.35459302607819	57.32419709055904	47.09353664331732	47.09353662735393	47.09353664331732	47.09353691652922	26.5625	117.17854127917988	28.36398058455123	73.41684994651735	81.24235144375004
139.03703093928408	139.03703093488934	64.64853777026994	93.74087823702345	93.7408782835183	93.74087831766212	93.74087847893952	67.4743904158284	85.58905741962391	91.66930596161589	122.35959306696776	83.17434355779187	56.49612841122146	56.49612847124192	97.73957608900196	97.73957606478973	97.73957606881345	126.08110538076099	97.739576203571	85.47184467406197	47.09353639214291	47.09353640760526	47.093536415336445	47.09353653096221	47.093536338178666	26.5625	117.17854122918652	0.5504580032282433	240.4591742434341	153.21763052366597
139.03703089392366	139.03703092269996	139.03703095147625	76.86834869678364	93.74087830497211	93.7408781932908	93.74087807358615	62.42791605618933	79.64615995607721	67.47439041582837	67.47439042139044	67.47439039142196	67.47439042701575	67.47439042701575	67.47439046260956	122.35959306696776	97.73957607450751	97.73957605993087	97.7395760789459	85.4718447016125	47.09353639214291	47.093536407605285	47.09353641533647	47.093536338178694	47.09353691652916	117.17854124411568	117.1785412470974	22.72489040700134	143.81735959546023	131.60679169758873
75.06047345752779	139.03703093928408	139.03703093229205	33.970578274329256	76.86834869678364	76.86834881751298	113.42171819943232	78.45528153945921	77.996369026634	78.49549793213268	67.47439039142193	67.47439039142193	67.47439041149431	67.47439039142196	67.47439042139044	67.47439053379713	91.66930596161589	67.47439050424347	97.73957602843635	34.78823752037718	47.093536338178666	47.093536338178666	24.481650107041844	22.21791304197501	19.13759923875827	36.520271922807666	102.0	102.0	252.45100739108324	139.34425947195274
49.942872519631464	60.66363235609373	139.03703092269996	33.97057811094041	33.97057814505803	76.86834867378178	76.86834866228082	68.67832526551891	77.27568778957124	98.38024694974968	98.3802470984158	98.38024689016876	67.47439035399557	67.47439042695251	67.47439043807668	67.4743904578689	67.47439042695257	67.47439050424347	67.47439046260956	36.342766256699605	36.34276597830751	33.228069350313774	36.342766147716816	29.790097876794306	16.357198730297455	76.41858886209013	101.99999999999997	102.0	184.57847225505168	84.91559138168168
26.309043505451484	56.57143124999999	65.73294232963758	139.03703092609982	33.97057816211688	33.97057817162272	76.86834864864738	76.86834867179687	76.868348633663	34.163521979999985	98.38024685099532	98.3802468756839	62.3214041295403	74.27512009022169	67.4743903914219	67.47439043807668	67.47439042701575	67.47439041420859	36.34276597118739	36.34276601753592	36.342766017535894	36.34276601753595	11.668160130836071	11.668160119999982	11.668160075463504	18.94991464273724	76.41858886209013	179.08833092548213	216.92619042018788	36.61942874452387
1.3052392164147761	56.57143117793993	56.57143116500001	56.5714311225	65.73294210219726	33.970578120269465	33.97057809520953	24.194321509910168	24.194321524587593	115.80591930345886	115.80591931225075	115.80591927958906	98.38024688521256	62.32140421119965	59.84064003071606	59.84064001522901	74.27512011414242	36.342766017535894	36.34276597118739	36.342765952445546	36.34276599966799	22.085523134125282	11.668160077500005	11.668160093920989	18.949914588422274	18.94991455377823	85.74827458338453	35.64463640985309	188.2335221271469	13.489258434769823
218.3033036166574	75.06047345752779	56.571431122567446	56.57143117793993	56.57143124999999	56.16093091865653	62.50715002556325	62.50715000461136	33.970577966209646	77.82182805446877	77.82182803876205	77.82182803876205	115.80591937165701	115.80591918160394	69.9264721493268	76.33692637337413	36.34276565719463	36.34276588735503	36.34276597830751	22.085523195034654	22.085523407519105	11.668160204999992	11.668159914413224	18.94991457247187	9.308601021561941	9.308600994945465	35.58829175712836	230.3193120283658	52.104007274292115	246.05276488089893
109.50884118858195	1.3052392164147761	18.17740286140969	56.57143120250862	49.80522900890324	54.53369803286128	54.207348557535084	56.106776547850444	57.47784929317484	52.54406013458549	52.544060113745076	77.82182792347609	77.8218279237727	77.82182802496595	115.8059192097557	22.085523065042594	22.085523121163334	22.085523216615258	22.085523195034597	22.085523195034654	11.668159949999989	12.0097088280001	12.009708830381271	9.308601021561941	9.308600994945465	0.0	79.07602310302718	190.1060971975287	180.87077294423602	1.7981870573273113
74.95456999371652	1.6558374467724377	100.131782958434	60.28602076131972	46.96371222022785	47.228578974647434	47.228579011813366	47.22857900951888	47.228579004929884	52.54406005803719	52.54406013458549	52.54406023468812	52.54406020828526	52.544060209767196	52.54406024513517	18.345310878524174	18.3453107859784	18.345310761050627	12.009709126585221	12.00970884820839	12.0097088268096	12.009708827285522	12.00970878543967	12.00970878543967	71.99616450855797	57.70506827012892	94.04099318167437	255.0	253.95189956258912	16.428685055854316
54.91216760605761	109.51863401632329	20.548416842969345	21.50232235869504	17.22864807885489	118.1474927202332	47.2285790324639	47.22857898639211	47.22857900253311	47.22857897623007	47.22857902883612	47.228579046371436	148.8355049372947	18.345310761050627	18.345310739705468	18.345310762550298	11.356809455728296	11.356809507325238	11.356809488572253	11.356809507325238	11.35680946726697	8.346681550390713	8.346681579797519	8.346681462170437	114.8177353377092	57.70506827012892	57.705068295867875	11.705657060606882	186.63837400436165	57.48914993072401
10.138984959951586	10.597294665393747	12.899458193685575	20.30910127236686	25.41151405417267	20.548416842969345	30.07104615253968	27.01249382867556	7.641790887951288	47.228578948729876	47.22857900253311	47.22857900951888	47.228579004929884	18.34531059052719	18.345310761050627	11.356809448560512	11.356809529153026	11.356809465343929	18.775917342858804	8.346681587196684	8.346681560789932	8.346681431349225	52.10880364579657	20.283443501017388	57.705067992886995	57.70506832058675	57.705068302334666	28.473165427265883	243.67448398595397	0.0
1.0932955955510124	10.0601594849239	9.999478840683622	12.450288105795977	48.635636238366715	14.039459378276007	85.46758721613247	27.01249382867556	27.01249382867556	64.2375798748107	27.01249382867556	82.77595861339341	47.22857900253311	47.228579004929884	61.04660656008079	71.04163428452415	71.04163427392439	8.346681638611017	8.34668154758657	15.614014254595219	14.558201133489405	2.982107316744333	9.954688717370601	0.6778502912181068	140.59270130226656	57.70506824643013	57.70506810807879	167.91120522447187	1.4413185535373714	0.0
