254.80828713208942	253.60082304666668	254.7961674588799	252.21778800343222	247.9879275732382	242.79588082932693	245.7488436657619	249.78070175438597	244.8	182.46666666666667	254.21127141548934	250.44642857142858	234.4260299209701	250.46666666666667	157.8866428897166	215.333333339	243.666666661	231.5148880288268	243.666666661	232.05	247.27272728045455	223.3548315322644	239.79895357636158	239.79895357636158	208.3213996437356	251.28856763073867	222.71560527057534	254.37260755720808	254.6704499103957	253.95013058467637
254.88113983926038	254.81410499999433	249.68500756488663	236.11111112999998	246.4896215	245.7488442253518	247.27272728045455	188.40565512754094	223.75363479768896	253.30616714163318	216.58391446284594	223.125	241.25566655046077	199.94318170457774	243.4090907707903	146.38694728095555	230.03415300546447	203.8607405911091	236.7753001715266	230.2459156338485	167.08179297631597	227.5769035732936	223.75598048594026	251.37915162256863	234.48489495107884	240.95365988292747	254.46753455849145	252.9345	254.37260755725725	254.7225124198166
253.12297421128295	248.82962963013333	229.83240223731093	252.96	227.54798063576987	188.40565523617548	228.61462651738609	228.61462562168091	163.07422630245503	239.0625	249.23414717014447	217.21847516821984	249.82374411498014	213.1919436960543	247.2936406570463	121.50674611327992	232.074866725252	229.61491192134372	221.08824056730492	246.83042400589864	219.75692048697752	234.284332688588	251.06177607135552	229.5	231.6885901280603	239.50807729679553	250.3539741650548	253.67816283368583	254.05042824290814	254.94404112382054
0.0	254.4962962968	0.0	181.48266635080535	188.29092071344695	47.78883278883279	206.59722228125	163.0742263911996	166.75280581614516	163.2	250.75883575883574	186.50613639894362	233.75	194.53381294964026	186.50613639894362	185.59779065834482	216.8199092092828	113.11597382784754	230.70903528557494	215.92865089180484	215.3445674512545	221.12481129277296	240.0165306259603	228.77142857142857	229.5	246.02190218723706	252.30560878872333	250.35397416541542	252.30220408163265	253.52906586021504
78.91854206486019	225.31098035691525	154.3488176702179	26.140790882754175	27.305236870345908	33.46153846153845	197.60112600506682	241.15384615384616	133.2954545000129	210.83869608601356	253.7233422554718	195.0	233.75	180.02651824055465	191.25	201.875	181.28846924833988	192.8118040089087	192.81180400890867	200.6615580206369	221.08824055777905	221.08824055843922	249.72527470408482	138.46153845527323	233.142857121	240.42857142857142	248.06860207100593	250.35397416378777	254.072944855303	253.1265306162
243.65189683715656	207.71129241595105	153.93583124504573	252.3010782067613	184.2629204831935	218.35737852894692	178.23735127499998	133.2954545636312	117.5503946141992	189.69560199623675	201.36500770733835	212.5	159.8	204.0	119.0	221.0	234.14165341160478	181.2884691954601	181.2884691954601	118.44297847812416	212.57023899164173	182.25363355128246	191.53333333333336	137.83783783783784	178.5	178.5	211.28571428571428	138.93263541192533	239.20385185185185	249.781220732404
131.22517696916802	90.89484856199587	131.80159735296488	0.7971802613694763	178.23735113097945	178.23735116789447	116.81229668948572	117.55039426598398	187.28813575511347	168.48980893125	214.46176166652586	219.9818468832612	225.24853296513635	225.24853296513635	85.65368624008761	194.0086507885063	139.64876076167792	185.87954390617335	185.87954391683007	187.50109689869134	186.60295848380616	181.28846924833988	230.57615786281673	230.57615786220768	233.6073825111397	242.68754987384514	239.7	104.11242603550295	237.4683695392695	249.78122073255614
207.71129241595105	179.49359557919456	249.09052829672154	178.23735102	178.23735110500002	178.23735111252194	178.23735113455692	101.8424724691881	186.0794035978526	187.2881356233769	190.8199153710995	111.28254404496303	75.07430997876861	225.24853296513635	165.551917321458	201.24127976949995	154.42664365900427	228.80945627347566	178.49999998476085	186.60295843191352	200.53453589424015	58.84615384615387	173.53333501265433	138.16998792674127	203.13559320275783	203.135593220339	210.63186813341122	237.83602510564197	237.46836953759546	232.05
252.1353165542489	81.3007728683805	185.73264490247806	215.76923076923077	215.76923076923077	175.01861293290858	101.84247304753862	101.8424724654179	101.84247243197976	178.23735101999995	169.5281552983875	111.28254395137938	214.1930659397233	75.07430997876858	119.05196207955737	75.07430997876855	184.39402562740378	171.1902834006961	115.33074784962139	180.3436443694484	173.2180599618453	230.7492795389049	168.48837209302326	173.5333349552218	212.8052283796183	217.8125	178.5	210.36217303822937	248.67296006944446	247.13341346153845
8.613431858723345	254.62830854072564	74.92979489907836	19.61538461538464	81.5453138437218	186.08927052513167	101.84247246918812	101.84247248213703	101.8424724654179	101.8424724319797	169.52815532593803	214.19306567909038	214.19306523971323	214.19306509037574	119.05196200641754	73.64738151631258	73.64738151631258	169.70548842776628	169.47240199079965	169.47240201420874	192.53801154466993	204.7526412879423	204.75264128965918	183.51582807	224.75591392173519	223.74722185031465	245.4474505723205	233.30729166666666	253.1511194656104	254.082
2.801054563067197	74.91478245371829	247.67136083028888	186.0892707540482	186.08927066430186	186.08927064011823	186.08927062205782	101.84247189083754	101.8424724691881	101.8424724319797	140.250000014025	214.1930640625065	214.19306523971323	214.19306500637632	214.19306514829424	223.60554675480466	223.60554675480466	69.95356627683046	127.78364884964878	169.47240194343877	169.4724019581521	202.24721374149715	206.83299078112412	206.8329908123791	31.114321034603222	224.75591393295917	240.312	253.07183364839318	248.67296006944446	252.8038322073634
41.33742504738825	194.04044572235037	19.615384615384613	90.76606639934508	164.1671677880119	186.0892706280264	154.81048253966807	154.81048236371782	186.08927055606267	186.08927069116817	140.250000014025	202.65200993716306	189.6847468619199	189.6847468525305	64.97481077570308	64.97481084434659	64.97481125910906	64.97481077570308	64.97481090187361	159.39608557287033	137.42136116374476	137.4213612043432	137.42136116374476	137.4213612158691	137.42136133075596	224.1939393939394	233.30729166666666	243.34606606606607	243.11827956989248	253.67816283368583
252.1353165542489	194.2674012294443	194.24785373032108	155.65596279056598	119.15331841021029	119.15331853782953	164.16716718453165	164.16716729272787	164.16716728511167	164.1671673354017	164.16716740492876	127.5	148.75	131.532768750368	209.98639297353867	209.98639297259055	141.61418565661984	64.97480958470223	64.97481037500512	64.97481096046315	137.42136110606836	137.42136114113686	137.42136118297026	137.42136126435355	137.42136122142114	195.10834371108342	222.30769230769232	154.37636514866577	199.92	241.85108326309248
194.0650365847926	13.619868011328208	117.57863877857883	117.57863877857883	119.15331849521209	119.15331842020251	119.15331842020251	119.15331845241343	164.16716722720582	164.16716728644678	112.20000000000002	161.8871652522563	68.77433050451256	50.2847023791189	50.284702487026635	131.53276878618476	192.76486557038638	56.45931779060675	132.9952892150031	159.8507462686567	151.27118643188737	137.42136083788904	137.4213612043432	137.421361192583	137.42136122142114	180.625	136.8292682926829	209.28823174833508	112.53676750881988	180.27906976744185
38.70289315363749	167.27740032441693	117.57863877857883	117.57863880741704	117.57863891567752	117.57863916211096	119.15331845241343	119.15331845259462	109.71452417934529	113.14138915514471	106.85932910668353	140.9605331234972	116.97874428025293	204.71529751297336	204.71529762088107	48.227063871869746	118.00832925645787	50.94929917742067	159.85074625672758	182.55681807809273	182.5568181818182	135.84668154740535	135.84668154758657	137.42136108432248	137.42136133075593	205.6451612903226	232.82608695652175	101.40168585269382	241.85108326309248	145.71428571428572
38.70289315363749	167.27740033679703	117.57863866924407	117.57863881702977	117.57863879565679	117.57863879565681	117.57863885886317	103.44481289416646	86.06483505285027	101.82412076373154	99.76197351477381	255.0	115.08791618135834	39.85382000675088	39.85381986275431	48.22706390567271	39.85381986717297	39.85381981303584	39.853819755527894	45.01360702740942	135.84668154758657	135.84668157399332	135.84668157979746	135.8466815047879	135.8466815897897	193.8	232.82608695652175	136.8292682926829	248.62582479382831	74.95451074042751
167.277400676434	167.27740033956917	167.27740029528698	117.57863873564645	117.57863883625524	117.57863883625524	117.57863889393164	84.70477096502941	84.76074624295114	84.7607462586343	91.27564459810458	94.56061285908024	39.85381961368802	117.82587330771815	117.8258732816281	109.56553872622592	109.56553869171043	45.01360702646133	130.93040888971046	88.81133218539296	148.36363636363637	168.34069969128467	135.84668146217047	172.12576649939905	181.33333333333331	180.625	164.23393360065484	154.08110340284514	232.9785769619505	13.330879257182346
8.731527656174563	167.27740037830705	167.27740029411245	50.65940492819834	117.5786387841309	61.39098860759097	89.84791699517669	84.70477093020972	84.76074623120118	82.60827464779788	84.50391060456437	84.76074627402735	84.76074624697199	84.76074628990159	103.44481293216768	111.8329478954704	111.83294795524336	68.13998717323318	130.93040877819135	88.81133216332941	168.34069960330325	153.1575275680203	153.15752753081188	153.15752756802027	153.15752810916246	170.0	26.08351197377587	9.582128616873518	243.91727859046458	81.24235144375004
8.731527937604568	8.731528031414541	167.27740032296032	61.390988412064274	61.390988521775824	61.39098854836905	61.39098852458346	84.18538008181295	86.00300903266009	87.09635447245753	84.50391060456437	91.20133690567161	84.76074619297538	84.76074625599043	86.49599451247047	86.49599451702588	86.49599452211456	68.13998715779138	86.49599454140272	85.47184467406197	153.1575275680203	153.1575275345821	153.157527517863	153.15752753081188	153.1575275308119	170.0	26.083511995047928	26.320969811208556	51.377396260171196	29.93654701159801
8.731527857851972	8.73152804552069	8.731528106632453	76.86834869678364	61.39098847886822	61.39098844787836	61.390988749621755	89.84791702022983	81.61135757607173	84.18537999773184	84.18538002569176	84.18538000430252	84.18538003672441	84.18538003672441	84.18538002074541	91.20133690567161	86.49599452562575	86.49599451272596	86.49599451272596	85.4718447016125	153.15752756802027	153.1575275345821	153.15752751786303	153.15752753081188	153.15752695246138	26.08351204227617	26.083512024797272	249.63456987858703	52.37908801807171	89.10781094580966
184.25962860203032	8.731527937604568	8.731528023705607	81.84941906399308	76.86834869678364	76.86834881751298	38.053383587478265	78.08543608665642	78.24063286378893	79.38408020547399	84.18537990750056	84.18537990750056	84.18538001855069	84.18538010110447	84.18538002569176	84.18538003718828	87.09635447245753	84.18538010303467	86.49599454140272	92.36283494508706	153.15752753081188	153.1575275308119	142.81495702784625	117.284260165956	149.17248015224837	154.4411469574843	102.0	102.0	14.072415419619432	49.91609111780261
247.67136083028888	108.28624857065597	8.73152804552069	81.84941901606803	81.8494189640727	76.86834867378178	76.86834866228082	69.23555425909808	76.34808956127759	171.72115901421876	171.72115868870995	171.7211584902729	84.18537999746326	84.18538001161104	84.18538002549028	84.18538003977241	84.18538005365161	84.18538010303467	84.18538006914639	100.65451152538719	100.65451158454687	119.50043326455611	100.6545115217229	130.07602315035172	127.50000000000003	106.83642278082277	101.99999999999997	102.0	144.31977366112835	184.25962860203032
84.91559138168168	56.57143124999999	44.26102350896582	8.731528219034516	81.84941893807502	81.84941894426936	76.86834864864738	76.86834867179687	76.868348633663	74.68777084500002	171.7211586401357	171.72115861306654	114.81944489659065	79.95235925707743	84.18538000430249	84.18538002549028	84.18538003672444	84.18538002074541	100.654511564827	100.65451156511654	100.65451156511651	100.65451158681333	113.14286235587994	113.14286233000001	113.1428623005074	81.16257411904058	106.83642278082277	254.9305718595976	230.502752305356	52.35520257875095
36.059571905415794	56.57143117793993	56.57143116500001	56.5714311225	44.261023593543314	81.84941888440747	81.84941886008198	53.48890892775219	53.48890895443324	30.138721843421564	30.1387218311404	30.13872185859995	171.72115865556304	114.81944475489772	55.331788877006375	55.33178890423508	79.95235924085227	100.6545115217229	100.654511564827	100.65451152172292	100.6545116437066	90.1036193661275	113.142862245	113.14286231896489	81.16257405239091	81.16257405476344	85.74827458338453	243.66996689098295	252.23338511444777	1.1138761167614177
109.54592047457439	184.25962860203032	56.571431122567446	56.57143117793993	56.57143124999999	56.35745938409704	73.71153075166015	73.7115308045399	81.84941897671979	144.35937751665168	144.35937760675716	144.35937769322175	30.138721953592437	30.138721940978826	69.33227017744485	76.79439838048441	100.65451152538722	100.6545115217229	100.65451158454687	90.10361926623736	90.10361926036433	113.142862245	113.14286218352706	81.16257404078627	162.66827563836955	162.66827565462836	49.88487613708273	249.27298882490595	89.7158566870126	199.12966361729735
226.61326060432492	84.91559138168168	247.5920750794548	56.57143120250862	47.82565704074602	49.509782498504364	53.288289450198164	55.31785676856447	57.47784929317484	77.1105942032003	77.11059425542604	144.35937760675716	144.35937766023545	144.35937763897726	30.138721656015207	90.1036191362453	90.10361916358704	90.10361919584619	90.10361922290664	90.10361920124134	113.14286249999998	81.16257405239091	81.16257411904058	162.66827563836955	162.66827565462836	0.0	79.07602310302718	24.135555600111303	105.49932458460367	117.77035265478759
226.60936080759961	12.004490534198027	1.0177287133659263	172.31489498518738	197.41229054437125	45.51587478058508	45.51587478058505	45.515874778373785	45.51587477395117	77.1105940097979	77.1105942032003	77.11059413448297	77.1105941751299	77.11059415838199	77.11059416109472	56.25167753995245	56.251677550540876	56.25167756767266	81.1625740707652	81.16257406673321	81.16257401906608	81.16257404078627	81.16257405476344	81.1625739888924	23.03024490733773	57.70506827012892	122.88526471473514	23.81396105688802	230.51941403628632	202.14628006029017
16.102765160686914	11.993078590601385	20.548416842969345	21.50232235869504	17.22864807885489	0.0	45.51587480048673	45.51587475876619	45.51587477490719	45.51587478066929	45.515874769145086	45.51587480834627	67.90646787538591	56.25167756767266	56.25167755583513	56.251677530579286	92.39026592534111	92.39026591070572	92.39026592945879	92.39026591070572	92.39026588966925	80.93542037358463	80.93542042473905	80.93542058494401	114.8177353377092	57.70506827012892	57.705068295867875	253.0901518214198	229.7907360031211	125.19123819261998
10.003796550717567	10.360287035747945	11.669563421403637	17.94405229439721	26.272983563103423	20.548416842969345	30.230582513960883	34.24016530082338	83.83151515604055	45.515874817949765	45.51587477490719	45.515874778373785	45.51587477395117	56.25167753995245	56.251677442597156	92.39026594658131	92.39026593097256	92.39026591720486	96.36750739472873	80.93542043983635	80.9354204134296	80.93542030653987	30.704048922865496	0.0	57.705067992886995	57.70506832058675	57.705068302334666	236.26463596350166	236.26463596350166	0.0
1.0884390798104846	10.098269930015846	10.178322593745833	11.669563421403637	4.328050675407553	19.182525853055324	17.244664251024034	30.374465792951497	34.24016530082338	30.374465792951497	39.19820460146647	14.214236831995947	45.51587477490716	45.51587477395117	8.19095797599445	98.77127119625939	98.77127107335943	80.93542034463655	80.93542040022623	28.43480819243956	26.603669701871922	13.21962231411959	26.929385614186117	36.67237813683502	51.55725119257383	57.70506824643013	57.70506810807879	89.59316725587618	243.6517142194259	0.0
