254.8437495059178	254.80324074074073	254.6027225317552	209.62889466925884	232.4886820902906	174.59575946514423	156.0335294388089	187.8015350877193	244.8	199.46666666666667	254.94415301174743	218.57142857142858	249.84208242578225	141.66666666666669	109.8779379856961	178.5	153.0	225.61452891530146	153.0	241.88571428571427	197.04545454545456	220.97958189512445	215.32756603860872	215.32756603860872	130.82193185434352	239.35182606154572	140.74904973389948	254.5353334302538	254.45879702829083	254.46107234605074
254.92767044968144	254.96531405248948	250.89568432088572	247.91666666666666	221.84065934065933	156.03352895963874	197.04545454545456	145.10750618373152	155.7792836631093	254.77364040448245	222.92770028039143	246.969674895	186.2306637621419	221.676136237684	208.63636351782026	100.62037869640645	240.60109289617486	217.32387774626997	228.90222984562607	205.22577643503686	85.77515493985877	228.33173135313962	228.25128110667876	254.13589465674914	234.58405017534164	240.96267138765847	254.9047500802386	254.32555102040817	254.53533343023676	254.47336986182648
254.14098014937377	232.05	237.19273744076838	252.96	231.79632520868742	145.10750615672205	120.23559687381669	120.23559575308931	119.12062624437146	152.734375	242.82844593055498	245.45837827670314	254.2558752147376	238.61765210519937	253.51688920575918	80.20194876009546	219.3172991379189	210.8111429741909	224.37444067376885	252.76863256186704	219.59401125944416	213.56866537717602	229.72972972227905	219.3	231.64200424829198	239.87326231424447	251.19703993287797	252.30228646605272	254.22155827880349	254.1689527158187
0.0	214.2	229.62439512960856	206.02266434323522	176.4697508989143	200.3950103950104	116.2109375	119.12062614867042	126.83858850405841	244.8	124.73566973566975	129.39490445859872	170.0	158.5874614594039	129.39490445859872	212.49999995993062	86.28131656263932	74.15524044933687	147.65767839029553	207.9618281843645	215.18667474544245	206.80946251474785	217.55366446524081	222.5265306122449	219.3	243.43981487979264	247.0751175484417	251.19703993317964	250.86460308204914	254.92461871468797
221.20364170359602	207.50813351649265	97.46388010333763	12.738334299928738	160.10660890858972	166.15384615384613	98.04705972613712	93.46153846153848	91.64062519369494	115.41153666002529	102.02031743463814	135.0	170.0	224.82993306655726	229.57063704	218.57142857142858	161.89980065071842	154.47661469933183	154.47661469933183	198.76526367045432	224.3744406653734	224.3744406658314	213.46153846341804	233.65384614327357	243.666666678	213.3673469387755	248.18910256410257	251.19703993184734	249.39540036713575	254.4962962968
88.84228651829142	92.31304285183859	253.66084094324856	254.92729788433738	40.979567881741104	182.85541720810537	178.23735127499998	91.64062501249646	78.17042303775872	79.29209446192988	102.14429362528779	106.25	123.63636363636363	204.0	136.0	85.0	249.6754911261008	161.89980052049242	161.89980052049242	53.401054295448404	206.0053090464127	194.3263464665393	242.9111111111111	227.43243243243242	246.499999983	246.499999983	236.26530612244898	251.866181156122	254.42689711934156	254.68417573562397
27.299839793967834	106.28935483788433	125.02732581139591	28.555715745928325	178.23735113097945	178.23735116789447	75.78241581037605	78.17042307819995	75.92762260342437	79.6875	134.02854290821654	245.48030481620054	247.0780117362789	247.0780117362789	54.36487587495216	179.62144246492602	79.23523343845335	190.80328735006893	190.80328733462375	189.98357002822877	157.78452794620355	161.89980065071842	228.4223333284026	228.42233332106346	236.17449660466872	237.430167592075	214.2	241.42011834319527	253.07608993521126	254.68417573560342
212.83148599580474	12.96170665458439	6.222431390604839	178.23735102	178.23735110500002	178.23735111252194	178.23735113455692	65.37646251069964	74.27538242621273	75.92762243612626	81.25765782058014	127.19499627708345	46.74097664543527	247.0780117362789	201.5044668473055	93.72383930849986	115.33074779970926	246.3869966104933	197.17143562269257	157.78452785924406	163.46594135405527	196.15384615384616	236.0115502693589	157.55865663070597	245.39548023233743	245.39548022694916	243.16849817370453	253.7583930210363	253.07608993551455	254.7166666644
2.721374960014259	32.77476952091942	68.36647753334117	58.84615384615387	58.84615384615384	59.488915941008855	65.37646251069964	65.37646212266964	65.37646226865411	178.23735101999995	117.98612506048673	127.1949961896068	243.67699778341165	46.74097664543524	138.80344709876982	46.74097664543521	157.46619840182132	171.83939151357356	208.4435826545536	201.24127974129115	164.00145773775535	186.657060518732	206.1627906976744	236.01155021297362	247.67451882323144	246.73611110875	244.8	240.12072434607646	254.85243055555554	254.1171058880048
42.11712776048586	218.9015275076546	169.54785703233694	117.69230769230771	46.923341775245774	94.99424144864417	65.37646212513263	65.37646204967749	65.3764621226697	65.37646201747961	117.98612510747662	243.67699759865937	243.67699698704433	243.6769975155157	138.80344716162807	32.7541979643525	32.7541979643525	169.69988179568236	174.27707666639606	174.27707668079725	152.99999999278754	201.6308904913634	201.63089049733045	233.75000002125	239.93111320884242	234.29780234493046	251.43253555176898	253.22916666666666	254.5780418400272	248.472
19.338043808853513	248.99931132521158	105.84543431891385	94.99424144864417	94.99424143016324	94.99424141781807	94.99424142021834	65.37646135399856	65.37646193234914	65.37646201747961	163.6249999228625	243.67699644579898	243.6769974037307	243.67699727717024	243.67699716965762	242.6369071033271	242.6369071033271	43.126360129176106	199.4782324911747	174.27707662828436	174.27707665117128	224.59155042435856	228.6823059895306	228.6823061396881	241.5706787671928	239.9311131316838	235.008	249.09499054820415	254.20912000868054	251.57318977224836
47.79402487916653	233.01559804235322	117.69230769230768	144.06358310360258	57.89956527410712	94.99424141164548	53.38897487008367	53.388975055366245	94.99424140600541	94.99424149254489	163.6249999228625	238.8718447630739	80.37671222477218	80.37671227983597	39.65921134836145	39.659212371860576	39.65921231517328	39.65921279858	39.659213164938876	159.60331211099012	221.27854885631797	221.27854886989888	221.278548856318	221.27854889671056	221.27854885903605	231.2	249.57682291666666	246.89105105105105	246.65994623655914	252.30228646605272
3.5778956986067385	50.33831008208182	42.40528844360006	155.65596279056598	45.58046496421787	45.580465188317305	57.89956527410712	57.89956531029941	57.8995653746872	57.899565424977226	57.8995655426331	174.47368413	170.0	96.71278535498078	129.77274111026603	129.77274108136697	138.2902728437531	39.65920985257185	39.65921183999234	39.659212186243934	221.27854876344637	221.27854887533033	221.2785488872752	221.27854887533033	221.27854894918963	210.35118306351183	229.25480769230768	153.70200622845945	252.96	254.82138485440217
154.43173690253423	90.53745299102215	33.72145105081037	33.72145105081037	45.580464989603314	45.58046504497284	45.58046504497284	45.58046502927772	57.89956531029941	57.89956534406261	81.6	46.793371970183046	80.80183696608975	21.075693085665108	21.07569327311225	96.71278529148458	233.46397150362435	34.200627519324	85.30539153629084	156.04477611940297	211.77966099167625	221.27854885903602	221.27854886989888	221.2785489027538	221.27854894918963	233.75	85.0	226.7724032917591	207.95324914565157	180.27906976744185
105.91949750210426	28.240369389527643	33.72145105081037	33.72145109724619	33.72145114096401	33.72145114096398	45.58046502927772	45.580464973300565	160.88554189423417	134.02854290821654	107.2576693327685	140.9605331234972	116.98497235998934	233.92430672688778	233.92430691433486	145.70408426364088	57.81051159848178	30.742532140477635	156.04477608872804	211.92567574322405	211.92567571874997	209.4195350266994	209.41953497072228	221.278548859036	221.278548859036	224.83870969112903	216.19565217391303	131.8247534609926	254.82138485440217	145.71428571428572
105.91949750210426	28.24036935081861	33.72145114096401	33.72145111272479	33.721451130101116	33.721451130101116	33.72145112466967	78.93019642530976	60.45797929505159	99.10210825805163	99.40137321352549	108.39856658279857	151.90162119235669	23.463312079609807	23.463311729386646	145.70408416569643	23.463311874156886	23.463311820019698	23.463311416810313	125.227258918633	209.41953497072228	209.41953497072228	209.4195349550272	209.4195350103967	209.4195350357821	183.60000000000002	216.19565217391303	84.99999999999997	153.21763052366597	232.63836214265456
28.24036914114933	28.24036940028509	28.24036947036771	33.7214511246697	33.72145114368203	33.72145114368203	33.721451236553605	76.77869739943904	104.45946852005662	104.45946852083384	92.93076292542406	94.16412533052701	23.46331188992562	74.60870797008965	74.6087079974582	79.31304773513918	79.31304775721492	125.22725888973397	127.1037678962941	151.80980908999442	166.9090909090909	201.40704813730002	209.41953481168272	204.9774764430627	192.66666666666666	217.8125	110.93641689639745	59.9919059526504	167.18879899668246	33.8476914363051
64.64853741862933	28.24036923126951	28.240369368012608	27.82656814622368	33.72145110328947	41.54828580543574	77.66797978515402	76.77869742518547	104.45946850966621	88.3347526061876	61.44897317968477	104.45946849093843	104.45946850753973	104.4594685656474	78.93019648060206	76.01655758578303	76.01655763910756	100.87713774308148	127.10376786260773	151.809809119302	201.40704823618253	189.6235379825204	189.62353806765083	189.62353798252036	189.6235386460014	180.625	145.77907817165195	215.41777913786893	183.5124340149825	81.24235144375004
64.64853778186273	64.64853780580447	28.24036939066832	41.54828566788416	41.54828571962054	41.54828575863374	41.54828594013287	88.39294362273984	86.01878862995926	89.19958809491979	61.44897317968477	84.50391060456437	104.45946857199047	104.45946852902327	78.37376944388828	78.3737694265146	78.37376942480819	100.87713772125764	78.37376956178247	137.0138748925234	189.6235379825204	189.6235378773303	189.62353795032254	189.62353787486734	189.62353806765088	180.625	145.77907808376273	0.00354682348452684	209.81686501268058	221.29466968959895
64.64853783384575	64.64853775452465	64.64853780176057	94.99424144864417	41.54828567671291	41.54828565573956	41.54828589183987	77.66797981222206	81.3382131972902	88.39294362273984	88.39294358798571	88.39294359146535	88.39294357468765	88.39294357468765	88.39294360631101	61.44897317968477	78.37376937092355	78.37376943529515	78.37376943529515	137.01387493951327	189.62353773134592	189.62353787733034	189.6235378247353	189.62353787486734	189.62353748930036	145.77907805172396	145.77907803167864	253.22533567944552	254.32584664016704	166.83773321749925
135.17638416095025	64.64853778186273	64.64853777026994	136.11272018028114	94.99424144864417	94.99424149254489	59.53499902619356	78.59944006981749	78.24820125923057	78.00511628189682	88.3929434946634	88.3929434946634	88.39294358153836	88.39294368826731	88.39294358798571	88.3929436211566	89.19958809491979	88.39294366394131	78.37376938664778	150.01816136310663	189.62353748930036	189.62353777847562	167.3009176937459	157.6202664519784	161.9694558052272	199.89724742897232	204.0	102.0	240.47155782859812	126.43713415706401
38.67583053029398	9.870999779467041	64.64853775452465	136.11272005624153	136.11272003523146	94.99424142021834	94.99424140600541	69.23914420384972	77.23267359741504	225.6491647819644	225.64916493198342	225.64916483728706	88.39294356780451	88.39294359527219	88.39294356780454	88.3929436227398	88.39294359527219	88.39294366394131	88.39294365471196	97.08768975644887	97.08769011326461	138.13336626790152	97.0876899854247	120.06668313401676	138.4377707878125	62.26220862835726	204.0	102.0	102.11482304240343	239.08100158428996
36.059571905415794	178.23735127499998	81.1441506145168	64.64853785368791	136.11272002472646	136.11272004127105	94.99424143016324	94.99424141781807	94.99424141164548	111.70237081499997	225.64916492424408	225.64916488867422	99.2551950275681	80.34129005282682	88.39294359146533	88.39294356780454	88.39294357468768	88.39294360631101	97.08768999432601	97.0876899854247	97.08768998542467	97.08769005051514	126.1867555072372	126.186755525	126.1867555072372	163.68336183631212	62.26220862835726	0.023639205246070105	90.16768386047588	249.4122284721304
1.804639302562009	178.23735116789447	178.23735110500002	178.23735102	81.14415054301321	136.112719971766	136.11271999321133	51.634062788438825	51.63406278710292	17.599715651747402	17.59971566138529	17.599715656421466	225.64916500658617	99.25519505086936	121.30540801620486	121.30540805241367	80.34129005742352	97.08768998542467	97.08768999432604	97.0876899854247	97.08768987057545	107.46163782979264	126.18675548249999	126.18675554415222	163.68336180385927	163.68336179345025	61.04660656008079	199.62695669898048	145.941504251614	2.5525273965915574
2.553189917316274	135.17638416095025	178.23735111252194	178.23735113097945	178.23735101999995	56.06845234899748	93.10019934928158	93.10019947950758	136.11271976325085	206.97259995221367	206.97260000119493	206.97260000119493	17.599715768061742	17.599715857289368	69.90574899128282	76.71587709132362	97.08768975644887	97.08768998542467	97.08768996338839	107.4616379304706	107.46163800297245	126.18675561	126.18675545129429	163.68336180917606	125.39603956813093	125.39603953006429	71.54433203101127	254.9352006078246	131.5638088027469	248.6680313721323
250.05265466181967	1.804639302562009	33.32371046618363	178.23735113455692	49.19361254894412	41.90989276213972	52.803992483200375	55.9315354889078	140.9605331234972	41.90952224776851	41.90952248857187	206.97259994355187	206.97259989597148	206.9725999781461	17.59971551119267	107.4616378004786	107.46163791638253	107.46163794524583	107.46163797380132	107.46163799546667	126.18675561	126.82089315046127	126.82089312504769	125.39603956813093	125.39603953006429	0.0	79.07602310302718	105.24399822169121	190.2092206683829	216.39332773061608
32.7627239983928	27.0772226133069	15.10174437949729	40.612258251571006	7.641790887951288	30.031989159018536	30.031989159018536	30.03198915755948	30.031989228973345	41.90952226656282	41.909522526250385	41.90952248857187	41.90952251099418	41.90952252916634	41.90952250336608	111.00151888920234	111.00151886209704	111.00151886306014	126.82089320128844	126.82089315821375	126.82089316316808	126.82089314717675	126.8208931251028	126.8208931909738	110.95474892207613	57.70506827012892	2.557417081218574	15.5639372242822	114.37166251817195	253.04269906012658
10.39303898265021	0.17832162553290232	27.01249382867556	50.33831008208182	155.65596279056598	56.807944370692184	30.031989097817984	30.031989143905577	30.03198916004655	30.03198913156649	30.03198918852658	30.031989207513305	27.42969990839248	111.00151886306014	111.00151884854435	111.00151885128847	120.09655319595223	120.0965531899908	120.0965532087439	120.09655321812036	120.09655318843025	90.26621651518462	90.26621653482468	90.2662166386757	14.214236831995947	57.70506827012892	57.705068295867875	16.484512792142084	30.13420074066775	255.0
10.058663737410313	9.473248477022736	11.747120221942765	17.16727517453006	26.11461811877166	34.24016530082338	30.306706036922122	34.24016530082338	96.27562641868838	30.031989106243316	30.03198916004655	30.03198915755948	30.03198915464145	111.00151888920234	111.00151880052238	120.09655316349466	120.09655322269612	120.0965532112742	140.65100326202415	90.26621651830885	90.26621654471558	90.26621646713139	157.14576639789462	140.59270130226656	57.705067992886995	57.70506832058675	57.705068302334666	55.92796346633804	2.872725583762758	0.0
1.0845105636917083	10.012044006870383	9.39426522454582	13.11139499805509	0.2750347166196434	20.153980423092747	2.755932010396407	64.2375798748107	27.01249382867556	42.768578068619036	64.2375798748107	14.214236831995947	30.03198916004655	30.031989154641394	61.04660656008079	56.838580886153835	56.838580819691884	90.26621657410479	90.26621651830885	140.19169189227088	135.3498792068179	85.1720796108151	77.98958104372309	19.600000192348034	191.9817856261043	57.70506824643013	57.70506810807879	73.13733993179414	7.12044926113964	0.0
