254.88105815925616	254.70195047185186	250.92800595761807	254.74118087557605	248.6457204425197	252.72190932992788	252.55016264177215	249.78070175438597	214.2	214.2	254.5769906725905	232.23214285714286	135.68519685171077	250.46666666666667	52.13759934667016	221.0	243.666666661	190.9349577287358	243.666666661	169.75714285714287	239.54545453772727	248.48966789514375	216.73309836233503	216.73309836233503	181.3506400956474	240.17600133114183	189.187960635045	248.6185763123536	253.92207371817713	253.86683060938853
254.96375639951495	245.4743716623067	252.1493436854671	246.28205127333334	252.07805013461538	252.55016371312482	239.54545453772727	239.92220088520637	244.42886396796163	253.94932735009823	235.29554408519445	94.416909705	255.0	208.63636351782026	243.4090907707903	47.21889615693428	230.03415300546447	0.0	186.91252144082333	243.08903958246628	127.62055515675726	228.19983379122215	233.63958009913333	252.98943772199243	234.88813973194846	240.8405149534766	254.77784767782174	226.5045306122449	248.61857631295334	254.93417123271772
253.66611908108163	250.46666666666667	245.90459819557117	238.68	227.54798063576987	239.92220101177023	244.9482918092434	244.94829031678515	228.6684482849907	239.0625	192.21587329179937	76.52938601323254	251.65567193684257	107.08201099683129	249.671001757641	36.21141597256246	191.39678335749466	207.05038918476035	180.83228926312182	250.62680029565783	218.47347650187163	255.0	241.21621624974435	255.0	237.53710724497944	239.07229029675605	233.18441288723096	236.76297690219656	250.91299054259298	254.99349217039406
0.0	254.4962962968	231.79632520868742	128.6573195393239	254.5674984693833	124.73566973566975	238.381410140625	228.66844829172638	227.07944928513166	163.2	250.75883575883574	182.54466366319713	191.25	212.73237410071943	182.54466366319713	207.8504833638648	216.8199092092828	33.28761767325287	230.70903528557494	214.48618970469215	215.23749362877186	242.37141467816323	247.90252677750186	238.76326530612243	255.0	238.60493478523364	245.69867248520973	233.18441288879217	253.9661507705123	239.88900789650538
244.8593054797491	173.82481780946756	248.31468380433537	255.0	23.22414708231537	93.46153846153848	235.14834625328183	241.15384615384616	211.90559457943777	232.51914732203372	143.83914146016076	204.23076923076923	191.25	51.85359155313	67.65306111000001	201.875	255.0	156.27505567928733	156.27505567928728	200.63499029400805	180.83228923974826	180.83228924288525	248.07692307723633	155.7692307621824	229.5	227.9387755102041	243.48958333333334	233.18441288114948	254.77963287691114	252.45
253.4160641292067	229.3415671463843	219.74654708854035	23.294637304876602	154.49311743749928	196.9277399160741	101.47470229499999	211.90559446866894	201.38358810420632	220.98905284309652	135.65836660907848	212.5	180.8181818181818	153.0	153.0	221.0	239.35428652553622	255.0	255.0	84.33745702671959	195.42362558688438	228.15148063225556	137.13333333333333	206.75675675675677	178.5	178.5	214.40816326530611	195.57350933090578	200.5194074074074	235.87481414622334
250.21604204188097	179.72344020330937	0.12404455945957693	218.59212717058205	101.47470222504387	101.47470222504387	203.41698616179798	201.38358773095942	219.6379043671215	216.66830182500001	157.13203535753348	228.1965863406621	232.37832240248534	232.37832240248534	23.71827327766644	199.70381657052707	132.42702239231235	197.23503972033325	197.2350397625687	188.54752478900164	220.40478752569567	255.0	166.06434414364534	166.06434413647094	206.65268452908512	221.70041899131704	221.85	158.43195266272187	211.1557054189544	235.8748141460375
222.34436330424884	175.55856924415957	171.1172658925022	101.4747021675	101.47470221	101.4747022250439	101.47470226911383	189.5967049165932	218.95714777436683	219.637904445038	190.8199153710995	156.81957653435546	20.031847133757964	232.37832240248534	65.90961149239195	201.24127976949995	161.8871652437	239.38795333305046	107.56551091708576	220.40478744945898	220.20660009375533	98.07692307692307	128.0374395519309	211.88151867840145	162.0762711635852	162.0762711864407	156.68956044070836	156.28355382326532	211.15570542450757	232.05
168.23883988972045	197.27567090679162	252.92888489967237	215.76923076923077	215.76923076923077	212.7056022411487	189.59670433824266	189.5967044930113	189.59670451448534	101.47470254999996	173.51777758432826	156.81957649725348	223.561302655146	20.031847133757992	0.0	20.031847133757907	152.81179551117805	170.5101472043952	115.33074784962139	174.3619196689565	190.65431367395513	199.88472622478386	93.13953488372093	128.03743963114917	119.55185290243838	162.03125	216.75	206.51408450704227	156.14000108506946	216.56099759615384
234.23618524900567	208.77640443862052	184.52600406506627	58.84615384615387	185.55713111847172	117.17854150809637	189.5967045310262	189.59670448227428	189.59670449301126	189.5967045144853	173.51777754261255	223.56130210179805	223.5613019245193	223.5613017233439	0.0	39.5125708051236	39.5125708051236	170.68092493044983	123.0146582617192	123.01465828210203	163.05844247007485	130.8141874895187	130.8141875333793	119.69068881375	145.14680141391523	126.31530325344761	141.66666669614983	119.42057291666666	179.44444444840724	250.6905
252.62694787324455	107.45881423843713	31.382279135819488	117.17854127917988	117.17854122918652	117.1785412470974	117.17854124411568	189.5967043382427	189.59670433824266	189.59670401213643	0.0	223.56130104410715	223.56130150783298	223.56130168097687	223.56130176796577	239.79816301135583	239.79816301135583	18.316860152289053	81.6333365317625	123.0146582050995	123.01465825029948	120.06616705115886	119.15788811137605	119.15788801378142	44.58769201359462	145.1468012810858	143.92199999999997	167.14792060491493	156.14000108506946	238.82984220191858
191.42026026664996	247.5604836192328	58.84615384615384	0.20535663085715328	164.1671677880119	117.17854125605282	195.19379311268798	195.1937932298626	117.17854122658358	117.17854138233633	0.0	213.50869315583768	152.08166855952066	152.0816685728073	16.691977728320836	16.691977509718384	16.69197772832058	16.691977728320182	16.69197862813411	159.97046911957148	92.06277313243686	92.06277315523613	92.06277318594925	92.0627731730695	92.06277318489282	100.86666666666667	119.42057291666666	134.12336336336335	133.99781586021507	236.76297690219656
168.23883988972045	89.85526494981661	194.24785373032108	71.99616450855797	180.40557936415752	180.40557937876827	164.16716718453165	164.16716729272787	164.16716728511167	164.1671673354017	164.16716740492876	36.428571465000005	148.75	98.1787345593491	159.94318529233203	159.94318530434063	141.19501020145375	16.691977509718384	16.691976921123597	16.691977050675973	92.06277314731003	92.06277314040781	92.06277312747915	92.06277314040781	92.0627731175637	94.95018679950186	100.01802884615384	248.3165135255523	199.92	120.40645797889641
134.2926025434332	42.40528844360006	162.93722698946095	162.93722698946095	180.40557922303717	180.40557923193055	180.40557923193055	180.4055792288912	164.16716722720582	164.16716728644678	132.59999999999997	161.8871652522563	93.72383937307688	25.664521468344702	25.664521648770233	98.17873456179089	204.3545840004116	14.311539827261043	221.2306998107326	87.53731343283579	69.15254233552139	92.06277293845935	92.06277315523613	92.06277309824415	92.06277301053902	69.06249999999997	132.6829268292683	8.712167402505742	216.70719412320378	180.27906976744185
46.616404015460404	167.27740032441693	162.93722688243628	162.93722690175588	162.9372268151072	162.93722706154065	180.4055792288912	180.40557924971728	25.908656969319026	113.14138915514471	106.00399183028907	93.72383928884992	120.03890257962786	229.33547835122977	229.3354785316553	57.9814844575059	123.08980898335454	12.82464705269544	87.53731340727333	91.67355370643546	91.67355375852273	74.59442075028272	74.59442077110882	92.06277318489279	92.06277293845932	85.00000001370967	105.32608695652172	54.0319300399766	120.40645797889641	145.71428571428572
46.616404015460404	167.27740033679703	162.93722681510718	162.93722687252082	162.9372268447638	162.93722684476387	162.93722685959216	75.28969730498488	104.34263795847093	99.46047622202866	99.69077738611193	112.87334576113167	37.3581009494479	9.5821339878853	9.582133810395447	57.98148452426187	9.58213371701143	9.58213366287427	9.582133241982689	95.05681469565934	74.59442077110882	74.59442077110882	74.59442076806945	74.59442077696283	74.59442063584245	86.70000000000002	105.32608695652172	132.68292682926827	221.29466968959895	9.4366334656805
167.277400676434	167.27740033956917	167.27740029528698	162.93722685959216	162.93722681405075	162.93722686756314	162.93722685268995	49.1374780992046	38.571207282232166	38.57120728775382	92.08112044862787	89.43679454112913	9.582133536209199	92.34239449192864	92.34239454945612	170.41829230688785	170.41829232966685	95.056814707668	65.45049862994895	48.766961437468126	60.27272727272728	78.20046474351562	74.59442062123173	78.64245889892618	62.33333333333334	69.06249999999997	254.79464336914288	103.01496781258354	17.58068900022306	2.888352303931242
28.24036914114933	167.27740037830705	167.27740029411245	139.85718248042966	162.9372268269305	76.55234734205035	45.03863589841876	49.13747812956379	38.571207249693856	86.18105086297959	95.3692454012803	38.57120729876104	38.57120726436503	38.571207279569904	75.289697402515	140.39331419903255	140.39331421069758	71.00330590956293	65.45049877853793	48.76696143890308	78.20046480446933	65.40329548551469	65.40329566175731	65.40329598786354	65.40329566175731	58.4375	48.26781180431158	179.98921737208317	245.59611892033286	81.24235144375004
28.24036940028509	28.240369389527643	167.27740032296032	76.55234724888328	76.55234734205035	76.55234733285175	76.55234750078873	51.68005246436323	86.12790538176046	0.0	95.3692454012803	85.2687776917058	38.57120721770906	38.571207275830346	104.73416337562603	104.73416336348427	104.73416336963172	71.00330586744431	104.7341633576431	81.48222245738748	65.40329548551469	65.40329550698871	65.40329551772575	65.4032954689738	65.40329566175731	58.43750000000003	48.26781189348836	0.8307942496086014	20.460677164991836	29.93654701159801
28.24036923126951	28.24036935081861	28.24036947036771	76.86834869678364	76.55234727768894	76.55234730340709	76.55234741180936	45.03863592505138	81.64494149548537	51.68005246436323	51.68005248964363	51.680052441096876	51.68005247968853	51.68005247968853	51.680052518280206	85.2687776917058	104.73416337389745	104.73416335827767	104.73416337729265	81.48222241567177	65.40329548551469	65.40329550698871	65.40329551772575	65.40329546897377	65.40329566175731	48.26781186617356	48.26781185407657	243.81546472773624	197.3460486923493	7.669531434566238
0.1316384024820536	28.24036940028509	28.24036939066832	18.202690570740145	76.86834869678364	76.86834881751298	88.93178698504755	78.55303610487624	80.33670192579797	79.47589855048852	51.68005234429489	51.680052344294864	51.68005247714359	51.6800525378988	51.68005248964363	51.68005249866167	0.0	51.680052556684274	104.7341633576431	37.30502595685604	65.40329508340679	65.40329537258205	46.79337188992275	37.25229623106847	43.56728219862387	53.50511764657875	102.0	102.0	104.60679919151372	142.03906048702873
31.382279135819488	108.28624857065597	28.24036935081861	18.20269048880661	18.202690446635614	76.86834867378178	76.86834866228082	63.5771321556777	76.25155837098765	186.48070008012962	186.4806997654547	186.48069987619448	51.68005239732261	51.68005247288346	51.68005248140369	51.6800525064038	51.68005247288346	51.680052556684274	51.680052518280206	45.48201579345684	45.48201567031262	43.787150081445276	45.482015645681	47.837020649224115	37.237622345992946	103.01682073287623	101.99999999999997	102.0	245.9862428109348	135.17638416095025
43.773118886396276	56.57143124999999	0.08334546814219834	28.240369368012608	18.20269048459201	18.20269047363786	76.86834864864738	76.86834867179687	76.868348633663	18.91587450000003	186.480699715353	186.4806996859574	121.79106126524238	68.7044154970182	51.68005244109685	51.68005248140369	51.68005247968853	51.680052518280206	45.48201561144322	45.48201560228736	45.48201560228733	45.48201558059057	27.515876280799006	27.515876320000018	27.515876336171544	20.805559276797595	103.01682073287623	121.8758997441592	196.89858164632088	20.54123639989524
226.4556596088265	56.57143117793993	56.57143116500001	56.5714311225	0.08334541222265557	18.20269042508673	18.202690480377413	93.98890701091821	93.98890700461257	7.142126570007889	7.14212670942058	7.142126743366163	186.4806998522072	121.79106119906794	30.70293502847531	30.702935006844143	68.70441551301968	45.48201551550008	45.482015611443245	45.4820155805906	45.48201554716849	29.51566230218043	27.515876362500023	27.515876317714003	20.805559272672554	20.805559253302647	85.74827458338453	79.36026684812668	215.5204681662743	174.59726953224322
254.02951981832211	0.1316384024820536	56.571431122567446	56.57143117793993	56.57143124999999	55.883745457765315	0.0	0.0	18.202690551331216	159.69706981241495	159.6970699504073	159.6970699504073	7.142126753914766	7.1421268452027675	69.34140115533248	76.07352613710324	45.48201519395187	45.482015645680946	45.48201552043636	29.51566229693188	29.515662267535077	27.515876235000007	27.515876182003836	20.805559271676657	35.48651887114477	35.486518833300835	126.91899350810232	61.1958859238504	18.59431439217667	192.11435769732566
50.787324236007805	43.773118886396276	254.46859158947257	56.57143120250862	49.86511611986279	52.08384176433094	51.926049618545505	55.81089625781428	57.47784929317484	73.88525267815592	73.88525302343601	159.69706989276426	159.6970697997715	159.6970699264589	7.142126523156264	29.515662166939848	29.51566213519888	29.515662279083557	29.515662253601192	29.515662231935863	27.515876489999982	20.805559272672554	20.805559276797595	35.48651887114477	35.486518833300835	0.0	79.07602310302718	192.64775107017402	212.28857595040677	29.263695338114132
42.28735634127017	0.005254563196587014	61.303236015355964	109.5644364013875	96.27562641868838	30.614213611856314	30.614213649022275	30.61421364753494	30.614213718892188	73.88525289722139	73.88525295663783	73.88525302343601	73.88525302256878	73.8852530488648	73.88525305553429	19.783023393600217	19.783023397324058	19.78302342414986	20.805559416096145	20.80555928086372	20.805559270610075	20.805559271676657	20.805559253302647	20.805559187431584	0.0	57.70506827012892	132.46462025548567	23.81396105688802	20.831133798210743	237.10012352590223
117.10506973585342	212.38563476089956	20.548416842969345	21.50232235869504	17.22864807885489	108.50297122644062	30.614213588076325	30.614213626553976	30.614213642694978	30.614213614288587	30.614213671101254	30.61421369003878	191.59761744421542	19.783023392880978	19.783023399185936	19.7830233944982	22.81110501871501	22.811104907829986	22.811104907830014	22.811104907829986	22.811104912350004	19.683159645759616	19.683159613011014	19.683159744005252	114.8177353377092	57.70506827012892	57.705068295867875	222.72966570178073	196.78108328957316	15.5639372242822
10.107062751287742	9.011245307410974	12.32918139808939	255.0	25.06229933346063	20.548416842969345	29.982761617139744	30.374465792951497	83.83151515604055	30.614213588891744	30.614213642694978	30.61421364753494	30.614213644560294	19.78302339360019	19.78302339288095	22.811104902797297	22.811104906555926	22.811104908487295	28.129190793967297	19.683159584138366	19.68315961054512	19.68315951103301	30.704048922865496	191.9817856261043	57.705067992886995	57.70506832058675	57.705068302334666	170.4196433350418	0.18018123738821146	0.0
1.0660185541378269	10.178322593745833	8.963431356906057	12.32918139808939	106.40378134026486	18.28282693340418	143.09582331731258	30.374465792951497	30.374465792951497	30.374465792951497	42.768578068619036	54.61283193544992	30.614213642694978	30.614213644560266	39.3350700344275	254.25760290728215	254.2576028421026	19.683159547513924	19.68315962374848	10.890038878701688	10.140837265443565	2.4756595532258814	3.8177206816853584	5.897243073364052	51.55725119257383	57.70506824643013	57.70506810807879	237.35113416138336	241.5567292016854	255.0
