254.72511485687895	254.8740740740741	250.51076320831896	199.93279569892474	233.45070422318418	163.46153846153845	140.5185719258211	94.69298245614033	244.8	63.46666666666667	213.66358754736137	201.875	250.57811775654318	141.66666666666669	101.37737866499637	127.5	153.0	188.8109627535291	153.0	227.67857142857142	185.45454545454544	233.3917619291075	250.52538446795714	250.52538446795714	240.9776174436109	254.40725416569094	250.1964773868421	250.0993961217586	247.74342910146592	254.71626678153146
254.9947465642441	254.6863611516035	254.02307968416093	249.33333333333334	228.84615384615384	140.51857118834477	185.45454545454544	139.04461299501423	146.75503027021375	207.7298975860478	255.0	248.115	33.9528124893572	195.59659079795648	208.63636351782026	92.66557116374835	230.03415300546447	231.39127921672795	189.5368782161235	142.886502552242	223.62066673749257	229.7635032920834	244.5107219270776	241.59964775666606	234.97294642641833	240.8708996880906	251.03397993217055	252.07270408163265	250.0993961226433	249.0524781341108
251.29924976190784	191.25	230.78212291534223	252.96	231.79632520868742	139.04461302655818	106.29959120628527	106.299591441794	113.41812439335749	69.0625	210.83437003305124	246.81889367225182	179.38027206078817	240.22405784907738	173.26420118644825	73.40151886330233	184.54200908477898	161.92134371159364	187.13083946717768	226.845436642332	219.65010044507397	181.01547388781432	237.77027028633583	229.5	231.56148461009707	239.14514425813041	236.70567612373964	238.13885326982964	246.7521459572561	248.81153492143886
0.0	214.2	231.39608952371393	252.32905756193364	252.05405137124777	0.0	106.25000000000003	113.41812439695966	121.51672653480682	244.8	124.73566973566975	216.9111732518599	148.75	49.33319630010277	216.9111732518599	216.98684439241865	86.28131656263932	67.80102147745185	147.65767839029553	214.64113140705965	214.10853989399288	181.3178879827107	181.4726035120849	182.14285714285717	229.5	212.14778431323958	220.5923145318579	236.70567612505462	234.18367346938777	254.9407606531202
164.87769120028116	202.2376756543357	139.67305970066542	124.24651032328526	193.92495437876002	0.0	88.07596589631723	93.46153846153848	86.64204564494591	103.67424305022996	93.97576437242037	51.923076923076906	148.75000000000003	227.76313693097808	232.05	201.875	181.28846924833988	221.30289532293986	221.30289532293986	199.59006437634622	187.13083944597076	187.13083944872022	231.92307691258267	216.3461538363644	248.200000017	168.26530612244898	221.89147079772079	236.70567611864553	233.62584026014517	254.8186666644
230.0655807593164	101.61767443940528	245.9644877550142	50.84544733635161	31.76494150906865	143.55550407196478	178.23735127499998	86.64204546636026	73.62860575984874	68.89831297197443	121.72676204447689	42.5	34.618181818181824	204.0	34.0	85.0	141.4716332267082	181.2884691954601	181.2884691954601	184.50837940239325	154.5735847838489	182.25363355128246	229.8148148148148	215.3716216216216	246.499999983	246.499999983	202.9591836734694	251.866181156122	252.51257430269777	254.75405755833924
32.77476952091942	6.406287638158545	246.23554468924945	31.319033253838853	178.23735113097945	178.23735116789447	71.11625055960647	73.62860581800868	65.75008994292392	71.84731175625001	113.14138915514471	109.09160397576667	119.97411114946496	119.97411114946499	49.47106749791811	193.91993074185203	199.5122260686124	177.0369810446939	177.03698101904064	190.68896589474548	154.56779620199623	181.28846924833988	199.7711323039341	199.77113230408	231.0402684176107	242.17877094989973	204.0	241.42011834319527	253.45617490198137	254.75405755844307
116.34478942558093	57.19257678605419	190.35605437806072	178.23735102	178.23735110500002	178.23735111252194	178.23735113455692	61.336035747614744	64.20841346725797	65.75009007898302	30.409637072258334	113.06837617992755	42.40976645435245	119.97411114946493	204.35125690993988	93.72383930849986	74.68777075655416	189.53117852896747	171.5316569821207	154.56779619368638	122.78913342863291	196.15384615384616	239.12967014575457	138.16998792674127	247.07627117222924	247.07627118355933	239.7435897419212	253.34742111089875	253.45617490159046	254.7166666644
0.5854604401677079	44.960999582386876	247.40507510131195	58.84615384615387	58.84615384615384	50.45029914646693	61.33603516926419	61.33603546185711	61.33603552544338	178.23735101999995	120.02084303444184	113.0683761872049	98.33387814115625	42.40976645435245	166.18105674466642	42.40976645435245	106.92744235934941	170.8396380667932	208.4435826545536	213.35867432575822	118.69676663022776	169.02017291066284	151.74418604651163	239.12967016076664	246.13616776358347	247.916666663125	246.5000000085	239.43661972002013	253.81944444444446	254.27350427341347
30.278062680595127	68.38005639232338	203.30234130297802	0.0	43.47220207334277	76.86834869678364	61.33603536204771	61.33603543006407	61.336035461857165	61.33603527426891	120.02084305069454	98.33387865566448	98.33387865316135	98.33387845064874	166.18105683801738	149.38626840350867	149.38626840350867	170.17102684093598	129.2525032198251	129.25250325429133	140.96053315575247	165.70937447593494	165.70937447518622	236.44910387625	241.24099285366935	213.8882428322782	250.01734304617585	247.91666666666666	254.3034995654518	244.8
164.20755855608326	203.2422441555851	131.24308211199946	76.86834869678364	76.86834864864738	76.86834867179687	76.86834867378178	61.33603516926419	61.33603516926419	61.33603527426891	140.250000014025	98.33387758722205	98.33387823647502	98.33387854603876	98.33387867300968	171.25350619794966	171.25350619794966	39.072279012982136	174.86123146428775	129.2525031668365	129.25250321120504	226.79190993682116	230.735514616215	230.73551480521638	164.6652551925739	241.24099277657615	221.952	251.98724007561438	253.81944444444446	237.74328583326707
126.43340348258178	238.02365974940568	0.0	133.0246744475882	20.20053371559115	76.868348633663	45.71611586558862	45.71611616416766	76.86834866228082	76.86834881751298	140.250000014025	88.57481002031648	70.48580888296851	70.48580892210882	35.87743163203919	35.877431537933035	35.877431632039105	35.87743308225771	35.87743147568099	159.76517008943262	226.46415014381847	226.4641501275772	226.4641501973308	226.4641501656481	226.46415020052928	216.36363636363637	247.91666666666666	238.9189189189189	238.69527649769586	238.13885326982964
0.5854604401677079	21.50232235869504	42.40528844360006	155.65596279056598	40.46771023249016	40.46771029247199	20.200533413851048	20.200533561480455	20.200533615011125	20.20053371559115	20.2005336166215	178.5	148.75	165.37557745672922	149.17488765764668	149.17488768738963	140.46069988452035	35.87743027828867	35.8774309967242	35.87743100894937	226.46415010228276	226.46415009110115	226.4641501576637	226.4641502143179	226.46415018535419	182.34246575342468	214.54326923076923	139.7046238246907	252.96	210.79548689880068
155.80475644309405	0.0	28.53584992167049	28.53584992167049	40.46771018679232	40.46771021236955	40.46771021236955	40.46771021991819	20.2005336270025	20.200533623542213	20.39999999999995	46.793371970183046	17.607919264917996	116.04952354167108	116.04952369821868	165.3755774621701	81.64932925259748	30.907790694955253	81.14737573602014	117.98507462686564	207.45762713622523	226.46414995409583	226.4641501275772	226.46415013783013	226.46415007832948	212.5	173.4552845528455	24.2005362090446	43.58043933905395	180.27906976744185
58.66147145950404	28.240369389527643	28.535849814645786	28.53584986216987	28.535849799470725	28.53585004590417	40.46771021991819	40.467710263523884	165.44533426782385	113.14138915514471	106.39705678864911	140.9605331234972	118.36715864187346	138.95047630178135	138.95047645832886	113.37981529985746	117.31478448221782	27.76772729196145	117.98507463709066	214.9250481875426	214.92504830965908	214.5322897364761	214.53228978008184	226.46415020052928	226.46414995409583	219.35483869596774	227.2826086956522	25.615634982641097	210.79548689880068	145.71428571428572
58.66147145950404	28.24036935081861	28.535849799470725	28.53584984233632	28.5358498724228	28.5358498724228	28.535849908898825	45.547840896645226	14.238053609811487	99.19961589311782	99.92429779406538	107.92092897267884	155.1264151974076	21.11745044273067	21.11745037204966	113.37981532809462	21.117450332024276	21.117450440298654	21.117450358924003	105.82511231261034	214.53228978008184	214.5322898064886	214.53228978763048	214.53228981320768	214.53228976750984	163.2	227.2826086956522	173.45528455284554	255.0	216.72064042423617
28.24036914114933	28.24036940028509	28.24036947036771	28.53584978568213	28.53584980266922	28.5358498561815	28.535849897717213	47.978859740278665	78.62343020892664	78.62343021386468	92.7901235220096	91.45015526013194	21.11745024850444	44.39400162608223	44.394001692163386	54.00680069711879	54.0068006858601	105.82511234235332	91.36802631945159	140.25295451645172	134.45454545454544	204.92525657283974	214.53228970752798	208.39371114504215	170.0	212.5	121.97532555241179	249.6019644468108	190.36790810093515	211.7105410039355
0.0	28.24036923126951	28.240369368012608	25.668414154266202	28.535849834351865	9.198395914970405	46.3779669327634	47.97885976926602	78.62343019675302	87.38765265989238	81.95209442485177	78.62343023060617	78.62343020257543	78.6234302211002	45.547840911187535	49.36378642198815	49.363786450329826	61.40347413331821	91.36802630456	140.2529545099291	204.9252566227994	193.6639647257311	193.66396483073578	193.6639647257311	193.6639648307358	159.375	145.77907817165195	250.20308716165306	21.135987805443705	81.24235144375004
0.0	0.0	28.24036939066832	9.198395842924981	9.198395914970405	9.19839598934064	9.198395985776813	55.38007811173611	85.91198986222341	83.88413443830174	81.95209442485177	255.0	78.62343014955417	78.62343021191901	47.642587758967096	47.64258773877319	47.64258774164577	61.403474105775985	47.6425878821378	134.9791569493055	193.66396447455665	193.66396453814284	193.66396456993596	193.6639646379523	193.66396483073578	159.375	145.77907808376273	246.90808873636064	147.71310486713318	221.29466968959895
0.0	0.0	0.0	76.86834869678364	9.198395914970405	9.198395910327122	9.198395975085191	46.377966941022464	81.05735791389642	55.38007811173611	55.380078095280936	55.38007812253815	55.38007811202655	55.38007811202655	55.38007810151501	255.0	47.64258773083341	47.642587761758136	47.6425877427431	134.97915696555816	193.66396447455665	193.66396453814286	193.66396456993596	193.6639646379523	193.66396483073578	145.77907805172396	145.77907803167864	167.4159019029723	209.12129804328256	16.54746864086306
224.41615954287295	0.0	0.0	142.1696245817303	76.86834869678364	76.86834881751298	40.612258251571006	80.85071412061274	79.49007425216249	78.29030309339137	55.38007812253815	55.38007812253815	55.38007808339091	55.38007812253815	55.380078116301235	55.38007808049187	83.88413443830174	55.38007818212182	47.642587707003145	144.8941186959006	193.66396425238526	193.66396454156052	159.66104615012318	150.89668593840264	137.06879961937915	204.65808580321206	204.0	102.0	84.15028632360557	172.20162041449814
131.24308211199946	124.36046747174288	0.0	142.16962460465714	142.16962462207343	76.86834867378178	76.86834866228082	68.60441804603732	75.9563936087701	58.74097885779784	58.740978816601114	58.74097862192252	55.38007812999655	55.38007807882582	55.380078129996576	55.38007811173611	55.38007812086636	55.38007818212182	55.38007810151501	65.94456770696976	65.94456744597616	106.27993104554884	65.94456749914855	102.0	117.15479915353163	143.11542706877333	204.0	102.0	116.39915525474419	226.4556596088265
0.0	178.23735127499998	72.4872329581996	0.0	142.16962463078156	142.1696246218327	76.86834864864738	76.86834867179687	76.868348633663	115.33074771000003	58.74097857326322	58.740978644396876	114.71491767872115	45.27362145156789	55.38007812253812	55.380078129996576	55.38007811202661	55.38007810151501	65.94456733313905	65.94456736896768	65.94456736896768	65.94456736896768	101.4747022250439	101.47470221	101.4747022250439	118.02504267863137	143.11542706877333	173.96279651906087	1.2941627843969457	109.37349604017962
20.20113026226909	178.23735116789447	178.23735110500002	178.23735102	72.48723279529474	142.1696246418839	142.16962453882215	63.265365408873805	63.26536545468929	15.822598406645284	15.822598598686483	15.82259855826399	58.7409785626927	114.71491755343055	92.10399511510619	92.1039950991615	45.273621444083034	65.94456736896765	65.94456733313905	65.94456736896771	65.94456718498265	78.45475163890666	101.4747021675	101.47470222504387	118.02504270578888	118.02504272311089	85.74827458338453	218.58280673055518	174.64820661604028	0.48393684324071273
4.460301975840537	224.41615954287295	178.23735111252194	178.23735113097945	178.23735101999995	50.01546386468402	73.71153075166015	73.7115308045399	142.16962470203754	45.545063661142876	45.54506390518716	45.545063732258086	15.822598461361707	15.822598868515286	69.28292291043007	75.89254439052942	65.94456710746476	65.94456723878679	65.94456729609993	78.45475149689483	78.45475154681688	101.47470229500001	101.4747020476236	118.02504270278556	147.80618759730925	147.80618758968274	255.0	254.57804449183976	117.13496099794637	16.577505395181163
252.34959497855746	0.0	86.80475725718091	178.23735113455692	49.227924862438925	59.63462613122397	53.37423104526479	55.94011412342374	140.9605331234972	110.10129846644068	110.10129835631116	45.54506367461511	45.54506364325775	45.54506363655079	15.822598406645227	78.45475123691074	78.4547514432029	78.4547514777409	78.4547514968948	78.45475149689483	101.47470203999998	118.02504270578888	118.02504267863137	147.80618759730925	147.80618758968274	0.0	79.07602310302718	254.90018740842297	243.48935441697435	14.534627703308615
254.5110845511823	153.62198944464308	17.45729711599253	6.5078368431094304	255.0	65.25528527095534	65.25528527095531	65.25528525539639	65.25528529861043	110.10129824727318	110.10129818795889	110.10129835631116	110.10129833353346	110.10129836456315	110.10129840632075	105.04103512010465	105.0410350918774	105.04103508914338	118.02504291177755	118.02504272555842	118.02504271936763	118.02504270278556	118.02504272311089	118.02504265723985	110.95474892207613	57.70506827012892	202.41207629485368	15.5639372242822	225.45250410813253	132.5734437317694
100.5027646381665	23.739873973315355	20.548416842969345	21.50232235869504	155.65596279056598	49.210771661732224	65.25528518799013	65.25528524851933	65.25528524851936	65.2552852890623	65.25528527254025	65.25528531007546	24.775402299494658	105.0410350578745	105.04103507776372	105.04103506646146	110.69823946405023	110.6982395984661	110.69823957971309	110.69823957033657	110.69823957652082	72.58873882319392	72.58873884494156	72.58873875795103	14.214236831995947	57.70506827012892	57.705068295867875	180.4579755013266	1.6118157733097007	244.19078624604646
10.012044006870383	9.695300972311713	13.976022178919266	19.33078732987579	26.10318143315382	34.24016530082338	30.002256347868467	34.24016530082338	96.27562641868838	65.25528521623741	65.25528524851936	65.25528528017367	65.25528529861043	105.04103497610618	105.04103499533679	110.69823957404341	110.69823954840317	110.69823955777576	146.31263112939638	72.58873885263964	72.58873885263964	72.58873871675019	226.96813904043208	75.25205516395567	57.705067992886995	57.70506832058675	57.705068302334666	191.0715101830504	3.177120316362732	0.0
1.0858131357599916	9.690371335146068	9.586382304938383	13.976022178919266	0.2021804573159045	18.395906003347847	2.245069093168013	42.768578068619036	20.548416842969345	42.768578068619036	37.841467812178905	14.214236831995947	65.25528524851933	65.25528529861043	85.74827458338453	64.36948019196382	64.36948021362886	72.58873888843681	72.58873885263964	153.9851350307307	149.2714322021702	96.61289586349537	85.66302836590665	34.21428038332499	191.9817856261043	57.70506824643013	57.70506810807879	223.9929088111906	230.05228240899837	255.0
