237.89133070303453	254.21296296296296	254.99999589329332	254.92338519165227	253.79060072523043	254.10554842247595	253.66683372372822	255.0	252.45	226.66666666666666	247.08235213982448	255.0	251.67812604114314	236.86666666666667	195.48908309820825	250.142857138	247.714285707	254.5482602856593	247.714285707	252.45	251.688311685	180.34595660188575	254.99578687885378	254.99578687885378	237.05001729777928	254.9999826733137	247.65596430663695	254.99469998692064	254.99539586137365	252.0496188101577
246.75315026251874	254.999745	209.30428126381904	240.83333333333334	251.86420722802197	253.66683198809648	251.688311685	251.50100551540118	249.701493062962	243.96539957396763	194.79992003446	249.8271975	46.729865641273165	252.1022725840328	247.75568167741156	183.73571273132046	215.28688524590166	244.84727298188545	253.10463121783877	254.23482616732747	215.25306752627202	228.05989961639017	151.0724202893934	244.5755300220422	235.82019110534327	240.74675462837698	252.41812275552732	254.9745	254.99469998692453	254.99278191124193
250.44889973815117	254.90748299326665	253.98244216487072	254.745	228.73161711203332	251.5010054553604	248.68925700247988	248.68925703430477	248.23058887195396	255.0	91.12723347992068	248.85308865997322	230.04792473592482	242.79895776168698	224.9864716971112	158.96822135470174	250.0368133540676	251.55264235968866	248.56452479150815	233.02176824277717	219.69137109228092	250.39651837524178	232.60135136706765	204.0	231.4681860555692	239.0810858668451	254.80852942091173	254.98376326000434	254.99101297296951	254.99670171003032
0.0	254.79183673513333	229.42295426159714	68.87343417360216	48.30521392442492	255.0	246.651785828125	248.23058871061136	247.350961159772	130.05	253.56103356103355	119.63060777104587	255.0	254.36053442959917	119.63060777104587	194.89592361162025	175.21530685796915	149.1888057121015	204.23932538773784	215.1227523220794	215.48326334436774	230.06048246277624	249.42666000864168	247.22857142640305	204.0	254.0958905768755	254.9285013258821	254.8085294209966	254.7631564626588	210.23137480798772
135.17607664808347	3.70764276389923	254.46724125347478	87.65702481186065	3.2832125836418413	255.0	245.01658857689807	249.23076923076923	242.78814945354222	239.1102912743272	37.00759413201155	252.69230769230768	255.0	232.48055655775227	236.033057925	182.14285714285717	138.16998792674127	254.05345211581292	254.05345211581292	201.13672587403093	248.5645247892944	248.56452478969035	207.69230768290984	236.53846151621997	76.5	248.52380952380952	254.64503129029885	254.80852942092952	254.86015682647516	130.05
144.56812678456316	80.66689051725041	201.15948464736428	25.930959729573942	20.62475409224976	218.87540194827494	255.0	242.7881493266302	239.07884495924807	230.83049705379614	130.91226316724573	255.0	252.21818181818182	229.5	170.0	187.0	198.67601960823131	138.16998786581644	138.16998786581644	172.4412188604111	245.0709745231236	126.14845323138465	238.5456790123457	223.98648648648648	136.000000017	136.000000017	240.42857142857142	254.88393263541192	253.9382561601382	221.8055530238966
156.47093556783517	244.71987356311513	252.96795965488727	0.36895327975526016	255.0	255.0	240.13754549653203	239.0788446053438	229.85362077091352	233.5604791125	255.0	171.06902691745162	180.8853986882982	180.8853986882982	117.18160593579555	140.97728484376256	113.27344780788866	70.51487298594986	70.51487300294772	186.81898874269217	148.59065459841517	138.16998792674127	236.3522011914095	236.3522011907852	220.77181204349466	106.84357541750217	234.6	253.49112426035504	190.89997612795418	221.80555302486434
12.582406308126139	145.76364787636334	69.41523526279968	255.0	255.0	255.0	255.0	234.6746017583734	229.36102295689244	229.85362082632082	255.0	228.53259203886267	104.85138004246286	180.88539868829824	209.20427563694022	211.8971329873103	219.80665646012307	199.89858098612703	229.50000000761958	148.59065462571277	225.0899353633203	235.3846153846154	105.29782282861234	48.06557146918402	138.30508470620512	138.3050847457627	160.97069597530017	230.5614498086191	190.8999761218334	199.4666666712
1.1975378069390388	250.77104625692286	5.862502038361811	235.3846153846154	235.3846153846154	224.83353255077702	234.6746017583734	234.67460183357034	234.67460192396865	255.0	226.09971903177464	228.532592004885	160.7906396645394	104.85138004246286	205.08809740385036	104.85138004246284	235.91103045700052	171.31735485798887	80.8018369000595	41.65169323025458	210.48355037973923	226.3400576368876	236.86046511627907	105.29782280418414	201.59724216795442	116.875	76.5	112.87726358148893	218.97230360243057	175.3125
160.07880809155924	50.954056172287295	116.07541857784904	255.0	237.53615063891823	255.0	234.6746017583734	234.6746017883712	234.67460183357036	234.67460192396865	226.09971904885117	160.79063920682745	160.7906391390552	160.79063915689818	205.08809744382555	128.76593675028982	128.76593675028982	173.3654504265503	223.48059860431985	223.48059859678082	182.8751083203443	213.6047291631729	213.604729164964	80.21934157875	57.70843474250299	226.65116768356827	178.31425598335068	185.82682291666669	212.9465274747407	253.368
0.32865127137966965	1.1473080488415803	67.77452641403951	255.0	255.0	255.0	255.0	234.6746017583734	234.6746017583734	234.67460142161977	187.00000011219998	160.7906378428955	160.7906391390552	160.79063924168443	160.7906396525412	188.51686277862643	188.51686277862643	98.7476433327343	190.2246045669408	223.4805985800913	223.48059857625918	47.044892938347004	43.86130851761044	43.8613084857048	183.03249037384327	57.70843487272842	210.018	173.53497164461248	214.47374131944446	254.9984970655253
24.370211063214043	102.08125059024005	255.0	254.80751008590832	255.0	255.0	210.10085751516343	210.10085734659398	255.0	255.0	187.00000011219998	147.07488841555423	235.65046470958623	235.65046471039764	92.72476674875938	92.72476758112359	92.72476771557126	92.72476964919639	92.72476775288266	159.54192530833262	72.54986515096908	72.54986520623194	72.54986520448142	72.54986519433163	72.54986522960283	176.8	180.18229166666666	210.42834834834835	210.23137480798772	254.98376326000434
115.85714270921412	255.0	222.0369719422112	204.3177098185135	209.0666605193031	209.06666059163246	255.0	255.0	255.0	255.0	255.0	185.45454538500002	127.5	243.39717158296224	135.99555652441933	135.99555653558397	142.07528322747262	92.72476632147922	92.72476718032146	92.7247677375378	72.54986528105661	72.54986519454653	72.5498651432815	72.54986519454653	72.54986512790623	199.1095890410959	175.3125	110.06581692653515	167.53500000000003	28.22760429827298
1.3110317576602313	255.0	182.45013487209374	182.45013487209374	209.06666042565013	209.06666043112648	209.06666043112648	209.06666041474278	255.0	255.0	244.8	123.31856626171214	107.77568139329088	96.28837846781511	96.28837840624368	243.39717158407234	137.11876825029776	81.38672251129185	73.93899935464975	171.26865671641792	138.30508473587332	72.54986498316936	72.54986512408743	72.54986516619388	72.54986512790626	122.1875	77.39837398373984	158.02381090563907	138.00936715021936	180.27906976744185
67.82195025615178	203.68556874069378	182.45013487209377	182.4501348338061	182.4501347703972	182.45013501683064	209.06666045435287	209.06666044207907	173.37327398757546	93.93366886594421	106.41216348909967	174.36191973458108	118.62398529934111	158.71162159375632	158.7116215321849	153.15721563942662	119.24458886422875	73.81574275471402	171.26865670363668	31.08471093688371	31.084710809659043	45.93333955792093	45.933339585257215	72.5498652296028	72.54986498316936	115.16129032258067	110.86956521739128	204.57128630964158	28.22760429827298	145.71428571428572
67.82195025615178	203.68556874050307	182.4501347703972	182.45013485671853	182.4501348759125	182.45013479376806	182.45013480545347	184.93754263449802	237.21731062371714	99.44566955495904	100.02587572467701	129.63607832021114	160.7662888952217	59.41589218270454	59.41589196630599	153.1572156233816	59.41589197652843	59.41589197652854	59.415891727390346	119.00444346441603	45.93333954564713	45.93333957205385	45.93333956887352	45.933339574349844	45.9333394806969	147.89999999999998	110.86956521739128	77.39837398373982	0.0	218.25273561029562
203.68556895391401	203.6855687211468	203.6855687532368	182.45013480545344	182.45013479551855	182.45013484903092	182.4501347189434	212.78151429780607	162.10401936126215	162.10401935862262	95.32912426597491	96.12931267363032	59.415891592403796	151.20877158701384	151.20877156278453	175.2111751324984	175.21117518917418	119.00444347558073	142.74091078864356	51.028941908953215	153.0	25.401376072449068	45.933339408367544	24.67325403941564	124.66666666666669	116.87499999999997	0.19248991409165228	136.65572022903632	56.765807096320145	197.02858424501926
255.0	203.68556872776935	203.68556877978776	213.41903066140077	182.45013480566837	226.27634360931398	164.87998147447627	212.78151424421117	162.10401937245064	90.51616143329676	98.59958013869803	162.10401934195153	162.10401936771402	162.10401935007366	184.93754263724685	149.4126715698836	149.41267153732798	110.58720389362185	142.740910652036	51.02894189328879	25.401375912875523	20.325398076031348	20.325398241626573	20.32539857838023	20.325398241626573	116.87499999999997	255.0	0.0	253.6854901951984	81.24235144375004
255.0	255.0	203.68556870256197	226.2763435669512	226.2763435664064	226.27634357251563	226.27634358364446	151.07562589491553	85.12611353402784	93.41781133187663	98.59958013869803	105.8274397143222	162.10401934195153	162.1040193591265	132.7555203859543	132.7555204045795	132.75552039295076	110.5872039352437	132.75552049451107	28.900280951148858	20.32539832720576	20.325398166429636	20.325398211628823	20.325398241626573	20.325398241626573	116.875	255.0	223.08332083964967	252.4037121314476	12.773044689726078
255.0	255.0	255.0	61.54312464535451	226.2763435449526	226.27634349509077	226.2763433206358	164.87998143588848	82.29958108099169	151.07562589491553	151.07562592838934	151.0756259499986	151.07562592132325	151.07562592132325	151.07562594104894	98.59958013869803	132.75552040510203	132.75552042333322	132.75552040431825	28.90028096822536	20.325398076031377	20.325398166429665	20.325398086041645	20.325398048843056	20.325398241626573	255.0	255.0	77.342985569907	100.22348116696031	241.00040806532363
208.37615823282135	255.0	255.0	153.42420806433068	61.54312464535451	61.543124840907666	118.46248729205203	78.25087237520765	79.65309733905343	81.39960886211034	151.0756259499986	151.0756259499986	151.07562593227613	151.0756259499986	151.07562592838931	151.07562583529733	93.41781133187663	151.07562596265632	132.75552040694376	82.49723663015953	20.325398241626573	20.325398241626573	66.16443412724391	67.32508160891499	93.8550442615219	14.533497093160292	76.5	102.0	165.7294976783134	43.117904841790676
91.34709127272149	234.11525312908103	255.0	153.42420815221234	153.42420812853015	61.54312470324399	61.543124732188744	70.62825048220097	78.63352491146208	109.12317416446515	109.12317415918105	109.12317412182847	151.07562590268913	151.07562591982258	151.07562594472967	151.07562593695607	151.07562591982258	151.07562596265632	151.0756259894499	111.98172627136361	111.98172603742839	124.04401742208569	111.98172607192404	89.74111219727618	80.21934160463633	56.22277215189496	76.49999999999997	102.0	127.21778833213051	20.20113026226909
250.24171802047954	39.49999979999998	254.3052869317013	255.0	153.42420811668904	153.42420810043296	61.54312466606723	61.543124691208334	61.54312470377886	121.83059316	109.12317391169836	109.12317385430018	67.13053985827099	145.85751290154843	151.0756259499986	151.07562594472967	151.07562592132325	151.07562594104894	111.9817260154893	111.98172598513682	111.98172598513676	111.98172600683361	64.21205308524074	64.212053115	64.2120531406133	42.969332303499726	56.22277215189496	104.81700247403478	10.52581562044574	178.2293935615803
240.59879354807882	39.499999803047444	39.49999980000001	39.49999980000001	254.3052868439334	153.42420811848407	153.42420808116566	31.4903250583032	31.490325083536163	45.420045257316275	45.420045379589595	45.42004547465905	109.12317385226683	67.1305398107329	109.03944970763021	109.0394497467289	145.8575129215402	111.98172594174318	111.98172591557184	111.98172594174324	111.98172580349319	94.23069743062734	64.212053115	64.21205312215577	42.96933224442253	42.969332256399696	112.45529623877391	217.05634508329723	23.429914016834914	0.0
217.5333087927532	208.37615823282135	39.49999980304747	39.499999803047444	39.49999979999998	56.13965091014009	116.8300120732587	116.83001213418356	153.42420790073965	86.89301794940371	86.89301819139763	86.89301801846855	45.42004542246886	45.42004532834875	69.4017551311706	76.38347149451107	111.98172567185867	111.98172581156234	111.98172588755213	94.23069743261419	94.23069761933758	64.212053115	64.21205300238256	42.96933224899985	38.00014776573238	38.00014769859769	6.2759917347307805	253.2401427724708	106.38852042761542	21.418299471542696
8.912784419066185	240.59879354807882	26.36208725726206	39.49999982020208	49.74449334474875	43.213938755830185	53.64150063531457	50.64302909204616	41.65169310899307	37.51110606853916	37.51110600078718	86.89301796082555	86.89301801541774	86.8930180401731	45.42004525731619	94.23069730262213	94.23069737532359	94.2306974566616	94.23069743261416	94.23069743261419	64.21205286	40.385823445358454	40.385823402807716	38.00014776573238	38.00014769859769	0.0	79.07602310302718	72.81964681676058	13.871406242188442	229.4663559903819
72.27128975118237	14.293202970131546	178.18647280129733	48.68326851398106	181.2440328297536	177.5912882870669	177.59128832423286	177.5912883032163	177.5912882611832	37.5111058573207	37.5111057900574	37.51110600078718	37.51110596205683	37.51110604346772	37.511106048056575	48.88579206696579	48.885792028168225	48.88579200745659	40.38582353045993	40.38582346169986	40.38582346663384	40.38582344322032	40.38582340626118	40.38582340626118	204.3177098185135	57.70506827012892	207.67281831960364	6.602773631655566	252.04793786156307	242.6795953001012
24.669462977739045	48.39647175130224	0.0	4.496901491118507	3.603123976254068	3.8337487356054396	177.59128836471808	177.59128830311397	177.59128830311397	177.5912883255963	177.59128834519555	177.59128833020733	20.502244851373945	48.88579200745659	48.88579200876944	48.885791990606975	33.799000829547396	33.799000890458785	33.79900090921183	33.79900091858835	33.799000863887585	45.933339574349844	45.93333956887352	45.933339408367516	149.46075717923594	57.70506827012892	57.705068295867875	69.66732987893008	153.10571354737112	0.0
10.145180153763192	9.679601832831281	12.39497165342641	18.962938508112416	25.606489339116933	0.0	29.77371561102791	35.642129522906544	129.19444777909052	177.59128831387466	177.59128830311397	177.5912883279936	177.59128833551512	48.88579177896881	48.88579200745653	33.799000883001895	33.79900092007324	33.799000901344726	7.272224825588893	45.93333954564716	45.93333957205385	45.93333948069687	0.0	107.61725697287685	57.705067992886995	57.70506832058675	57.705068302334666	2.559431282333776	109.2603232298606	0.0
1.0868043369676172	10.034452028115055	10.31037379284325	11.269621475881195	0.11412874305179344	19.39190893028652	1.5337403345773737	34.24016530082338	35.642129522906544	32.57536585338528	34.24016530082338	3.5893330247928077	177.59128830311397	177.59128833551512	0.0	0.07804860104025124	0.07804871599321928	45.93333955792093	45.933339585257244	6.845371113934505	6.367556153257908	0.9724626355313717	22.546137393578363	0.21518073622831935	82.91372115739233	57.70506824643013	57.70506810807879	5.292270522747543	0.515059203028045	0.0
