254.93086623832474	254.92916666666667	208.63624761826952	251.0316910282258	244.99496981790693	239.44561298076923	230.11043739699454	162.5438596491228	232.05	91.79999999999998	68.95251396386786	201.875	237.53195905073605	199.46666666666667	168.38593182430492	170.0	198.333333339	110.6244700546849	198.333333339	173.03571428571428	208.63636363636363	77.28837210004212	160.22415456702333	160.22415456702333	248.3949793558293	197.2201297996251	253.68576131129947	221.38673930826815	243.6279005779305	254.46052505634069
254.996703429006	246.53175109329447	254.25950312558822	250.75	245.19230769230768	230.11043769825358	208.63636363636363	225.18426728699822	218.81492073075668	65.50993963744537	162.83806612097266	227.897652675	81.46961206860323	195.59659079795648	217.32954533106275	156.64281170441757	230.03415300546447	229.08787328524022	123.92795883361921	112.07909144056188	240.3510978317188	227.512427249379	246.40172772979292	227.3991478709522	230.29707065105845	240.99069295848778	240.8956877740742	228.65433673469389	221.38673931433425	237.66028610527925
254.3338865383819	226.66666666666666	243.60335196619457	248.115	226.21922258834715	225.18426722286395	202.40510949252965	202.40510872899827	207.410031578435	127.5	35.90092075677029	222.85230760511607	48.389534107655265	217.63278825716625	46.11725524233262	131.38452055444043	110.89204397643735	99.24211388775095	125.51458747097905	198.32728472376414	219.8567582275699	156.3539651837524	237.77027028633583	237.9999999915	231.51005918323335	239.1133119884846	188.95390411813008	187.55516328331862	203.03767185814982	244.58465913778116
0.0	242.40740740866667	231.39608952371393	210.83957316825675	206.39053889841725	0.0	199.21875	207.41003146014927	206.81890473186903	232.05	179.87080487080488	184.53860494018954	148.75	91.87338129496402	184.53860494018954	222.07964153432926	141.62947795183803	122.5458379553761	182.87132526142102	214.78691013080697	215.0731787945916	184.9925434791483	167.45917428833536	150.9183673469388	237.9999999915	201.30544652148143	159.41697838821318	188.95390412278417	212.5177009579342	253.97177419354838
10.23745440178834	0.20370984284198812	210.82748560742087	73.79708906683393	158.7113216337777	0.0	189.00880817544754	144.23076923076923	183.28124998750354	184.53285984127544	199.02163034092206	86.53846153846155	148.75000000000003	187.57380847183936	197.783933595	201.875	200.67713795230458	99.57683741648106	99.57683741648103	200.15734906210784	125.51458742857673	125.51458743511722	236.53846151621997	207.69230768290984	244.8	133.57142857142856	153.12760245452552	188.95390409964617	224.75732332801192	254.592
24.991302330787164	249.60353547484564	189.61547417668027	143.40790493197727	246.99347038455699	47.689415432060144	133.33408022999998	183.2812500249929	169.1284382289393	154.53356169508476	154.69043497583905	84.99999999999997	66.76363636363638	178.5	51.00000000000003	136.0	34.305492145808785	200.6771378704278	200.6771378704278	213.9293462854346	141.76771551115465	209.10215291902688	179.44444444444446	215.3716216216216	239.7	239.7	176.9387755102041	240.49157942649066	232.61316872427983	253.15911650048386
215.57533927183593	183.90966721249464	16.08334748116536	126.91899350810232	133.33408004696048	133.33408012079056	170.6393963724903	169.12843804003825	151.2711863121158	159.375	113.14138915514471	22.71170303193074	26.318605453917826	26.318605453917826	93.61757781728971	135.17241215277534	194.29811716363915	209.41993711782482	209.41993710420854	187.99302971492776	183.2122667861395	200.67713795230458	107.73271896217625	107.73271896256526	205.3691274823206	227.93296088710989	187.000000017	217.27810650887574	246.90379565528767	253.15911650128095
160.62796892040296	241.68687062493538	89.01366479870543	133.334079975	133.33408006000002	133.33408006541805	133.33408006795173	153.99617454466497	149.64208762571224	151.27118625973856	63.47815097158076	147.1053489926254	82.4734607218684	26.318605453917826	171.06860013809165	134.7918472149299	107.7756813816674	151.1194312006296	110.42858907578037	183.21226669584524	109.82480329306597	156.92307692307693	202.4776633328296	181.28846924833988	224.74576269296466	224.74576271186442	215.7692307708115	201.76610073921793	246.90379565548855	254.082
223.99251649302025	237.82812840340176	1.2123738568809301	98.07692307692307	98.07692307692307	134.81610154994837	153.99617454466497	153.99617421562957	153.9961741650676	133.33408022999998	154.5698414820405	147.10534890549735	19.4000747198628	82.47346072186838	161.03124317619387	82.47346072186838	59.051562048804215	171.37602761563687	192.53801148863732	204.0000000456158	92.08647592503067	110.23054755043228	47.09302325581393	202.47766337315034	165.26285550217344	223.125	242.25	222.3340040224346	192.744140625	248.87019230769232
191.42026026664996	64.49303952750913	0.6336372242792265	0.0	141.04659371635614	76.86834869678364	153.99617415909796	153.99617411532333	153.99617421562957	153.9961739138932	154.56984147717077	19.400074737183047	19.4000746564609	19.400075034864045	161.03124308134522	207.186624903076	207.186624903076	170.38265946140973	76.78453539949223	76.78453543920378	123.31856622067423	79.4977360389066	79.49773601819132	191.25	187.60705019808623	93.41887420385214	165.81338886056193	155.390625	202.25522994990098	236.8666666644
235.87110666045402	203.3177563184775	5.079067937768031	76.86834869678364	76.86834864864738	76.86834867179687	76.86834867378178	153.99617338796392	153.99617396631444	153.99617391389313	112.20000001122	19.40007464539977	19.400075073147235	19.400075190908723	19.400075369258104	102.07639758352443	102.07639758352443	77.04956009531065	116.19558124622586	76.78453532936317	76.78453539903208	159.88082948238014	162.2001289686291	162.20012903167313	23.427009235896463	187.60705005464285	115.362	179.68100189035917	192.744140625	173.16007543286642
245.9743988003711	125.60190561226747	0.0	85.75334679873984	44.09269388436874	76.868348633663	117.44351528111883	117.44351528737204	76.86834866228082	76.86834881751298	112.20000001122	17.476554786263904	92.48219957004497	92.48219960759644	71.75693997775403	71.75694022925003	71.75694046116044	71.75693997775403	71.75694136439901	159.79532316851743	172.2495924521868	172.24959245616546	172.24959250569913	172.24959248160113	172.24959242950865	92.72727272727272	155.390625	124.56456456456456	124.44796466973887	187.55516328331862
223.99251649302025	21.50232235869504	73.70757177570857	110.95474892207613	109.8225224080592	109.82252248409787	44.092693582628556	44.09269377190549	44.09269378378869	44.09269388436874	44.09269394581247	134.210526195	148.75	56.99405498628522	149.17488765764668	149.17488768738963	141.44076517645837	71.75693896960567	71.75694040648185	71.75694018179951	172.2495925404299	172.24959246949385	172.24959245844732	172.24959246949385	172.24959247096842	68.0211706102117	91.94711538461536	210.83957529539123	248.115	145.884990057276
254.9315375564199	0.0	82.75040752903163	82.75040752903163	109.82252235361213	109.82252231011688	109.82252231011688	109.8225222947207	44.09269370638347	44.09269378619311	40.79999999999998	80.80183696608975	26.921066422896786	182.0888288981689	182.0888287713107	56.99405496235195	15.977764317728258	62.49488717188649	126.27441958627713	49.47761194029849	103.72881356811263	172.24959242950862	172.24959245616543	172.24959248833378	172.2495924709684	95.625	134.7560975609756	120.29371543249414	255.0	180.27906976744185
91.41100953616265	51.314431259306275	82.7504075290316	82.75040751166625	82.7504075704914	82.75040757049135	109.8225222947207	109.82252222312638	116.76252749820009	113.14138915514471	106.03477362043034	115.33074784287777	121.09790528173156	72.91117122868928	72.91117110183106	101.84278436057338	125.56449849852297	56.460811967053985	49.477611955636036	132.4038462457933	132.40384617613634	145.17747777687362	145.1774777052793	172.2495924295086	172.2495924295086	104.19354837338713	116.41304347826085	254.00392453285798	145.884990057276	145.71428571428572
91.41100953616265	51.314431259496956	82.7504075704914	82.75040754155268	82.75040754383454	82.75040754383454	82.75040753050615	22.314491085299437	29.013957021926387	99.19090934238753	98.95395209221795	116.07473803045258	120.34652288950218	44.46734648192481	44.46734643707862	101.84278437661837	44.46734653268058	44.46734642440629	44.467345939677784	105.82511231261034	145.1774777052793	145.1774777052793	145.17747768988312	145.17747764638784	145.17747759194083	66.30000000000001	116.41304347826085	134.7560975609756	255.0	100.07190445683133
51.314431046086014	51.31443127885325	51.31443124676326	82.75040753050615	82.7504074943009	82.75040754781321	82.75040745957014	20.24758340984505	39.95179365857123	39.951793663870546	92.53058139128856	82.81933418713828	44.46734633290953	30.54272543025934	30.542725416370814	41.45088246387317	41.45088251102621	105.82511234235332	35.57904877495287	94.91144765417118	41.72727272727275	116.67647699022464	145.1774775159021	118.85796622822335	56.66666666666666	95.625	169.24665320126016	60.3288145873141	52.09430547174799	171.97128844480272
0.0	51.31443127223068	51.31443122021224	96.54922481736412	82.75040751839887	19.105034560678575	22.707985983094318	20.247583445324523	39.95179362612828	89.43679454112913	105.8274397143222	39.95179365611807	39.95179366246748	39.95179369101416	22.31449117658653	42.45296308723303	42.45296305769324	45.73746935413354	35.57904878665116	94.91144758365994	116.67647667894181	101.00382608610681	101.00382603368553	101.00382608610684	101.00382661203611	53.125	94.99424144864417	77.58719960252859	184.22419372569505	81.24235144375004
0.0	0.0	51.31443125525237	19.105034382785874	19.105034474863373	19.105034477883237	19.10503466807782	28.396188233192532	86.13776929614093	122.35959306696776	105.8274397143222	90.88935871319453	39.95179365611807	39.95179366035097	34.0782362078331	34.078236186819794	34.07823619128814	45.73746936367428	34.078236333332825	100.43015852282926	101.00382583493243	101.00382578437043	101.0038258846767	101.00382584090204	101.00382603368556	53.125	94.99424143016324	254.6573954410428	19.221258070333988	178.4293315236146
0.0	0.0	0.0	76.86834869678364	19.1050344319558	19.105034551034436	19.1050346458714	22.707985947839205	81.29564137872003	28.396188233192504	28.396188214513046	28.396188221732388	28.396188216342523	28.396188216342523	28.396188210952744	90.88935871319453	34.07823617753138	34.07823621047905	34.07823621047905	100.43015851795951	101.00382583493243	101.00382578437043	101.0038257590895	101.00382584090204	101.00382545533503	94.99424142021834	94.99424141781807	241.84384400681498	254.442878218278	249.05323531657453
1.3052392164147761	0.0	0.0	88.23387939061729	76.86834869678364	76.86834881751298	80.84247868682462	79.17053638236189	80.69126388699479	78.70967732840035	28.396188124930433	28.396188124930433	28.396188198174315	28.396188124930433	28.396188214513018	28.396188296975026	122.35959306696776	28.396188289231077	34.078236158198166	58.59696396621274	101.003825455335	101.00382574451032	58.89889044567076	53.40479914863769	39.37139434026247	91.01074988998496	178.5	102.0	145.05684142183486	118.14346900770477
5.079067937768031	34.63877335274745	0.0	88.23387926919764	88.23387921621682	76.86834867378178	76.86834866228082	69.69383120861477	76.44242193606078	10.35888192783085	10.3588821932575	10.358882189711636	28.396188214528536	28.39618819583353	28.39618824255558	28.396188233192532	28.396188237874043	28.396188289231077	28.396188210952744	23.734773958744057	23.734773972694114	29.773877192028664	23.734774141755793	35.640705658338675	33.651332828012954	104.92025557819915	178.5	102.0	168.45087736786306	250.24171802047954
163.41933966788224	133.33408022999998	41.32483385355985	0.0	88.23387924876829	88.23387926862438	76.86834864864738	76.86834867179687	76.868348633663	79.49696349000001	10.358881934362586	10.358881932729474	63.14594854571155	20.348287968866885	28.39618822173236	28.39618815847453	28.39618821634255	28.396188210952744	23.734773968044152	23.734774011574927	23.73477401157487	23.734774011574927	24.712053282193295	24.712053314999963	24.712053337565862	30.959623473118512	104.92025557819915	189.4907268368935	74.31468407088366	11.621757140051471
250.24171802047954	133.33408012079056	133.33408006000002	133.334079975	41.324833893871016	88.23387920762795	88.23387922833888	9.257265931079814	9.257265950639862	33.709624989835646	33.709625020493064	33.70962508290543	10.358881994408904	63.145948428380166	48.39503262658525	48.39503262589875	20.348287971889505	23.734774011574927	23.734773968044152	23.73477394648455	23.734773986644285	19.700280982126145	24.71205331499999	24.71205331910835	30.959623416422374	30.959623405088962	85.74827458338453	2.984685449917947	238.85012502893176	6.754764977662006
21.981054439851164	1.3052392164147761	133.33408006541805	133.33408004696048	133.33408022999998	55.88521107356087	54.32286204769542	54.3228621295722	88.23387929653649	7.891923397530832	7.891923618279691	7.891923531815138	33.70962509825705	33.709625054383196	68.97172155258858	68.89383984820898	23.734773958744057	23.734773881394062	23.734773972694114	19.70028109979299	19.700281258319848	24.71205331499999	24.712053182180483	30.959623399757334	40.61237519461852	40.61237517936547	11.733563153477633	239.66384435224788	66.8731795134631	230.3164810359156
164.21038445920058	163.41933966788224	118.22099791638345	133.33408006795173	50.11591743760036	72.4339707631269	51.83991955502262	37.154336168118476	115.33074784287777	75.48717209247161	75.48717203756951	7.89192350299362	7.891923444499895	7.891923518439853	33.70962484928094	19.70028109979299	19.700281120222996	19.700281166255337	19.700281143123675	19.70028109979299	24.712053570000023	30.959623416422374	30.959623473118512	40.61237519461852	40.61237517936547	0.0	79.07602310302718	62.85121932225513	24.749310676084406	16.655630069752306
4.378145150170582	224.2276856868686	15.306379599817006	0.31953065748214726	255.0	15.975504637102574	15.975504637102489	15.975504636326349	15.975504634774126	75.48717199274333	75.48717209247161	75.4871721585126	75.48717215781954	75.48717218318163	75.48717219049337	32.65654693227975	32.65654684242779	32.65654684138815	30.95962360637742	30.95962343002705	30.959623388074306	30.959623399757334	30.959623405088962	30.959623339217927	40.333365616098604	57.70506827012892	2.8430487379445992	211.06959393996615	139.44347706431915	17.605680571501267
226.95814635747627	205.00112217043338	20.548416842969345	21.50232235869504	110.95474892207613	41.202892189814094	15.97550464408775	15.97550463433629	15.97550463433629	15.975504604076747	15.975504664595803	15.975504684768765	61.07732005503604	32.65654687265703	32.65654679750182	32.65654683363479	29.55101353557569	29.551013440931	29.551013440931	29.551013440931	29.55101343605847	17.677477691990674	17.67747768988309	17.677477880724638	31.451129933216095	57.70506827012892	57.705068295867875	52.012786479528955	194.82725843101724	244.19078624604646
10.095322370964567	10.04792453629662	12.203301727616406	18.82194641982636	28.62556558094232	32.57536585338528	29.79074196042248	32.57536585338528	26.81615525181647	15.975504580533084	15.97550463433629	15.975504661103685	15.97550470910602	32.65654664428277	32.656546810119266	29.55101343441129	29.551013428552466	29.551013431054457	50.52963889311229	17.677477665669244	17.677477692075968	17.67747759194077	183.00383548753203	75.25205516395567	57.705067992886995	57.70506832058675	57.705068302334666	0.014124506593674369	132.5762465982881	0.0
1.0910824416544642	7.97334000451653	10.384545770118763	12.203301727616406	3.1301304395928184	255.0	13.90499010203871	50.852469013865004	20.548416842969345	50.852469013865004	37.841467812178905	31.451129933216095	15.97550463433629	15.975504634774182	85.74827458338453	103.6189172592594	103.61891728278314	17.67747768566798	17.677477705279358	56.19929737101498	52.97999711158431	16.830239016551758	0.4359830659515751	8.77919534407198	224.90522689180452	57.70506824643013	57.70506810807879	216.21806135340773	114.79482397273142	0.0
