254.84975792909202	254.0039062437037	254.99524043101528	254.51824229250673	254.1341800803958	251.41789362980768	249.24851886479718	249.78070175438597	252.45	244.8	184.85621630267624	255.0	253.38886644793033	226.66666666666666	213.60310658293292	243.666666661	247.444444452	248.42945496185527	247.444444452	246.25714285714287	252.42424242681818	221.31240136161762	210.6437339323125	210.6437339323125	247.78138912930086	236.50038010998733	253.3937233331583	254.55936318456253	254.89741230036404	254.44663611207372
254.61823059908346	254.98972268221576	245.321914789838	239.0625	251.03021978021977	249.24851585227745	252.42424242681818	245.3142146359133	240.60905991604994	178.4426703340083	246.55172787829954	252.49088925	176.19832353082163	234.71590895754778	243.4090907707903	202.56938660919508	170.46448087431693	247.30502839777637	248.147512864494	243.87056202945914	238.43547714033687	228.06152775722643	210.70794482934832	229.56742479646724	234.59779907414017	240.96432873164406	243.3555801627126	254.70024489795918	254.559363184624	254.24374211139968
246.28913117603096	254.4962962968	250.01396649162075	254.745	227.54798063576987	245.31421477323192	236.19623350981055	236.19623309025445	237.34944031365137	239.0625	241.50197387339588	252.01823324900502	147.30363526927192	247.476331087288	141.63537885922563	179.8184397275213	233.1999457823989	235.882834903728	224.92214069151285	203.88694063377096	219.6086540078326	231.32495164410057	249.83108108073182	178.5	231.62507572411943	239.73774277089817	251.32935442143912	254.80823993738446	254.24531155594443	254.80228139895675
0.0	254.77613168746666	205.50063994642045	219.17470698502152	174.38344468098467	239.24710424710423	232.421875	237.34944025293674	235.80989609326485	48.44999999999999	250.75883575883574	124.11294081093678	255.0	245.18787255909558	124.11294081093678	191.25	178.6398184185656	169.72807641010073	206.41807057114985	211.72623908534757	214.68252612769547	196.4343225538826	231.95758802720638	218.36326530612246	178.5	250.0757596023588	253.43735250738078	251.32935442173152	249.7362732194919	246.65994623655914
143.256163724585	204.1222833572864	146.0213118184659	18.36638238986143	216.21395675624214	218.07692307692307	228.0564302775286	241.15384615384616	224.93607969370788	219.97831933801015	246.8932305177717	231.92307692307693	255.0	241.08975279759645	243.290816415	133.57142857142856	107.57693860302297	148.70267260579067	148.70267260579064	200.7815336669684	224.9221406833058	224.92214068373008	236.53846151621997	207.69230768290984	178.5	227.24489795918367	248.0330922638615	251.32935442044558	252.84850628726895	232.05
243.5538693233824	26.091050748971355	242.03672055968246	254.6408268569043	120.46819959647479	218.57448988495108	255.0	224.93607957612764	216.87942960178708	202.66368920566524	178.6640439688088	212.5	229.03636363636363	229.5	204.0	170.0	112.17064065848058	107.57693863578461	107.57693863578461	210.03496650147233	225.1473862215077	109.50726725503424	182.46666666666667	155.06756756756755	140.25	140.25	188.3877551020408	254.0714610832954	234.3682962962963	246.5947545449776
180.56180101845456	238.9707438857982	254.83255890614623	95.43390666651322	255.0	255.0	218.7507985611613	216.87942938081096	200.66585985802112	206.05485661875002	255.0	82.51642069067606	92.2471522264411	92.24715222644116	136.70317120929076	102.89602975690423	149.78124603765247	191.73790449905863	191.73790452282577	188.55215645795823	133.46677418920927	107.57693860302297	215.7941426944282	215.7941426938582	215.63758385643666	199.44134078289886	236.8666666644	248.96449704142012	230.34614466459774	246.59475454522266
123.06532592181605	2.5113447642761173	45.147932846565055	255.0	255.0	255.0	255.0	207.6405299925303	199.66118713948967	200.66585941587596	190.8199153710995	181.14232180532323	123.98089171974524	92.24715222644113	219.36714723820955	211.106188718685	201.24127976949995	157.7539203940982	207.7831749015381	133.46677415991547	185.24931905321796	215.76923076923077	158.0893638989645	21.339975959825807	190.1694915034473	190.16949152542372	174.6703296716093	221.47661153445694	230.3461446622436	203.3625
1.3567993636209223	241.84082239338508	209.64193279360336	215.76923076923077	215.76923076923077	190.45276222397655	207.64052941417978	207.64052980472724	207.64052990400174	255.0	232.7554135256756	181.14232173685815	73.12026431102441	123.98089171974522	214.6979989731637	123.98089171974524	195.46163438682333	171.68990246719397	83.94079968303217	115.33074784962139	158.3440775329534	210.17291066282422	189.4186046511628	158.08936392293003	189.0706693431536	180.625	25.5	92.35412474849096	204.38368055555557	229.25480769230768
183.92637351788036	248.27488108748608	186.6748182442163	176.53846153846155	207.6742852045366	255.0	207.6405297997468	207.64052975509003	207.64052980472724	207.64052990400177	232.75541355804108	73.12026533710775	73.12026490543082	73.12026497430764	214.69799899754656	190.83713689842295	190.83713689842295	164.34321401456378	175.102036021638	175.10203603825397	187.0000000072125	184.7392252222036	184.7392252237526	138.43777078124998	115.66465565285054	202.18564351701318	169.0270551508845	168.22916666666666	205.08022557148132	253.71051851838
28.840372269550954	74.69879358806352	28.619742957029302	255.0	255.0	255.0	255.0	207.64052941417978	207.64052970335504	207.64052940165283	210.3750000210375	73.120263784738	73.12026490543082	73.12026510356642	73.12026523245504	125.72160621424226	125.72160621424226	117.58898190596767	119.00000000975419	175.1020359779091	175.1020359923569	94.71560864145593	92.2151690095782	92.21516894644583	226.226365198017	115.66465553128316	201.042	173.53497164461248	204.38368055555557	254.82072322487207
84.7620116053289	37.62321710560852	176.53846153846155	213.50084751428778	164.1671677880119	255.0	170.4976805229723	170.4976804573553	255.0	255.0	210.3750000210375	65.74405120295424	249.28421572648088	249.2842157634916	111.21948857132469	111.21948875164264	111.21948857132375	111.21948857132404	111.21948836971254	159.73160639371224	120.92343259260915	120.92343258817806	120.92343264612148	120.92343262920409	120.9234326271318	152.07272727272726	168.22916666666666	188.34162162162164	188.16532258064518	254.80823993738446
1.3567993636209223	255.0	194.24785373032108	204.3177098185135	164.73378353286859	164.7337833613243	164.16716718453165	164.16716729272787	164.16716728511167	164.1671673354017	164.16716740492876	200.35714293	84.99999999999997	92.09279719224358	200.88192705002126	200.88192700826968	142.74553136771894	111.21948686217607	111.21948902634261	111.21948888758448	120.92343248834464	120.92343256870123	120.92343259168908	120.92343256870123	120.92343258984891	168.43337484433374	150.79326923076923	146.05113847320024	69.10499999999999	0.4288474705583951
89.40622441289807	147.6310923283741	134.07656741015109	134.07656741015109	164.7337834848154	164.73378346517535	164.73378346517535	164.73378344208106	164.16716722720582	164.16716728644678	193.8	107.77568139329088	140.9605332114484	161.49605806709263	161.49605830515014	92.09279728884806	60.415554895385014	98.39200118423338	58.37970883969669	137.0149253731343	125.33898303985924	120.92343213426486	120.92343258817809	120.92343256447288	120.92343258984891	106.25	80.85365853658536	229.40848252604576	3.907383294708893	180.27906976744185
67.82195025615178	167.27740032441693	134.07656741015109	134.07656743552712	134.07656737286823	134.07656786573517	164.73378348169115	164.73378342589518	190.55852532455413	59.264070933906396	106.43173836771231	174.36191973458108	116.1430478712937	93.50394169484983	93.50394193290737	101.84278436057338	118.3169455839379	89.59208238265467	137.01492536290937	68.71753238709232	68.7175324261363	90.26621657410479	90.26621655791894	120.92343262713177	120.92343262713177	106.93548387096774	110.86956521739128	137.07222625373163	0.4288474705583951	145.71428571428572
67.82195025615178	167.27740033679703	134.07656737286823	134.07656740831095	134.07656741182188	134.07656741182194	134.07656743129877	115.8128908238159	167.44715694248214	99.87152064478235	99.62179206601192	120.83974417564701	173.2840898615679	73.58438373131295	73.58438390677424	101.84278437661837	73.58438384147797	73.58438384147809	73.58438361038793	54.118072991730315	90.26621651830885	90.2662165447156	90.26621653482465	90.26621651518462	90.26621646713141	137.7	110.86956521739128	80.85365853658536	74.55015093557105	239.66138665189186
167.277400676434	167.27740033956917	167.27740029528698	134.07656743129877	134.07656735387854	134.07656740739088	134.07656751165536	129.3287533373813	118.73201896746806	118.73201896008001	85.80815489220058	92.64009073565231	73.58438340356048	91.30015710973751	91.30015713803647	103.73754524555937	103.73754524023221	54.11807294997871	108.70269286087407	59.012578400628286	120.54545454545456	57.63288509834794	90.26621663867573	57.325583496980045	101.99999999999997	106.25	41.499152485712216	46.73725077379706	172.92700801773654	0.1922176984604107
115.96296904753169	167.27740037830705	167.27740029411245	166.49857664070768	134.07656737079589	137.0525172159779	122.80404389337679	129.32875332766534	118.73201894046255	89.73097049732576	98.59958013869803	118.73201891838073	118.73201897777628	118.73201899447358	115.81289087481935	95.07717823259628	95.07717820758737	51.8655112460161	108.70269286509009	59.01257834941174	57.63288506824267	47.35947009599826	47.35947029664496	47.359470598347144	47.35947058582025	95.625	186.0892707540482	254.7097509063939	152.6844904892401	81.24235144375004
115.96296906071595	115.96296906511068	167.27740032296032	137.05251726549173	137.0525172159779	137.05251723894162	137.05251718584134	89.13704351852346	85.28484380872641	88.91492119126411	98.59958013869803	93.41781133187663	118.73201891838073	118.73201895797777	73.78628590408522	73.78628588229114	73.78628589986212	51.865511188374256	73.78628597898336	22.244586441958916	47.35947034717273	47.359470195272735	47.35947024491	47.35947020025324	47.35947000746975	95.625	186.08927066430186	200.3212786951892	250.92784710171352	29.93654701159801
115.9629691060764	115.96296901402161	115.96296904852375	36.55815588547094	137.0525172159779	137.05251727551723	137.05251702654056	122.80404385875278	81.4300364472411	89.13704351852346	89.13704354689153	89.13704356606019	89.13704354914125	89.13704354914125	89.1370435322224	93.41781133187663	73.78628590230403	73.78628589129974	73.78628589129974	22.244586474324365	47.35947009599832	47.359470195272735	47.35947024491003	47.359470200253185	47.35947058582022	186.08927062205782	186.08927064011823	65.60911592199304	240.17140651473696	30.143841473927495
112.82603105762448	115.96296906071595	115.96296906770797	181.9015284268284	36.5581561143874	36.55815625268963	103.78779794289858	72.06178602830693	76.94954792933805	78.08851119749366	89.13704356606019	89.13704356606019	89.13704351954655	89.13704356606019	89.1370435468915	89.1370434983846	88.91492119126411	89.1370436015815	73.78628589141607	73.16612167296978	47.359470007469724	47.35947029664496	60.68980573144543	60.24053298625773	74.58624007612417	36.755539186502915	25.5	102.0	225.0273043411959	232.15903539892028
28.619742957029302	108.28624857065597	115.96296901402161	181.9015284028589	181.901528374781	36.558156103447885	36.55815609797804	64.39599034185014	76.34882728392694	41.955011763806226	41.95501155714078	41.955011717351226	89.13704350587403	89.13704353321901	89.1370435479146	89.137043560564	89.13704353321904	89.1370436015815	89.13704353222238	80.5870459551497	80.58704615239094	93.61488587535234	80.58704602980299	82.05058541728434	63.75	58.95436836341025	25.5	102.0	105.77218771996394	11.534791858763072
208.37615823282135	11.668160204999992	158.49732888944757	115.96296907390018	181.90152836074205	181.90152836217658	36.55815606810825	36.55815606335727	36.55815606098176	136.95793725	41.95501146868756	41.95501142187743	43.679988820412035	79.83903598857714	89.13704356606016	89.1370435479146	89.13704354914125	89.13704353222238	80.58704608664388	80.58704607319657	80.58704607319657	80.58704609489345	49.424106675131696	49.42410663000001	49.42410661975916	35.504254961359834	58.95436836341025	134.0746975168452	6.183094096659971	88.27377554694317
240.59879354807882	11.668160130836014	11.668160120000039	11.668160077500005	158.49732874953622	181.90152832985066	181.90152820054138	51.88601840531484	51.88601843186407	56.74002834001985	56.740028337827454	56.740028393744325	41.95501149548096	43.679988929944926	50.01916067296773	50.01916068764001	79.83903602324287	80.58704602980299	80.58704608664391	80.58704609489345	80.5870460498798	67.7644531782206	49.42410662999998	49.424106638216614	35.504254954320515	35.504254918553016	167.58900253029617	188.1315282004863	71.4845652580147	1.8648591452095218
172.28577449601096	112.82603105762448	11.668160075463504	11.668160093920989	11.668159949999989	55.53808373056137	147.423061396977	147.42306136421536	181.90152796097505	32.30936497860051	32.309365065331605	32.30936515179616	56.740028374688734	56.740028345735766	70.57740825524033	76.05545084645922	80.5870459551497	80.58704602980299	80.58704600251471	67.76445299394024	67.76445309867901	49.42410662999998	49.42410658585115	35.50425495635278	38.00014776573238	38.00014769859769	193.7217117985826	254.9995371717882	127.8429319498142	8.367316656474287
204.78502667509395	208.37615823282135	118.22099791638345	11.668160135903463	49.805958447274776	65.35977704942465	53.5097087605547	55.53926205573913	13.085759023430995	39.490579458602724	39.49057945500408	32.309365065331605	32.30936506604911	32.30936521149556	56.740028199465144	67.76445273395612	67.76445283913205	67.76445292564773	67.76445295060947	67.7644529289442	49.42410662999998	35.504254954320515	35.504254961359834	38.00014776573238	38.00014769859769	0.0	79.07602310302718	13.030855514463383	209.3835185542922	86.63817257499713
0.07668135689604583	38.92934727958669	99.48594910961239	0.31953065748214726	20.060841885110875	28.230700389404888	28.23070042657082	28.230700412810677	28.230700385290305	39.490579151218896	39.49057918012096	39.490579334060925	39.490579351399845	39.49057943627423	39.490579437039315	42.29678286352478	42.29678287148644	42.29678287596863	35.50425494024199	35.50425497525271	35.50425495080094	35.50425495635278	35.504254918553016	35.504254918553016	155.65596279056598	57.70506827012892	3.726061320650814	23.81396105688802	67.81591838715735	71.34782989370035
9.532417668341282	6.93994387646174	64.2375798748107	8.190895078656808	6.562921269940745	13.45318169495377	28.230700401748635	28.230700399406345	28.23070041554729	28.23070038683926	28.230700444255348	28.230700420351525	12.687084134035302	42.29678284469975	42.29678287546727	42.29678284815745	30.58331973360501	30.58331961583704	30.583319597084056	30.583319587707507	30.583319505595256	35.35495538398135	35.35495537976621	35.354955396626735	220.97746225803277	57.70506827012892	57.705068295867875	29.76444205332291	159.47254786647517	110.21292534936174
10.1268860132285	9.291102571904844	13.42394460581545	21.02161815896386	25.408447595456863	64.2375798748107	30.323492845323216	35.642129522906544	83.83151515604055	28.230700426307948	28.23070041554729	28.23070041281062	28.230700459622227	42.296782719526306	42.29678284469975	30.583319552830517	30.583319562597666	30.58331958677735	18.902553358388616	35.35495541055863	35.35495538415185	35.354955342322	30.704048922865496	1.0810466101290217	57.705067992886995	57.70506832058675	57.705068302334666	217.94010843026203	5.8272512345758685	0.0
1.084845806721603	7.97334000451653	10.098269930015846	13.42394460581545	0.02685307140131954	15.286539370211216	0.5847017909991905	30.374465792951497	35.642129522906544	30.374465792951497	20.548416842969345	3.5893330247928077	28.23070041554729	28.2307004596222	0.0	18.168294233641518	18.168294219137067	35.35495537133596	35.35495537094852	20.314256687872955	18.964518215679107	3.8911108227341913	9.849081377618432	2.131171705635097	51.55725119257383	57.70506824643013	57.70506810807879	70.40827896045994	240.45779944425075	0.0
