254.93691473609766	252.58969907407408	254.94281135311428	233.66119464645737	237.29879275475844	206.52184119591345	204.54456046951242	223.77741228070175	214.2	255.0	81.68188667887654	232.23214285714286	234.4260299209701	214.2	254.86815924010818	238.0	223.428571431	239.6940780292141	223.428571431	234.6	241.7532467631818	215.06157547643562	36.44349791491811	36.44349791491808	254.81291405135536	52.66289982410308	254.9804877784389	254.55936318456253	254.66277857951678	254.44663611207372
254.88384601321414	254.86944000001134	249.7480487200019	230.20833333333334	218.9217032967033	204.54456280726	241.7532467631818	154.78392226349786	183.12264926632946	77.70162319624356	216.58391446284594	223.125	208.3467577714148	230.36931805092652	204.289772611199	254.42062124991807	215.28688524590166	252.2720632487217	238.8164665523156	229.07424982754551	254.46207600528746	228.13542940825016	223.9770431651844	47.25832792822874	234.59779907414017	240.96432873164406	51.37292339692567	253.368	254.559363184624	254.80511160351548
254.76315302593136	253.86666666666667	241.46648045771917	238.68	228.2809592022531	154.78392228757397	169.6749179737023	169.6749173752283	128.42095321318334	195.234375	241.50197387339588	217.21847516821984	57.93734552763007	213.1919436960543	55.25300364084211	253.89838946752857	215.61697599659266	217.9147890208931	224.92214069151285	27.601625768658863	219.86589478468008	213.56866537717602	228.90926644688577	197.625	231.73484226718867	239.44589203845783	251.32935442143912	253.9556029242785	254.3330854052629	253.889702458564
0.0	251.0911564624	237.78132198899715	167.8914529950842	174.38344468098467	229.62874962874963	149.4140625	128.4209531803329	135.42764927064644	130.05	89.21591921591923	111.37753957157406	191.25	171.8065775950668	111.37753957157406	175.48978051944806	196.70898383578378	252.76036548548595	217.91404795151928	211.72623908534757	215.16333093245757	223.0621658065338	213.71439857832667	231.68571428571428	197.625	245.91576153665844	249.37463046148562	251.32935442173152	252.86840816326531	254.82142017442396
221.20364170359602	204.1222833572864	84.93035406927851	26.140790882754175	216.21395675624214	203.0769230769231	132.9258823418778	64.61538461538461	99.97159097498127	156.2313755006564	145.66351395302507	154.6153846153846	191.25	180.02651824055465	191.25	182.14285714285717	129.65798554080558	18.930957683741667	18.93095768374164	200.25115875477124	224.9221406833058	224.92214068373008	195.32967032577693	240.97633136601917	204.0	235.57142857142856	249.5233399079553	251.32935442044558	248.20123895790857	244.8
186.78293978578884	242.72666452365326	91.7657469776195	254.6408268569043	120.46819959647479	206.02279403459113	101.47470229499999	99.97159092272338	85.82274228157564	120.69697906428948	58.98969229507517	148.75	136.3090909090909	153.0	255.0	153.0	41.299253984189534	129.6579854697174	129.6579854697174	252.75782215636025	212.2833960254448	217.94414724086153	222.09135802469137	228.2939189189189	227.538461562	227.538461562	240.42857142857142	229.92944924897589	250.75302464055275	254.1895033318824
58.61245556181714	238.9707438857982	41.403177504779364	14.530509302230485	101.47470222504387	101.47470222504387	83.68565831820933	85.82274198076877	117.0550850576451	107.91669232500001	157.13203535753348	27.57625703824678	31.863997238522586	31.863997238522586	249.03570930206388	20.79924252054417	160.6080847996302	211.3770916747475	211.37709170866523	187.9019599181034	186.60295848380616	129.65798554080558	230.57615786281673	230.57615786220768	236.17449660466872	232.00319233209493	243.3428571414	200.68047337278108	250.7512630265457	254.18950333209187
242.72666452365326	2.5113447642761173	116.40186731392168	101.4747021675	101.47470221	101.4747022250439	101.47470226911383	72.2583844054272	115.24856996663311	117.0550847997271	120.06994374246716	139.53578419016986	247.6008492569002	31.86399723852253	165.551917321458	165.2742272829799	189.15928311094783	16.06116084438557	182.875108300486	186.60295843191352	158.40281933073476	137.30769230769232	220.57856738027672	195.48863286616103	236.47699757982272	236.4769975774576	244.22231614481115	250.8095764418071	250.75126302614	252.0426035544
31.218759888150515	38.67055409012943	250.85536065807236	39.230769230769226	39.2307692307692	98.91811431375777	72.25838382707661	72.2583841428887	72.25838428661359	101.47470254999996	129.10841829764894	139.5357841823199	23.623802203327187	247.6008492569002	238.3791758323593	247.60084925690026	166.8212342777277	171.29162492901142	171.317909225172	140.96053312202145	177.8952474895027	180.7780979827089	217.32558139534882	220.5785674030183	238.5176673357884	241.33928571125	210.375	236.01609657947685	254.937744140625	253.27364599682693
35.99435395311167	32.89338809319878	14.622124897523975	156.92307692307693	52.97795594950384	117.17854150809637	72.25838421264365	72.25838419661355	72.2583841428887	72.25838403543912	129.10841832845608	23.623802200855664	23.6238029594943	23.623802846477616	238.37917571740465	249.6710111849732	249.6710111849732	168.86920543585956	175.102036021638	175.10203603825397	200.4787066522337	204.7526412879423	204.75264128965918	222.369059385	237.54922135117621	231.92060516802786	250.75442247658688	254.00390625	254.45218354536604	254.467102040808
28.840372269550954	14.619943914311477	156.4922853919697	117.17854127917988	117.17854122918652	117.1785412470974	117.17854124411568	72.25838382707664	72.25838411625196	72.25838403543912	194.19230762541923	23.62380208908897	23.623802542807937	23.623802933759208	23.623802812947304	14.827344529755976	14.827344529755976	246.80030403599514	163.39375727897726	175.1020359779091	175.1020359923569	220.72754670747514	225.02941653997985	225.02941649691732	101.70264115323383	237.54922129936733	246.738	245.23865784499054	253.319091796875	254.0588707270184
41.33742504738825	92.42528421726814	156.9230769230769	198.16503015067448	90.83283281546838	117.17854125605282	86.5303362516766	86.5303363209353	117.17854122658358	117.17854138233633	194.19230762541923	21.273143266723878	160.44430822970247	160.444308205201	245.94400999420515	245.944011183764	245.94401096101666	245.94401144442367	245.94401219618825	159.5404787822293	197.31406697373632	197.3140670066523	197.3140669737363	197.31406701748153	197.31406698806967	231.2	246.03515625	246.89105105105105	246.65994623655914	253.9556029242785
7.299914098764134	89.85526494981661	27.73548727941244	71.99616450855797	65.48964542162472	65.48964525378975	90.83283251372825	90.83283270727216	90.83283271488833	90.83283281546838	90.83283285715942	127.5	127.5	9.833772387189043	128.10890939909808	128.10890942873687	141.57406402339814	245.944011183764	245.94401053157506	245.94401141867172	197.31406689092265	197.31406689272694	197.31406700134085	197.31406701594364	197.31406705654993	206.7310087173101	229.25480769230768	211.08333602004706	167.53500000000003	254.82138485440217
92.43699732915013	127.27672631889337	57.6859329434501	57.6859329434501	65.48964532157177	65.48964534416575	65.48964534416575	65.48964532205898	90.83283264175009	90.83283271355319	91.79999999999998	93.72383937307688	255.0	245.68782508929584	245.68782538653767	9.833772339079047	19.45554106641572	242.60845058255592	132.9952892150031	159.8507462686567	190.16949151992964	197.3140669880696	197.3140670066523	197.3140670151431	197.3140670565499	239.0625	71.17886178861787	229.40848252604576	186.6879383869358	180.27906976744185
156.60178767589392	18.110407652639083	57.68593294345007	57.68593298485689	57.68593301193039	57.68593301193039	65.48964532205898	65.48964538935374	109.71452417934529	93.93366886594421	106.43173836771231	93.72383928884992	114.30461373678787	9.312174613462332	9.312174910704158	166.67185999353282	118.3169455839379	238.43587218772473	159.85074625672758	206.7045455302815	206.70454550284092	189.51035461064626	189.51035467794102	197.3140669880696	197.3140669880696	222.09677419354838	205.1086956521739	137.07222625373163	254.82138485440217	145.71428571428572
156.60178767589392	18.11040765795508	57.68593301193039	57.68593299865918	57.685932993347706	57.685932993347706	57.68593310727306	86.71996972529641	68.77725920590521	99.0869281879477	99.62179206601192	105.17275494368579	115.08791618135834	235.54594563091467	235.54594598557375	166.67185998402454	235.54594598094494	235.5459458726706	235.54594595616405	126.8910905712631	189.51035467794102	189.51035465153427	189.51035465583425	189.51035467842826	189.5103545783753	209.1	205.1086956521739	71.17886178861787	100.22164890045977	243.36842694091476
18.110407485961844	18.11040761096976	18.110407716739473	57.685932984056365	57.68593302626371	57.68593302626368	57.685933109077354	99.7999860727258	88.90676099962974	88.90676100291171	91.71685236888504	94.56061285908024	235.54594582836168	105.98310163324601	105.98310166280817	79.31304773513918	79.31304775721492	126.89109060090192	130.93040888971046	155.95531070362983	162.27272727272725	195.3490708339154	189.51035474621025	199.05670839113537	192.66666666666666	207.1875	56.83496984932552	46.73725077379706	198.81443010544848	0.1922176984604107
96.45412756255686	18.110407472613787	18.110407735977645	31.660840060026516	57.685932982518466	47.82869095136445	93.87003855717191	99.79998603200133	88.9067609881659	87.8937565638891	110.20681453349508	88.90676098186617	88.90676099599574	88.90676097589315	86.71996974484097	72.1708640785028	72.17086409921282	110.58720389362185	130.93040877819135	155.95531060948008	195.34907038320412	182.74161596456088	182.74161588374807	182.74161596456088	182.74161617292333	180.625	76.86834869678364	215.41777913786893	152.6844904892401	81.24235144375004
96.45412774373949	96.45412770699764	18.110407677549915	47.82869081583456	47.82869090845685	47.828690905367495	47.8286910844333	89.13704351852346	85.28484380872641	89.19958809491979	110.20681453349508	86.17444576780304	88.90676106291815	88.90676099128586	90.97528449638864	90.97528449664085	90.97528449118178	110.5872039352437	90.97528465590275	125.89158167154395	182.74161596456088	182.7416158571113	182.74161580338648	182.74161578735635	182.74161559457286	180.625	76.86834864864738	200.3212786951892	250.92784710171352	237.2394010006285
96.45412773265883	96.45412770872369	96.45412768478849	61.54312464535451	47.82869088700306	47.828690798498	47.82869073244524	93.87003853496881	81.4300364472411	89.13704351852346	89.13704354689153	89.13704356606019	89.13704354914125	89.13704354914125	89.1370435322224	110.20681453349508	90.97528444230275	90.97528450479496	90.97528450479496	125.89158170235109	182.7416157133864	182.74161585711127	182.74161580338648	182.74161578735635	182.7416161729234	76.86834867378178	76.86834867179687	65.60911592199304	240.17140651473696	0.46105357488877985
135.17638416095025	96.45412774373949	96.45412770074523	81.84941906399308	61.54312464535451	61.543124840907666	73.5196761663311	78.25237678300184	68.10320948852026	78.08851119749366	89.13704356606019	89.13704356606019	89.13704351954655	89.13704356606019	89.1370435468915	89.1370434983846	89.19958809491979	89.1370436015815	90.97528448076812	126.42403155158667	182.7416155945728	182.74161588374812	163.40129598113387	144.5817610598382	161.9694558052272	191.59603354223415	76.5	102.0	159.75896208192512	232.15903539892028
22.27312754484248	5.419299502783417	96.45412770872369	81.84941901606803	81.8494189640727	61.54312470324399	61.543124732188744	69.01486904058976	76.82533565185537	12.67859879300201	12.678598370000145	12.678598540231832	89.13704350587403	89.13704353321901	89.1370435479146	89.137043560564	89.13704353321904	89.1370436015815	89.13704353222238	100.65451152538719	100.65451158454687	133.35659477880148	100.6545115217229	146.81266251300656	138.4377707878125	51.36119446675778	76.49999999999997	102.0	170.4753038214114	224.41615954287295
55.57213740917237	39.49999979999998	136.46814761709365	96.4541276335139	81.84941893807502	81.84941894426936	61.54312466606723	61.543124691208334	61.54312470377886	74.68777084500002	12.678598399030335	12.678598316638414	7.3104545959691904	85.17649454143103	89.13704356606016	89.1370435479146	89.13704354914125	89.13704353222238	100.654511564827	100.65451156511654	100.65451156511651	100.65451158681333	126.1867555072372	126.186755525	126.1867555072372	182.63327647904939	51.36119446675778	33.459974426530835	108.7299140768223	253.61088955725182
3.287065818830939	39.499999803047444	39.49999980000001	39.49999980000001	136.46814764164532	81.84941888440747	81.84941886008198	47.523707163023175	47.52370718583862	222.66776159750128	222.66776152653657	222.6677615716154	12.67859827827661	7.31045461408911	81.46216476130431	81.4621648154324	85.17649453715543	100.6545115217229	100.654511564827	100.65451152172292	100.6545116437066	102.90004558362745	126.18675548249999	126.18675554415222	182.63327639228152	182.6332764130995	112.45529623877391	74.29470007740895	5.110009550708298	7.460375643842099
1.3107493717618866	135.17638416095025	39.49999980304747	39.499999803047444	39.49999979999998	55.53808373056137	125.34201445919444	125.3420145302826	81.84941897671979	9.666072157050252	9.66607233549226	9.666072249027707	222.6677615821081	222.6677614910925	70.57740825524033	77.89297891239187	100.65451152538722	100.6545115217229	100.65451158454687	102.90004549599212	102.9000454628439	126.18675561	126.18675545129429	182.6332763816479	108.65767926963093	108.65767927332047	49.88487613708273	238.62862361333356	64.99582704428545	233.19293407812896
182.08788659255106	3.287065818830939	17.03536979441384	39.49999982020208	49.119996112372434	45.57848135606994	52.803992483200375	55.55930960235827	41.65169310899307	34.02770322442893	34.02770334492607	9.666072162563182	9.666072153254476	9.666072151831031	222.66776150379818	102.90004536600009	102.90004552323572	102.90004550310513	102.90004553932283	102.90004556098816	126.18675561	110.266552784563	110.26655280642512	108.65767926963093	108.65767927332047	0.0	79.07602310302718	13.030855514463383	250.83199966761057	42.024745668871475
182.08475303477974	6.573935271846096	11.401809382127283	62.14843727247873	4.195436580354681	2.4892434574863103	2.489243457486282	2.4892434697539727	2.4892434942894397	34.02770319980746	34.02770322442893	34.02770322398294	34.02770321204184	34.02770326831563	34.02770334508932	85.64464505631429	85.64464502443593	85.64464502438057	110.26655274083873	110.2665527647797	110.26655277363196	110.2665527632958	110.26655276032798	110.26655282619905	17.22864807885489	57.70506827012892	3.726061320650814	12.704527671893743	67.81591838715735	71.34782989370035
9.532417668341282	6.567653583485679	0.0	4.496901491118507	3.603123976254068	23.56084784098374	2.4892433470768083	2.4892434572029742	2.4892434572030027	2.4892434252361397	2.4892434891698088	2.48924351048106	67.90646787538591	85.64464502438054	85.64464500849681	85.64464501053595	115.20137094405618	115.20137081853574	115.20137083728875	115.2013708466653	115.20137080201926	90.26621651518462	90.26621653482468	90.2662166386757	149.46075717923594	57.70506827012892	57.705068295867875	159.86260173853069	159.47254786647517	175.7995653432706
10.083851070823044	11.161609221285687	11.947302165179934	17.94405229439721	26.135932183935353	0.0	30.323492845323216	30.374465792951497	143.7916034413019	2.489243403399769	2.4892434572030027	2.4892434697539727	2.4892434942894397	85.64464491231581	85.6446449618428	115.2013708493786	115.20137083752849	115.2013708256921	131.376272561787	90.26621651830885	90.26621654471558	90.26621646713139	102.79109376835595	9.562413569130882	57.705067992886995	57.70506832058675	57.705068302334666	4.919325125271939	4.919325125271939	0.0
1.0913342064270353	10.063787250505499	11.227675471140827	12.557603562886129	4.328050675407553	19.85222817548177	17.244664251024034	0.0	30.374465792951497	40.76568839783258	0.0	54.61283193544992	2.4892434572029742	2.489243494289468	39.3350700344275	25.671604970650293	25.671605122731165	90.26621657410479	90.26621651830885	90.20590319308178	85.84856823250266	51.892900920656245	65.88964403647304	11.938316045423164	69.25617754596345	57.70506824643013	57.70506810807879	70.40827896045994	186.78279979148948	0.0
