254.95243096942463	252.58969907407408	254.93804760597894	192.75647703953052	246.91901408369407	155.6396484375	147.5379175556813	162.5438596491228	244.8	199.46666666666667	149.79655220621274	250.44642857142858	249.84208242578225	244.8	197.0110999509526	221.0	230.714285707	239.27499494435983	230.714285707	234.6	248.37662337	174.08691644172882	194.93272430326542	194.93272430326542	247.96366365006384	225.8467415091562	253.4958416649541	253.25095816808758	250.46385339386816	254.32071521250273
254.9915037912112	254.86944000001134	253.71190471552038	230.20833333333334	227.67857142857144	147.5379173300114	248.37662337	112.79549089872518	140.4786813105291	143.70431131242145	238.8127184711418	246.969674895	108.02298131305238	199.94318170457774	217.32954533106275	185.29075908420907	215.28688524590166	248.98177126414527	238.8164665523156	228.3643910303969	239.08489339245224	227.98715553074774	242.2922709872638	228.9586480074167	239.68167883209088	240.92309137108901	242.59871126441337	253.368	253.25095816840357	253.01773237463604
253.99240294991546	250.46666666666667	226.50837989839144	252.96	226.21922258834715	112.79549083694144	112.52126134435576	112.52126103410589	89.69082446635028	127.5	251.72083050458997	245.45837827670314	113.80404095597211	238.61765210519937	109.02914939197768	160.62959333659973	186.0223215844279	197.43957394510446	207.03060677141104	202.11894315648237	219.64534143593278	181.34429400386847	251.06177607135552	153.0	231.5928118078468	238.98219675424946	245.7958246017	253.9556029242785	252.06989837838555	249.1891713739647
0.0	252.6870748294	0.0	247.0518071568235	226.48172522338277	47.78883278883279	99.609375	89.69082457386648	98.81611873996727	130.05	179.87080487080488	232.862703467799	233.75	110.75334018499484	232.862703467799	175.48978051944806	221.41417109386887	150.81084898353424	233.63199987368318	214.92800342899778	215.16816128675566	194.89583981049356	183.00849999053077	204.48571428788267	153.0	221.16068741619063	241.68081235248656	245.79582460059265	244.99336054384892	254.94947004608295
221.20364170359602	254.82845552010764	131.18890738547157	1.1719593036884817	73.26960458564679	33.46153846153845	81.56805146871667	144.23076923076923	66.64772744994963	108.94172998952729	97.40819016400022	98.0769230769231	233.75	224.82993306655726	229.57063704	182.14285714285717	83.84712598538911	131.28619153674833	131.2861915367483	200.4122060508166	207.03060677844402	207.0306067657061	234.89010988937147	211.15384614429166	229.5	235.57142857142856	238.51930990977792	245.79582459915483	234.5044995809891	252.45
253.4643693656031	116.21304825543083	42.129395665900205	182.74250504352477	4.372300441009571	233.0169855086181	178.23735127499998	66.6477272818156	55.81398275112585	73.48441055976596	95.58727154002162	84.99999999999997	81.90909090909093	204.0	136.0	204.0	84.20830155229879	83.8471259811086	83.8471259811086	211.3345877242316	166.51291191440293	172.04630031235774	189.18271604938272	137.83783783783784	219.3	219.3	206.42857142857142	247.57168866636323	238.01209856221104	254.72493613554292
27.299839793967834	0.014796796752477803	166.35537175433757	5.008382708920266	178.23735113097945	178.23735116789447	53.036026497107144	55.813982670692866	70.2330506974684	66.75599896874999	214.46176166652586	59.47447734353523	67.42492233344836	67.4249223334484	118.67492966622402	195.38396903521598	222.27376203015373	217.19301340456875	217.19301340867713	182.23169036106984	157.78452794620355	83.84712598538911	221.23016518709017	221.2301651918944	236.17449660466872	244.21388666705008	243.3428571414	230.85798816568047	253.29553592742897	254.7249361354766
242.72666452365326	210.36852986155128	168.453763411463	178.23735102	178.23735110500002	178.23735111252194	178.23735113455692	45.79451536450776	68.63885624574826	70.23305082364982	63.47815097158076	105.49881142657699	106.2951167728238	67.4249223334484	201.5044668473055	176.30529153713536	161.8871652437	155.60956855790062	182.875108300486	157.78452785924406	124.28223653770965	176.53846153846155	237.784068008386	121.77710222084417	246.3559322091037	246.35593220338984	240.4285714303328	253.7583930210363	253.29553592677922	250.002
0.05434017181298145	17.707862942394627	15.33588047892053	98.07692307692307	98.07692307692307	54.394135942508285	45.79451536450773	45.794515356120655	45.7945154248097	178.23735101999995	163.6574167452476	105.49881135095913	51.947904360666854	106.29511677282377	221.959485253872	106.29511677282377	141.6733857035406	171.29162492901142	159.58773656280485	174.3619196689565	141.504877368093	198.4149855907781	178.25581395348837	237.7840680267469	247.67451882323144	248.625	165.75	215.49295774647888	254.501953125	254.3625
62.64402444237547	92.67869246496173	14.622124897523975	19.61538461538464	30.902092629993376	186.08927052513167	45.79451536450773	45.79451532177623	45.794515356120655	45.794515173635205	163.65741675493229	51.94790446461835	51.947905024267214	51.94790477515119	221.95948534565335	196.9704592987369	196.9704592987369	168.2070457631076	151.12968750093668	151.12968750391593	200.4787066522337	191.7524735871206	191.75247358979752	238.11191967	245.72939171117883	229.37367786852323	253.11307665920916	251.015625	254.83768401312477	254.467102040808
247.10491110193954	147.23627726926125	81.31186602888627	186.0892707540482	186.08927066430186	186.08927064011823	186.08927062205782	45.79451536450776	45.79451536450773	45.794515173635205	224.40000002244	51.94790361563241	51.947905024267214	51.94790496767612	51.94790542527798	117.32145383663621	117.32145383663621	100.16004015134754	125.4492091704598	151.12968745092348	151.1296874790442	234.81653489864252	238.0452127299859	238.04521276595744	189.95736382813936	245.72939172345022	246.738	254.5179584120983	254.501953125	254.00729898530238
69.1657053487946	92.42528421726814	19.615384615384613	227.75895762128067	44.09269388436874	186.0892706280264	49.072956429807505	49.07295642226305	186.08927055606267	186.08927069116817	224.40000002244	46.70341013811179	198.047386407187	198.0473864306744	94.10180484253317	94.10180501712142	94.10180484253294	94.10180484253252	94.10180456472645	159.63889509085777	224.21091558794416	224.21091557663112	224.2109156414565	224.21091561008905	224.21091573100188	231.2	251.015625	246.89105105105105	246.65994623655914	253.9556029242785
0.05434017181298145	194.2674012294443	73.70757177570857	155.65596279056598	37.233783532868586	37.2337833613243	44.092693582628556	44.09269377190549	44.09269378378869	44.09269388436874	44.09269394581247	174.47368413	127.5	78.8694737091285	209.98639297353867	209.98639297259055	141.2684910540571	94.10180312765485	94.10180398989823	94.10180438500814	224.21091544032944	224.21091549944578	224.21091560147417	224.2109156226625	224.21091562853417	202.9838107098381	229.25480769230768	131.22279355875293	167.53500000000003	254.82138485440217
200.580766442904	13.619868011328208	30.789084371465805	30.789084371465805	37.2337834392126	37.23378346517532	37.23378346517532	37.233783442081034	44.09269370638347	44.09269378619311	51.0	140.9605332114484	80.80183696608975	169.0157141066145	169.01571437980684	78.86947376117291	42.82269338208218	82.64097562257939	85.30539153629084	144.62686567164178	211.77966099167625	224.21091523813493	224.21091557663112	224.210915581483	224.21091562853417	223.125	198.33333333333334	120.88233079442892	163.05931148310287	180.27906976744185
10.073311891598479	51.314431259306275	30.789084371465805	30.789084418517007	30.789084515431625	30.78908476186507	37.233783442081034	37.233783517100846	160.88554189423417	93.93366886594421	106.34383904999103	140.9605331234972	115.52188838757041	85.98428562019316	85.98428589338548	106.20854832937567	118.66048704704616	74.97400644600503	144.6268656418189	226.02272714430526	226.02272727272728	217.76621648289915	217.76621655791894	224.21091548456837	224.21091573100185	233.06451614274192	243.91304347826087	12.588317290600685	254.82138485440217	145.71428571428572
10.073311891598479	51.314431259496956	30.78908426899818	30.78908439852586	30.78908442336885	30.789084423368877	30.789084500554225	67.12711898879351	36.62369904954727	99.35551722355288	100.57961494041785	108.39856658279857	151.90162119235669	60.43695254060387	60.436952607472705	106.20854836665609	60.43695250141948	60.43695250141951	60.436952578404885	45.01360702740942	217.76621655791894	217.7662165315122	217.76621653482468	217.76621656078743	217.76621646713141	209.1	243.91304347826087	198.33333333333331	248.62582479382831	223.99244212131833
51.314431046086014	51.31443127885325	51.31443124676326	30.789084377337502	30.789084358543477	30.789084412055843	30.789084559670556	98.84968404962575	88.90676099962974	88.90676100291171	91.03144358851935	93.18370675941995	60.43695195228014	105.98310163324601	105.98310166280817	54.20121136914449	54.20121136390193	45.01360702646133	115.92414137398299	142.36717136200332	157.63636363636363	218.19734974603773	217.76621663867567	221.12554448730893	192.66666666666666	223.125	27.2410423787193	83.3306427892328	110.94264100156937	160.60558194779597
8.731527656174563	51.31443127223068	51.31443122021224	17.967581098964644	30.789084389910954	24.359754778152535	93.87003855717191	98.84968402184973	88.9067609881659	89.39881298544944	87.43806789526002	88.90676098186617	88.90676099599574	88.90676097589315	67.12711908832702	50.199626782684845	50.19962680666876	64.06916008958055	115.92414135998354	142.36717137548993	218.19734966553364	209.20548482636477	209.20548463549224	209.2054848263648	209.20548463549224	180.625	117.17854127917988	215.41777913786893	224.39738072142896	81.24235144375004
8.731527937604568	8.731528031414541	51.31443125525237	24.359754679743958	24.359754735244962	24.35975477382337	24.35975496198205	69.81805207070542	85.8856612742201	89.19958809491979	87.43806789526002	77.04570721689487	88.90676106291815	88.90676099128586	61.57086560057712	61.570865604326	61.57086559705323	64.06916004766961	61.57086576514001	91.34258324506774	209.20548457519033	209.20548464387932	209.2054846782238	209.20548463549227	209.20548463549227	180.625	117.17854122918652	129.8734133283824	126.44524884550043	178.4293315236146
8.731527857851972	8.73152804552069	8.731528106632453	61.54312464535451	24.359754713791176	24.359754765855882	24.359754637272772	93.87003853496881	81.4362834396193	69.81805198662431	69.81805203442013	69.8180520436349	69.81805203038286	69.81805203038286	69.81805206553184	77.04570721689487	61.57086555974104	61.57086562661851	61.57086560760351	91.34258325475241	209.20548457519033	209.20548464387932	209.2054845526366	209.20548463549227	209.20548463549227	117.17854124411568	117.1785412470974	125.39124739161315	238.8081453676681	248.24534780868694
135.17638416095025	8.731527937604568	8.731528023705607	136.11272018028114	61.54312464535451	61.543124840907666	29.653676236828943	78.25237678300184	75.42659135457828	78.9494955923837	69.81805194683295	69.81805194683292	69.8180520249104	69.81805194683295	69.81805203442013	69.81805208742878	89.19958809491979	69.81805209548014	61.57086559000538	150.01816136310663	209.20548463549224	209.20548463549227	180.20997138603434	164.84388540055681	161.9694558052272	221.9067343443487	76.5	102.0	66.87388448533761	254.97848885484143
81.31186602888627	34.63877335274745	8.73152804552069	136.11272005624153	136.11272003523146	61.54312470324399	61.543124732188744	69.16392513788887	76.14770130969097	28.916196231915706	28.916196301263767	28.91619611679411	69.81805203767243	69.81805199813488	69.81805200964541	69.81805202866488	69.81805204017544	69.81805209548014	69.81805201713087	86.93859093897095	86.93859084019283	128.66149561889569	86.93859071591865	146.81266251300656	138.4377707878125	171.13993871679463	76.49999999999997	102.0	139.8391721078229	255.0
8.629038483830954	39.49999979999998	183.55354551359864	8.731528219034516	136.11272002472646	136.11272004127105	61.54312466606723	61.543124691208334	61.54312470377886	111.70237081499997	28.91619600896874	28.91619600441055	116.4551994781879	60.744290708161145	69.81805204363485	69.81805200964541	69.81805203038286	69.81805201713087	86.93859077320138	86.93859080270587	86.93859080270585	86.93859084609949	126.1867555072372	126.186755525	126.1867555072372	136.9749573213686	171.13993871679463	248.93867714975912	104.74234022982037	252.95264310707475
77.96092223893342	39.499999803047444	39.49999980000001	39.49999980000001	183.5535454225777	136.112719971766	136.11271999321133	29.426538473347733	29.426538523068757	46.22827118556506	46.22827120300951	46.22827115401151	28.91619601672855	116.45519945070961	53.88487990658817	53.88487988413587	60.74429072613353	86.9385907159186	86.93859077320138	86.93859078100908	86.9385907414148	98.49311380911402	126.18675548249999	126.18675554415222	136.97495729421115	136.9749572768891	112.45529623877391	210.84024956385687	32.799956663204426	254.40820938005857
3.5791580904019327	135.17638416095025	39.49999980304747	39.499999803047444	39.49999979999998	56.02552408277489	171.1528740146109	171.1528740188914	136.11271976325085	22.16298587651937	22.162985731528522	22.162985904457543	46.22827116291546	46.228271222776726	69.23821901522902	77.89297891239187	86.93859093897098	86.9385907159186	86.93859069031657	98.49311356642417	98.49311369350332	126.18675561	126.18675545129429	136.97495729721442	208.8341378524864	208.83413790399402	146.042865903507	0.32526954720802337	136.6256081545189	1.0790506747788982
0.5001639724553684	8.629038483830954	105.47520537911558	39.49999982020208	49.322471989731355	119.7995414406779	52.803992483200375	55.25312303328573	41.65169310899307	139.07317400055928	139.07317370530023	22.16298578917153	22.16298576767994	22.162985989722756	46.228271045010445	98.49311330644011	98.49311345199092	98.49311353249507	98.49311352309351	98.49311356642417	126.18675561	136.97495729421115	136.9749573213686	208.8341378524864	208.83413790399402	0.0	79.07602310302718	127.76424670891502	243.72180077374745	250.1532413050754
182.08475303477974	83.27467300028704	27.613067330235452	1.8561040019797588	197.41229054437125	23.33658068016956	23.33658068016956	23.336580691424444	23.336580713934268	139.073173690632	139.0731737220775	139.07317382624333	139.07317376427818	139.07317382075433	139.07317378537857	111.00151888920234	111.00151886209704	111.00151886306014	136.97495739156977	136.97495727444158	136.97495728063237	136.97495729721442	136.9749572768891	136.97495734276015	71.99616450855797	57.70506827012892	53.03338653621043	211.06959393996615	65.31060254203413	255.0
47.787286892599695	6.567653583485679	0.0	4.496901491118507	3.603123976254068	56.807944370692184	23.336580578875527	23.336580673071097	23.336580673071097	23.336580643743446	23.33658070239872	23.336580743471814	27.42969990839248	111.00151886306014	111.00151884854435	111.00151885128847	138.01247570368847	138.01247572636566	138.01247574511873	138.01247575449523	138.01247571436926	90.26621651518462	90.26621653482468	90.2662166386757	149.46075717923594	57.70506827012892	57.705068295867875	75.05724248260918	0.003699436978394033	125.19123819261998
9.970893961360787	9.612514601622792	17.63199238106921	26.397887170449962	26.064742079212067	0.0	30.086739817818767	34.24016530082338	26.81615525181647	23.33658064078915	23.336580673071097	23.336580691424444	23.336580713934268	111.00151888920234	111.00151880052238	138.01247575217593	138.01247574408438	138.01247573417936	169.66525804535598	90.26621651830885	90.26621654471558	90.26621646713139	183.00383548753203	0.0	57.705067992886995	57.70506832058675	57.705068302334666	4.919325125271939	231.99991423160793	0.0
1.085700656033083	9.258737076758166	9.516659766985441	17.63199238106921	0.2750347166196434	19.60849146492606	2.755932010396407	50.852469013865004	34.24016530082338	50.852469013865004	39.19820460146647	14.214236831995947	23.336580673071097	23.33658071393421	8.19095797599445	11.601261524053825	11.60126151736904	90.26621657410479	90.26621651830885	147.84310849497544	143.05794693573503	104.59939354775861	119.21290177473404	45.816601479091446	224.90522689180452	57.70506824643013	57.70506810807879	156.2303305909519	186.78279979148948	0.0
