254.57260576965194	254.40488693111112	254.43634505403784	227.11899855090726	243.1545796874401	196.98814899338942	160.97917677897445	131.6940789473684	214.2	199.46666666666667	216.4807881616406	232.23214285714286	219.0730572657202	214.2	55.16320433454851	214.2	217.6	221.95574310443828	217.6	204.72857142857143	236.45454545454544	200.45491542234873	253.56743348225203	253.56743348225203	239.23197421464366	254.8926213530115	249.13345876551995	251.18395927327032	248.08491984272513	254.46398041591388
254.9944795380999	253.04618553926784	253.9944131359458	242.68115944	234.53177255494506	160.97917579039273	236.45454545454544	188.40565512754094	174.60705838760336	210.6520554500616	254.59450626647936	199.92	135.0485407002908	208.63636351782026	212.98295442444152	49.98454657430307	240.60109289617486	240.26177552747953	214.9056603773585	199.02838649354808	219.90380980376617	228.04580710036646	244.2949229818946	243.09621372628683	235.08273367858862	240.88914605867922	251.75710630147802	245.08934693877552	251.1839592738673	254.13585746335332
254.73291582931515	248.472	238.5863493089871	238.68	255.0	188.40565523617548	124.82779917081172	124.82779905569183	163.07422630245503	99.609375	225.41754318980443	190.05100358273197	182.8687085970594	193.37019958277142	176.73785390730018	38.40254619019771	172.90930396696177	176.65096272019665	192.60783964461757	229.91101558816413	220.00382983564026	175.5899419729207	241.21621624974435	210.375	231.6197591788302	238.68112080546368	239.51589534981687	248.65726323502474	249.82503196679488	245.2600230351409
0.0	249.51466666666667	231.79632520868742	223.76833881787448	247.86621431411422	124.73566973566975	138.58695640625	163.0742263911996	166.75280581614516	191.25	154.8024948024948	227.5411250927796	191.25	128.12374100719427	227.5411250927796	198.9526597874366	180.75594546742303	35.31107487013918	207.76439438944647	214.72803557663022	215.76995619032397	219.77821343345732	169.40310411280802	216.69795918367348	210.375	213.17293565261124	230.5298655425421	239.51589535093535	249.24687713452727	254.86712634205932
33.45021006283821	223.90199397101748	190.84710976511468	98.96837844281538	171.237226830739	93.46153846153848	121.29404605046909	120.0	133.2954545000129	119.23573111849933	104.9738474307139	107.30769230769229	191.25	148.24655155519116	163.2	218.57142857142858	147.423061396977	235.97438752783964	235.97438752783964	200.25841305036982	192.60783962529467	192.60783962770716	227.8846153627654	221.8531468399614	233.749999983	207.12244897959184	235.29147490685952	239.51589534551078	226.07926024364127	253.2291666678
254.6413543736568	9.827108615575867	13.413435445319465	82.33307136556527	0.7256036505440022	221.51785030820957	101.47470229499999	133.2954545636312	117.5503946141992	82.81764695449891	219.42329671177154	63.74999999999997	96.43636363636364	153.0	136.0	153.0	144.86843669808624	147.42306136421536	147.42306136421536	178.99147337180756	155.86407763874467	240.2241935475124	197.07407407407408	206.75675675675677	231.818181795	231.818181795	243.03061224489795	254.88393263541192	241.84151806127116	254.6570624358623
44.960999582386876	32.65351119874444	93.90291306371745	31.319033253838853	101.47470222504387	101.47470222504387	116.81229668948572	117.55039426598398	79.39388325056487	98.31395109375003	157.13203535753348	112.36144743517733	123.31895063859164	123.31895063859164	25.19295086763742	207.02105254669877	209.0189775303725	165.9886625924312	165.9886626120488	188.37066822772795	198.03680283888315	147.423061396977	203.26671893259174	203.26671892531908	227.18959727731718	235.94622904342253	231.54	253.49112426035504	252.9333121565529	254.65706243593178
233.249294457858	244.6790790650361	83.67708355452407	101.4747021675	101.47470221	101.4747022250439	101.47470226911383	101.8424724691881	77.71095896090873	79.39388363749356	46.56753093422046	130.88884024794297	21.295116772823803	123.31895063859162	142.9838058848719	157.3424350312195	153.0000000263363	194.54148073327312	141.77803091429874	198.03680276625764	111.55810209577379	235.3846153846154	234.89603399039342	231.27018738236615	244.78428350806246	244.78428351152542	235.38461538540574	252.27218946433376	252.9333121573295	252.892561986
16.86019049176039	122.72667852827564	238.1843673208989	78.46153846153842	78.46153846153848	62.635861662238	101.84247304753862	101.8424724654179	101.84247243197976	101.47470254999996	147.1969595577543	130.8888402002666	101.49776065258405	21.295116772823803	189.6870554340892	21.295116772823718	120.36390475246773	171.56532295414578	178.11460716831328	181.3878407038249	156.17176310697124	164.2435158501441	160.11627906976744	234.89603403638466	242.61993680071242	243.409090908125	223.125	227.03722334004024	251.015625	253.62205975860576
0.03510685713499129	72.71951876286721	229.33584779032174	58.84615384615387	81.5453138437218	117.17854150809637	101.84247246918812	101.84247248213703	101.8424724654179	101.8424724319797	147.19695952843188	101.49776059305668	101.4977603208765	101.4977601362767	189.68705542600543	140.19952422487773	140.19952422487773	169.76976760222226	134.91432511613874	134.91432513675267	177.6546704704407	169.6863994633574	169.6863994690566	226.56765229875	224.75591392173519	213.8882428322782	239.40339923764307	239.0625	251.14277615540348	252.84168
21.04894506650703	117.92967916116507	221.55170232372095	117.17854127917988	117.17854122918652	117.1785412470974	117.17854124411568	101.84247189083754	101.8424724691881	101.8424724319797	178.49999991585	101.49775890643025	101.4977603208765	101.49776048809787	101.497760354147	179.29704226411587	179.29704226411587	19.48017472121097	133.46353999577394	134.91432507843336	134.91432509107062	202.24721374149715	206.83299078112412	206.8329908123791	219.76720307069718	224.75591393295917	221.952	240.41824196597355	251.015625	250.6731313958083
117.93958496984297	62.42969333616563	58.84615384615384	195.6511674262034	31.60285966347766	117.17854125605282	56.045512839626866	56.04551290237916	117.17854122658358	117.17854138233633	178.49999991585	91.45908328653124	142.19076521771706	142.19076521508015	17.759601436811465	17.759602228053637	17.759602403623745	17.759602887029985	17.7596027210418	159.99517977853236	219.453479519775	219.45347954870783	219.453479519775	219.453479524748	219.45347945511256	203.07272727272726	239.0625	230.40972972972972	230.19405241935485	248.65726323502474
16.86019049176039	89.85526494981661	57.70016904383286	71.99616450855797	58.432738944949136	58.43273873166092	31.60285905999737	31.60285917574501	31.60285926115742	31.602859210867422	31.602859356070468	102.0	170.0	188.82426524171206	159.94318529233203	159.94318530434063	142.7251791602772	17.759601598231995	17.759602271918453	17.759602212421612	219.45347942766932	219.45347947228873	219.45347951480198	219.45347947228873	219.45347950485592	182.34246575342468	201.36418269230768	190.86466793303887	223.125	141.6251640884476
141.6442722396634	42.40528844360006	35.546520602168755	35.546520602168755	58.432738893172626	58.43273888620607	58.43273888620607	58.43273884757576	31.602859241267026	31.602859235853515	61.19999999999999	93.72383937307688	80.80183696608975	107.04412169350479	107.04412152353063	188.82426524782784	84.34460193718925	15.230678322382659	158.25766962624795	121.7910447761194	198.81355929566217	219.45347945511253	219.45347946656335	219.45347951231548	219.45347939783125	191.25	189.34959349593495	44.054756421619004	43.58043933905395	180.27906976744185
202.70672260167086	39.25226473762433	35.54652049514405	35.54652048768452	35.54652054488744	35.54652054488744	58.43273884757576	58.432738872273035	83.89032042501145	134.02854290821654	106.48449912292295	93.72383928884992	115.58427105711434	147.95587847646934	147.95587830649518	121.99405232385425	119.2173903665049	13.650149364783971	121.79104474800067	182.55681807809273	182.5568181818182	196.56726112772697	196.56726115242424	219.45347945511256	219.45347945511256	191.9354838846774	194.02173913043478	8.267790913630222	141.6251640884476	145.71428571428572
202.70672260167086	39.25226466749447	35.54652054488747	35.546520485198016	35.54652053343662	35.54652045129217	35.54652052771124	53.297647607864036	44.393698984648296	99.20879740910863	102.0034946947057	106.76383164667132	94.76585502039936	10.208797898085606	10.208797909380792	121.99405234302839	10.208797771523905	10.208797825661179	10.208797297293557	95.05681469565934	196.56726115242424	196.56726115242424	196.56726111379393	196.56726110682737	196.5672610550509	163.2	194.02173913043478	189.34959349593495	221.29466968959895	237.4712622398491
39.252264797433156	39.25226460687247	39.25226478431094	35.546520527711266	35.54652048022504	35.546520480224984	35.54652057233068	72.62397128660407	57.159413459065036	57.15941346159312	92.1409235222066	91.67907209689807	10.208797212508188	68.8552428918118	68.8552428599034	50.91807619702948	50.91807622676666	95.056814707668	94.7582920162042	128.50811021611497	134.45454545454544	168.34069969128467	196.56726126833908	172.12576649939905	153.0	191.25	59.34883257379664	197.6751833967556	239.49260817390038	141.08759163901777
28.24036914114933	39.25226467723496	39.25226470771992	50.65940492819834	35.54652047525201	29.838146387058515	63.07138041343032	72.6239712976112	57.15941342780977	0.0	96.12488546591402	57.15941347976343	57.159413448321516	57.159413455119875	53.29764766641597	43.342927186371185	43.34292723644214	118.1875235097416	94.75829206141233	128.5081102001642	168.34069960330325	153.1575275680203	153.15752753081188	153.15752756802027	153.15752810916246	143.4375	255.0	213.92391898672963	177.75273666446083	81.24235144375004
28.24036940028509	28.240369389527643	39.252264706433294	29.838146305349795	29.83814630124337	29.8381462995695	29.838146288008886	58.88548678995929	85.94671359221351	46.642492133662245	96.12488546591402	93.91133475155155	57.15941347976343	57.159413458802135	72.09578491913118	72.09578493307615	72.09578492959946	118.18752349448243	72.09578495053597	107.80304047156815	153.1575275680203	153.1575275345821	153.157527517863	153.15752753081188	153.1575275308119	143.4375	255.0	33.979810459357765	173.12695128108498	201.42729657638873
28.24036923126951	28.24036935081861	28.24036947036771	94.99424144864417	29.83814625833577	29.8381462432736	29.838146253326983	63.071380444664044	81.27721962560767	58.88548670587818	58.88548673175251	58.88548669416426	58.88548673138828	58.88548673138828	58.88548676861237	93.91133475155155	72.09578488953761	72.09578495484544	72.09578493583044	107.8030404422457	153.15752756802027	153.1575275345821	153.15752751786303	153.15752753081188	153.15752695246138	255.0	255.0	212.7119483616616	2.0078472293332084	7.745880437014222
254.68394187614024	28.24036940028509	28.24036939066832	60.32020578963511	94.99424144864417	94.99424149254489	63.98886664724782	78.50376419983334	75.61313251857143	78.68854977364677	58.88548669416426	58.88548669416426	58.88548672044041	58.88548669416426	58.88548673175251	58.88548684306042	46.642492133662245	58.885486817437624	72.09578495053597	135.30228754739267	153.15752753081188	153.1575275308119	128.1873365368344	127.50000004115043	119.99695416313926	154.4411469574843	127.5	102.0	190.79960939308097	214.16257706405713
221.55170232372095	73.31590772120006	28.24036935081861	60.32020570667285	60.32020565800073	94.99424142021834	94.99424140600541	69.17563502235555	76.22397336787401	60.96059170342161	60.96059159897624	60.96059140353785	58.88548666924041	58.885486715586325	58.8854867252945	58.88548674791875	58.885486757626865	58.885486817437624	58.88548676861237	68.74426355766136	68.74426329831326	106.27993104554884	68.74426326845807	102.0	102.56323177160544	160.62703519472805	127.5	102.0	58.56567686154469	254.68394187614024
41.412324077903634	76.76264897999997	133.22353079403325	28.240369368012608	60.32020569270654	60.320205677563365	94.99424143016324	94.99424141781807	94.99424141164548	57.477849405	60.96059142028659	60.960591370480586	131.6025910613402	56.77768080288675	58.88548669416423	58.8854867252945	58.88548673138831	58.88548676861237	68.74426328484515	68.74426331185163	68.74426331185165	68.7442633335485	85.99675297645993	85.99675292499998	85.99675292108739	91.31663816368786	160.62703519472805	4.506050496107434	251.59334424326573	98.22343825494244
24.414367301296124	76.76264894285057	76.76264889500001	76.7626488525	133.22353077050496	60.320205621527464	60.320205678740166	39.5348322208763	39.5348322567738	7.6113133352927775	7.611313396297646	7.611313466070811	60.96059134734702	131.60259110749382	58.96619576307802	58.96619574504814	56.777680813462325	68.74426326845804	68.74426328484518	68.7442632684581	68.74426333871776	78.45475163890666	85.99675296749999	85.9967529395449	91.31663819614073	91.31663820654975	61.04660656008079	192.0188729510733	184.42973355693846	234.76404870429877
1.9894826059398554	254.68394187614024	76.76264888747806	76.76264890593558	76.76264897999997	56.04797970443536	107.57693860302297	107.57693863578461	60.32020572531772	47.31170721393127	47.31170750130923	47.311707328380066	7.611313456501023	7.6113136753900505	68.89834705381935	75.44830901508945	68.74426295815641	68.74426326845804	68.74426329831326	78.45475149689483	78.45475154681688	85.99675284	85.99675279231764	91.31663819082397	95.29235670939812	95.29235663542633	251.83031625082418	33.325341418706756	213.4513699001002	66.55898377480548
176.5878040516875	41.412324077903634	68.00566042999756	76.76264886544314	47.82565704074602	0.0	54.42091672256328	55.68878963330596	74.68777074986073	127.79432104640095	127.79432126101611	47.311707270737145	47.31170724542048	47.31170731355553	7.611313241589613	78.45475123691074	78.4547514432029	78.4547514777409	78.4547514968948	78.45475149689483	85.99675284	91.31663819614073	91.31663816368786	95.29235670939812	95.29235663542633	0.0	79.07602310302718	115.85137662552987	3.082922770653255	12.36775883716669
56.2695658826494	43.94792712278306	1.0177287133659263	14.409014151269531	96.27562641868838	83.63881987709524	83.63881987709519	83.63881987303185	83.638819864905	127.79432107974101	127.79432104640095	127.79432114007297	127.7943211855348	127.79432120040495	127.79432111586074	94.5938492685294	94.59384919033613	94.59384919323381	91.31663826104653	91.31663818296104	91.31663821236717	91.31663819082397	91.31663820654975	91.31663814067872	204.3177098185135	57.70506827012892	0.8209870624055213	110.61924454525348	104.96172112560234	254.4669937530698
85.83113765576081	105.97492707148564	27.01249382867556	50.33831008208182	40.333365616098604	35.37769330823883	83.638819913666	83.63881987156725	83.63881988770822	83.63881989829653	83.63881987711989	83.6388198915823	96.88849597535727	94.59384922450269	94.59384915123945	94.59384919054375	78.59989545248536	78.59989531067089	78.59989532942396	78.59989531067089	78.59989527326098	61.51676927808592	61.516769240349845	61.51676920888295	82.77595861339341	57.70506827012892	57.705068295867875	99.63311178148385	8.443214024896946	15.5639372242822
10.067265151842065	9.358630879806952	12.648744563642481	19.543437493556098	26.272983563103423	27.01249382867556	30.02092627450091	30.374465792951497	56.758671672870065	83.6388198769476	83.63881988770822	83.6388198978091	83.63881993923687	94.59384898053244	94.59384916196493	78.59989534958899	78.5998953180671	78.59989530313169	96.36750739472873	61.51676927456501	61.51676924815828	61.51676913523579	206.5914137019854	191.9817856261043	57.705067992886995	57.70506832058675	57.705068302334666	237.15095774120323	254.22060016855002	0.0
1.095355571439569	9.858829090356778	9.290110862360763	12.648744563642481	12.890096659914946	18.395906003347847	35.55882505688615	45.684891360443885	30.374465792951497	45.684891360443885	42.768578068619036	54.61283193544992	83.63881988770822	83.63881986490495	39.3350700344275	26.949061944844487	26.949061899992927	61.51676916487767	61.51676923495492	135.61805967996744	130.75936024152873	61.904578967463834	26.929385614186117	16.909709564054424	255.0	57.70506824643013	57.70506810807879	209.15680077591406	204.28397184180824	255.0
