253.34932779009307	252.98518518518517	254.96852791165048	245.5712721264161	194.96981890744163	227.02991455829326	231.2337123080405	244.0953947368421	244.8	63.46666666666667	251.36393604938945	232.23214285714286	249.84208242578225	117.86666666666667	239.34759073400377	127.5	144.5	242.49300979589964	144.5	248.16964285714286	208.63636363636363	241.40327479908765	254.4066872145817	254.4066872145817	240.22301766054252	254.97137841166597	249.52590072237226	254.9343522840941	254.87883964519008	254.01660583099604
254.6767013083676	254.9950993929938	246.1093131639203	232.33333333333334	135.43956043956044	231.23371388552798	208.63636363636363	162.14785645502894	203.53702860577545	249.25841812337006	194.79992003446	246.969674895	241.25566655046077	195.59659079795648	204.289772611199	231.4157342537826	247.6844262295082	237.74858236984292	244.21097770154375	233.8151864317787	221.23394757551034	228.3888631851798	212.80771341916318	242.28766882190524	234.891950620067	241.0777411320405	251.52239171668512	254.81704400510205	254.93435228410632	254.92559501674472
254.43039226465123	191.25	153.8547486102281	252.96	228.2809592022531	162.14785657941133	204.0527247626762	204.0527237336445	135.67775628364262	227.109375	174.61241434457614	245.45837827670314	240.24945219481964	238.61765210519937	236.08608522843036	216.14068846707022	231.22593665838681	230.47675133142155	239.3334974084015	228.88233882578524	219.4319236554223	227.25580270793037	244.66216216146367	197.625	232.87172190177955	238.94486607904224	253.96938248999177	254.53171576545822	254.8900177961083	254.74585862363998
0.0	207.11666666666667	231.39608952371393	132.8095124331184	106.49103805792521	0.0	177.08333342187498	135.67775618370618	142.06214791006514	244.8	89.21591921591923	74.95106416032311	191.25	194.53381294964026	74.95106416032311	178.9736887848373	78.74419980887203	206.92211156496253	142.86240848688672	214.76051461622072	214.23338636886518	220.2214752699434	229.90945720164808	238.08673469387756	197.625	249.63198511060827	252.4793610813407	253.96938249009958	253.87820179092046	254.57565284178187
20.294145173773188	79.64190263650843	9.24714186916546	87.65702481186065	215.9866680585454	0.0	163.62252744822973	64.61538461538461	106.63636383994216	186.04610895740916	202.50097376747445	34.61538461538464	191.25	224.82993306655726	229.57063704	232.23214285714286	129.65798554080558	242.78953229398664	242.78953229398664	192.09790157012165	239.33349740515186	239.33349740468947	229.61538459345633	219.67455619775228	248.200000017	231.14795918367346	253.15242582576568	253.96938248973854	252.45641237780214	254.8186666644
90.15783082370393	236.7551673145308	222.65381521936712	157.16256480814002	79.15133135032181	178.2178622735178	178.23735127499998	106.63636365090491	92.02145013063483	156.46233973412853	107.93386164417785	191.25	159.8	204.0	34.0	67.99999999999997	214.44406538598489	129.6579854697174	129.6579854697174	180.93479041920796	223.5710264868187	209.10215291902688	248.7037037037037	193.83445945945948	247.153846146	247.153846146	248.49489795918367	254.0714610832954	254.84453589391862	253.06343144716283
81.3007728683805	223.44514598757272	3.99117300283001	28.555715745928325	178.23735113097945	178.23735116789447	90.11994502240688	92.02144954212719	153.23574689967683	134.71960175625003	157.13203535753348	191.49599202515043	199.81014842940974	199.81014842940974	176.75048952308072	116.00625006881612	77.89932949978075	131.35827246368382	131.3582724602226	188.4677226487442	157.78452794620355	129.65798554080558	236.3522011914095	236.3522011907852	250.29362411907826	252.86312849164995	242.25	248.96449704142012	246.58481737884938	253.0634314472193
81.30002209052276	4.089554141438782	254.77615658931077	178.23735102	178.23735110500002	178.23735111252194	178.23735113455692	77.90299127927693	151.6239721813073	153.23574712390314	164.95577479194338	44.99443060363686	165.12738853503186	199.81014842940974	201.5044668473055	87.1384498834868	74.68777075655416	192.8325091910309	213.26582849106035	157.78452785924406	181.80671053769834	215.76923076923077	201.22241224671865	181.28846924833988	223.8813559216547	223.8813559322034	252.91631445267706	247.7589480914427	246.5848173780458	254.7585798822
109.50728293252925	38.67055409012943	141.3477676213887	39.230769230769226	39.2307692307692	136.95064263965966	77.90299127927693	77.9029912206432	77.9029913625148	178.23735101999995	71.13271475438313	44.994430524483334	182.61549371354036	165.12738853503186	182.32274987234482	165.1273885350319	185.830948432808	169.01522189020153	210.27004103686065	213.35867432575822	189.32745889733835	233.32132564841498	230.2325581395349	201.2224122948593	231.2654409635353	233.75	242.25	250.12575452716297	253.81944444444446	251.73076923076923
35.99435395311167	73.92792308310715	1.5714088234039423	0.0	58.11071780385021	117.17854150809637	77.90299127927693	77.9029911497075	77.90299122064326	77.90299111134033	71.13271474632674	182.61549315955097	182.61549311672977	182.61549315798607	182.32274993895413	137.8201555662304	137.8201555662304	168.0393425570041	200.33573966153043	200.33573967466452	197.98026657787625	213.6047291631729	213.604729164964	208.33176099	235.44401539461091	234.29780234493046	250.75442247658688	247.91666666666666	254.45218354536604	254.3625
205.51186337250437	249.41007306731194	180.58643794340912	117.17854127917988	117.17854122918652	117.1785412470974	117.17854124411568	77.90299127927693	77.9029909901017	77.90299111134033	194.19230762541923	182.61549289879417	182.61549311672977	182.61549319558327	182.61549326072355	181.2846754118023	181.2846754118023	159.09142408216525	214.93061573214388	200.3357396337148	200.3357396464719	217.44393298503013	221.88020530526472	221.8802052617263	58.08462286224784	235.4440153681656	254.082	242.94896030245746	252.69422743055554	254.3680365650727
24.370211063214043	1.0881824839501064	0.0	178.24546888486952	134.92552669983712	117.17854125605282	119.33587736576669	119.335877485619	117.17854122658358	117.17854138233633	194.19230762541923	168.82022345504907	92.48219957004497	92.48219960759644	152.94239207865127	152.94239205926175	152.94239256205725	152.94239207865127	152.94239352860967	159.74186084742158	170.61559600575652	170.61559605288457	170.61559605926885	170.61559603539945	170.6155959435569	234.39393939393938	243.93229166666666	248.36336336336336	254.7613047235023	254.53171576545822
79.66171650188565	89.85526494981661	27.73548727941244	155.65596279056598	87.03228976750984	87.03228970752801	134.92552639809696	134.92552647917762	134.92552649867702	134.925526548967	134.9255265408837	174.47368413	191.25	202.9027547600869	173.1225164255594	173.1225164561463	141.1583245797925	152.94239079961739	152.94239243701332	152.94239251355282	170.615595880636	170.61559598433172	170.61559601178845	170.61559598433172	170.61559602385233	210.35118306351183	252.85456730769232	253.7241426901992	252.96	253.760847894783
68.99184065612596	0.0	84.3844039761477	84.3844039761477	87.03228976760488	87.03228978763048	87.03228978763048	87.03228978008184	134.92552647917762	134.92552649974633	112.20000000000002	36.6310462787533	17.607919264917996	104.7657653836815	104.76576565910602	202.90275477055786	158.37399420034586	138.32610672789244	85.30539153629084	171.26865671641792	177.20338982391553	170.61559569712347	170.61559597074012	170.61559598804826	170.61559602385233	212.5	45.60975609756093	245.67743730283107	207.95324914565157	180.27906976744185
180.71279961900876	18.110407652639083	84.3844039761477	84.38440401195174	84.38440405644309	84.38440430287656	87.03228981969195	87.03228982768172	160.88554189423417	157.13203535753348	106.48092447477995	140.9605331234972	116.72962598453122	150.23423434089398	150.23423461631853	118.44479612166307	117.52189074339199	127.40394433759555	171.26865670363668	202.3140492742534	202.3140495340909	167.96771017231828	167.96771021991816	170.6155959435569	170.61559618999036	222.09677419354838	199.56521739130434	251.5017975576813	58.28028193275878	145.71428571428572
180.71279961900876	18.11040765795508	84.38440405644312	84.38440398821152	84.38440402925985	84.38440394711546	84.38440401566828	104.95872431739886	86.06483505285027	99.21126501233155	99.53181581846965	100.92473774807468	151.90162119235669	109.95281590931017	109.95281584287267	118.44479614163029	109.95281578308729	109.9528158913615	109.95281592314674	81.87748354385366	167.96771018030807	167.9677102067148	167.96771021236952	167.96771023239512	167.96771023249016	239.7	199.56521739130434	45.60975609756099	255.0	87.77813724261034
18.110407485961844	18.11040761096976	18.110407716739473	84.38440401566828	84.38440394073118	84.38440399424348	84.38440411936398	106.89366733957567	127.42160245001489	127.4216024588276	93.26958259792758	96.12931267363032	109.9528156519757	97.53888726951087	97.53888733902528	96.8152098209546	96.81520983883468	81.87748357444062	142.74091078864356	216.19619451791945	166.9090909090909	190.31794388110725	167.96771029247202	194.10398693018465	198.33333333333334	201.875	76.75453111513048	228.34871847047805	178.65099357309418	9.520880495723532
0.0	18.110407472613787	18.110407735977645	34.96095206881256	84.38440396460055	61.39098860759097	107.5639801562308	106.89366733825108	127.42160244120936	87.8937565638891	100.04719903843704	127.42160244364575	127.4216024638963	127.42160249402083	104.95872434107093	91.74458235440233	91.7445823671394	141.7471101114787	142.740910652036	216.19619446860366	190.31794401898821	177.09700888865967	177.09700900989833	177.09700888865967	177.09700872072307	239.0625	186.0892707540482	58.59967736019806	95.46413065272532	81.24235144375004
0.0	0.0	18.110407677549915	61.390988412064274	61.390988521775824	61.39098854836905	61.39098852458346	115.81705270420213	85.47198551403423	90.17154161668532	100.04719903843704	255.0	127.42160244364575	127.42160245714611	103.18170252777011	103.18170252623185	103.18170252186465	141.7471101228627	103.18170259762107	183.8672852536733	177.09700888865967	177.09700877935674	177.09700885029253	177.09700872072304	177.09700872072307	239.0625	186.08927066430186	244.12204193161875	8.149056068996629	237.2394010006285
0.0	0.0	0.0	117.17854150809637	61.39098847886822	61.39098844787836	61.390988749621755	107.56398010272005	81.8192500950571	115.81705270420213	115.81705267170864	115.81705271391203	115.81705269192904	115.81705269192904	115.8170526699461	100.04719903843704	103.18170247310735	103.18170253377914	103.18170253377914	183.86728524561687	177.0970086374852	177.09700877935677	177.09700872470532	177.09700872072304	177.09700872072307	186.08927062205782	186.08927064011823	43.531485948114465	77.33098160588389	135.10222471098652
109.68656380318882	0.0	0.0	136.11272018028114	117.17854127917988	117.17854138233633	109.5644364013875	77.79259038707039	77.91695191116304	78.18668072906465	115.81705271391203	115.817052713912	115.81705266978253	115.81705271391203	115.81705269272894	115.81705262598012	81.95209442485177	115.8170527386217	103.18170251005375	114.15208345679147	177.09700872072307	177.09700872072307	163.40129598113387	138.60895656213796	168.66836947295656	184.64395220962928	204.0	102.0	0.7510752758790034	179.0346508339469
131.24308211199946	60.66363235609373	0.0	136.11272005624153	136.11272003523146	117.17854124411568	117.17854122658358	68.26741922568306	77.27269803150546	131.44286907756043	131.44286885334287	131.4428686337787	115.81705265830934	115.81705268125572	115.81705265830934	115.81705270420213	115.81705268125572	115.8170527386217	115.8170526699461	111.98172627136361	111.98172603742839	138.13336626790152	111.98172607192404	192.53801157517586	217.95239957676583	32.065110190743184	204.0	102.0	187.88491907516786	184.25962860203032
0.0	178.23735127499998	112.94057092758646	0.0	136.11272002472646	136.11272004127105	117.17854122918652	117.1785412470974	117.17854125605282	111.70237081499997	131.4428687584738	131.44286865736063	51.096821475223436	109.27444676084158	115.817052713912	115.81705265830934	115.81705269192906	115.81705266994607	111.9817260154893	111.98172598513682	111.98172598513676	111.98172600683361	133.33408001004548	133.33408006	133.33408006541805	118.02504267863137	32.065110190743184	95.84909881274609	253.33175801602545	148.05760590875644
11.534791858763072	178.23735116789447	178.23735110500002	178.23735102	112.94057083382611	136.112719971766	136.11271999321133	75.13337349216269	75.13337355442985	87.02814646299717	87.02814640204781	87.02814644942234	131.44286867409153	51.096821495914924	147.2585649161482	147.2585649219689	109.27444677330126	111.98172594174318	111.98172591557184	111.98172594174324	111.98172580349319	107.46163782979264	133.3340801025	133.33408004696048	118.02504270578888	118.02504272311089	39.3350700344275	6.344969746635286	212.36907390732074	239.80084566616745
24.425322360858303	20.20113026226909	178.23735111252194	178.23735113097945	178.23735101999995	56.79209174332303	125.34201445919444	125.3420145302826	136.11271976325085	106.3386070431103	106.3386070908929	106.33860717735743	87.02814648282637	87.02814637578646	68.54837206472072	81.2268962364036	111.98172567185867	111.98172581156234	111.98172588755213	107.4616379304706	107.46163800297245	133.334079975	133.3340800679517	118.02504270278556	101.64032538319242	101.64032534031708	6.2759917347307805	6.664998846759488	86.81048153223034	10.710563793827475
61.774284139593476	11.534791858763072	75.28929536726451	178.23735113455692	49.03869729926049	49.509782498504364	52.43233058224149	55.38846891099581	140.9605331234972	20.67617012393714	20.67617020884208	106.33860709089294	106.33860710148824	106.33860716093105	87.0281462755909	107.4616378004786	107.46163791638253	107.46163794524583	107.46163797380132	107.46163799546667	133.33408022999998	103.32634702414089	103.32634699406913	101.64032538319242	101.64032534031708	0.0	79.07602310302718	5.8017689387120015	73.93074995693439	11.800543706481704
8.66453828068731	0.1107130300802055	8.687215780798027	10.92882925721625	255.0	97.8665441676527	97.86654416765268	97.86654418767534	97.86654422772068	20.676170057391005	20.67617012393714	20.67617020884208	20.67617020923771	20.676170259507217	20.676170251888067	74.24266589985388	74.24266586582931	74.24266584613613	103.32634708428441	103.32634703116943	103.32634703917677	103.32634701810946	103.32634699198945	103.32634705786046	155.65596279056598	57.70506827012892	58.82161429842378	12.704527671893743	244.7144631065938	165.5239190482302
1.315395397344929	14.13707539680172	30.374465792951497	89.85526494981661	155.65596279056598	10.064162751886442	97.86654413611257	97.86654417479431	97.86654419093531	97.86654417104285	97.86654421082775	97.86654421332872	27.42969990839248	74.24266584613613	74.24266584881701	74.24266585220539	115.20137094405618	115.20137081853574	115.20137083728875	115.2013708466653	115.20137080201926	182.41126117680608	182.41126115505844	182.41126124204897	14.214236831995947	57.70506827012892	57.705068295867875	11.800635185373864	82.65172123918609	244.19078624604646
10.178322593745833	9.997962349934028	12.318815095620408	18.962938508112416	26.155510038834194	34.24016530082338	28.972316102346298	34.24016530082338	143.7916034413019	97.86654418017469	97.86654419093531	97.86654418767537	97.86654422772068	74.24266575585537	74.2426658461361	115.2013708493786	115.20137083752849	115.2013708256921	124.10398766402554	182.41126114736036	182.41126114736034	182.41126112480936	52.10880364579657	75.25205516395567	57.705067992886995	57.70506832058675	57.705068302334666	110.87342302564863	14.221494285774668	0.0
1.0810106458845894	9.806754392816742	10.368925630984876	12.402771183424647	0.2750347166196434	20.153980423092747	2.755932010396407	27.01249382867556	30.374465792951497	40.76568839783258	37.841467812178905	14.214236831995947	97.86654419093531	97.86654422772068	39.3350700344275	36.200998147280956	36.20099831307684	182.4112611115632	182.41126114736036	54.46795322794003	51.32336241276914	30.141800690389545	56.85704383181013	254.47072648781975	69.25617754596345	57.70506824643013	57.70506810807879	9.027421107734511	147.46152648018918	0.0
