254.97504174356374	252.14453682222222	242.1342809346118	194.51844218029953	223.55561939472392	157.5309610126202	109.39245592518148	50.981359649122794	48.44999999999999	244.8	85.59801013774177	133.57142857142856	142.8208832404501	244.8	238.6262465677563	232.9	232.9	160.89929988383227	232.9	143.11874999999998	234.13636363636363	250.28191084995237	113.29588336758906	113.29588336758903	251.4204333353267	149.36601057926154	254.48065286057778	239.87365799625957	243.0813038841631	254.14771914083278
254.99686166617903	233.46268456172666	254.28128097942837	228.01587302666667	227.9565672445055	109.3924584990844	234.13636363636363	156.56731694554736	141.9932065219845	81.45976184982206	255.0	101.82724005	56.44703202705767	215.59090896841425	215.59090896841425	230.54497595820385	138.99590163934425	225.81397343782834	165.58962264150944	185.47839877000024	246.96764815342624	228.2260360767598	246.5873504333249	207.87623497421902	234.63564420819858	241.42720995776776	222.00416028199606	205.9121015625	239.87365800083026	254.79583272594752
254.16769005541946	253.08466666666666	235.25937750615685	69.10499999999999	228.2809592022531	156.56731687074	80.10308755467344	80.10308740790742	130.16355477407205	35.859375	112.95325837748803	83.72091215955592	60.92123193267986	113.72043364238482	58.11093217253321	214.92757345387304	161.28847649779357	163.25327734535028	155.91193845577038	166.07123245528157	219.19577546421218	210.11605415860734	222.6611226920717	243.66666667799998	231.72722963096675	238.07465664743776	216.21566519160388	223.58381800696097	244.55193072278135	253.792249027012
140.2177684328748	253.08466666666666	228.2809592022531	169.66869497194386	245.16105927435066	89.21591921591923	101.19047620312503	130.16355477339067	137.0257723710239	0.0	89.21591921591923	234.0203338339116	84.99999999999997	71.42096608427545	234.0203338339116	172.04849385774804	230.2948127419149	205.6347089875532	239.28204807783607	215.23608048406493	215.0893137244618	238.9903155859159	212.52816664887874	231.32142857142856	243.66666667799998	200.02549259064102	221.5603903297154	216.21566519435163	252.80127551020408	254.94752305021697
247.77838862029142	61.65832671321567	133.14963217366878	124.24651032328526	42.99124216759557	64.61538461538461	83.10715344124577	64.61538461538461	101.5584416380726	80.85041149221138	81.80056524872677	64.61538461538461	85.00000000000003	57.028286643775346	73.46191393500001	104.73214285714286	215.89494818400271	64.93318485523386	64.9331848552338	200.45814048653915	155.91193842382444	155.9119384284947	224.999999989819	224.999999989819	215.769230781	231.32142857142856	232.78003833912038	216.2156651807643	247.8089738297657	248.9644970448
184.8048097361019	239.4908610912883	73.92849829119876	15.972189472959542	31.314767813846146	193.68615538633028	11.668160204999992	101.55844158498522	87.29232615582123	50.423239756493246	133.23725045596416	21.24999999999997	51.00000000000003	25.5	204.0	204.0	43.50242812681324	215.89494812900477	215.89494812900477	229.16164802819895	140.34466381731824	248.02338520202815	140.40740740740742	233.55855856621622	215.769230781	215.769230781	243.16071428571428	255.0	203.50406950160038	254.84940837955867
17.707862942394627	0.1704774536956677	101.96186416159745	16.58696474180286	11.668160093920989	11.668160130836014	85.20870614894736	87.29232578476288	47.81824692474589	67.95884130000002	59.264070933906396	29.126524033407264	33.62443907490501	33.62443907490507	175.21995003488553	183.66337929310393	227.02412006261423	228.9926319131231	228.9926319074739	187.86486142471216	219.41716836672705	215.89494818400271	199.7711323039341	199.77113230408	235.1476509672571	239.16523420790273	244.29	255.0	254.0087309528766	254.84940837965226
39.26143593729833	62.83621710161387	200.65380766120808	11.668160077500005	11.668160120000039	11.668160075463504	11.668160135903463	73.59087799420746	46.54936129155291	47.81824738124803	14.912092738148004	122.49117872653011	163.5031847133758	33.62443907490501	70.94947500019623	179.93003263872026	179.93003263872026	117.48722683144783	86.0925734420754	219.4171683691457	156.886026033637	255.0	244.1181316866883	243.79561927390313	249.68057366514594	249.68057366694916	240.27049873774922	254.36429722489328	254.00873095302543	248.9644970448
0.12669598413259564	65.91281543215439	36.823416177059386	39.230769230769226	39.2307692307692	35.285495262492475	73.5908779942074	73.59087770528203	73.59087776484455	11.668159949999989	102.24285530337872	122.49117863253514	24.975042581419643	163.5031847133758	154.22272140500337	163.5031847133758	108.09698514450062	171.3985903405011	154.980771092184	154.980771092184	177.29520146518635	156.89481268011528	161.1627906976744	244.11813169038075	250.3116920495053	248.461538465625	226.6666666695	244.5674044282696	253.81944444444446	254.34228493384614
15.812349023318035	212.93851281194085	236.85674370995096	39.230769230769226	54.1760517396327	36.55815588547094	73.59087760864045	73.59087767550076	73.59087770528203	73.59087751367008	102.24285532052514	24.975041698139364	24.975042499798036	24.97504245992917	154.2227214604661	226.3338054141124	226.3338054141124	170.43867676148543	100.59955910254371	100.59955913503683	202.74055108085847	165.70937447593494	165.70937447518622	237.72516403875	237.06497710028592	217.37161218751794	247.4523066235692	247.91666666666666	253.70147210713807	254.55018
250.51777304133003	241.3979875153293	131.24308211199946	36.5581561143874	36.55815606810825	36.55815606335727	36.558156103447885	73.59087683750636	73.59087770503217	73.59087751367008	86.30769240263078	24.975042786410455	24.975042499798036	24.975042750381334	24.975042786410512	68.36995644908578	68.36995644908578	157.42670769703915	84.05816454178478	100.5995590177915	100.59955909272523	219.96190076180886	224.29871033315723	224.29871028998429	39.874039214589885	237.06497702298415	242.65800000000002	247.28733459357278	253.81944444444446	220.18221797297036
126.43340348258178	120.16473418605071	39.2307692307692	65.06277227445088	9.711411021613571	36.55815606098176	32.62630522246468	32.62630519924787	36.55815609797804	36.55815625268963	86.30769240263078	22.4872815902103	135.80106214596336	135.80106212382805	151.2419565875395	151.24195670521192	151.24195658753888	151.24195803775802	151.24195774767801	159.63798114584105	235.0306960942323	235.0306960618989	235.03069604071996	235.0306960791886	235.0306960554661	212.13939393939393	247.91666666666666	236.3439039039039	236.12267185099847	223.58381800696097
0.12669598413259564	8.190895078656808	27.73548727941244	6.562921269940745	37.99187731573707	37.99187726659582	9.711410719873413	9.711410811907939	9.711410820453438	9.711410870743492	9.711410806917286	39.84375	63.75	35.51791691495964	116.77541970339644	116.77541971864625	141.48830812354578	151.24195607538974	151.24195581911812	151.24195629249618	235.03069604910115	235.03069606511534	235.03069607360112	235.03069606511534	235.03069613936344	186.72478206724782	210.35456730769232	133.18298171118897	0.0	189.924892455267
47.01442114667023	27.73548727941244	19.969303967661233	19.969303967661233	37.99187734421295	37.99187730928156	37.99187730928156	37.9918773435443	9.711410811907939	9.71141085392577	30.599999999999966	140.9605332114484	140.9605332114484	208.69062669621593	208.69062689595552	35.51791696824779	20.568271113686933	136.6461850608256	218.02067692121167	117.98507462686564	220.4237288322393	235.03069580903264	235.03069606189894	235.03069609004172	235.03069603233874	212.5	200.40650406504062	18.315018308424868	64.36201600982676	107.93023255813952
131.3349167810665	18.110407652639083	19.969303860636558	19.969303909958285	19.96930394453392	19.969304190967335	37.99187730393422	37.991877239418784	28.585870795057758	43.382286616298956	106.35440261862072	13.085759023430995	116.03869550713586	46.30937310404451	46.30937330378404	127.5	119.24052236118351	125.78653218311493	117.98507463709066	205.67698231779718	205.67698257954544	217.00812276058122	217.0081226564557	235.0306960554661	235.03069630189955	211.12903224435485	210.65217391304347	189.2883543297626	189.924892455267	80.14285714285714
131.3349167810665	18.11040765795508	19.96930394453392	19.96930392639888	19.969303938101035	19.969303938101092	19.969303934884664	46.19677620646539	21.55494761687791	99.47504398184199	99.9274363766537	109.22091998669015	40.61638159011957	108.32461697671428	108.32461672038343	127.5	108.32461679931103	108.32461674517396	108.32461677488513	138.22458028135372	217.00812269606578	217.00812266965906	217.00812269071844	217.00812265578705	217.00812268426296	198.89999999999998	210.65217391304347	200.40650406504065	237.2394010006285	185.67363008649505
18.110407485961844	18.11040761096976	18.110407716739473	19.969303934884664	19.96930395928004	19.969303905767674	19.96930395089882	35.47356339729484	28.9990206958596	28.999020697056096	92.22556908529072	91.45015526013194	108.32461652813535	97.83937168066944	97.83937171040733	75.81957428541622	75.81957426700686	138.22458029660362	91.36802631945159	141.87155886243005	139.0909090909091	194.16649084155813	217.00812273340418	197.89540198576438	164.33333333333331	212.5	189.93722772554912	161.00987714717166	110.31558729848012	211.1959673181089
18.110407485961844	18.110407472613787	18.110407735977645	32.42701050637112	19.969303920811427	14.05643554320855	35.752489984036316	35.47356345126835	28.999020680260912	85.21071786538263	255.0	28.99902072040146	28.99902068448418	28.999020676257857	46.196776272536624	71.05402139095929	71.05402140331205	118.60979131787508	91.36802630456	141.87155878481772	194.16649042996195	181.4091224863299	181.4091222949678	181.40912248632992	181.40912316249364	154.0625	94.99424144864417	82.50178321519559	237.38621950573614	0.0
18.11040761096976	18.110407652639083	18.110407677549915	14.056435562108334	14.056435543208579	14.056435559385278	14.056435553939195	39.58574016027097	85.89101611176434	80.88657374489713	255.0	255.0	28.999020639349453	28.999020696456597	90.38566014716636	90.38566012853897	90.38566012739872	118.60979132106476	90.38566017543076	152.75714467947483	181.40912223515545	181.40912229471797	181.40912232449926	181.40912239135957	181.40912200579257	154.0625	94.99424143016324	32.21499330611124	124.17784769533912	237.2394010006285
18.110407472613787	18.11040765795508	18.110407716739473	26.08351197377587	14.056435543208522	14.056435536112929	14.056435537600919	35.752490001081696	81.10576615220046	39.58574016027097	39.5857401635341	39.58574017221301	39.58574016469933	39.58574016469933	39.58574015718568	255.0	90.38566009949557	90.3856601240457	90.38566014306068	152.7571446966213	181.40912223515545	181.40912229471797	181.40912232449926	181.40912219857609	181.40912200579257	94.99424142021834	94.99424141781807	134.14309173296857	36.23015303099237	231.92716691836728
239.08100158428996	18.11040761096976	18.110407677549915	20.062315487096754	26.08351197377587	26.083512183713026	53.54483794191924	78.12764215692602	76.73779210392314	77.55179795655451	39.58574007541111	39.58574007541108	39.585740149040106	39.58574007541108	39.5857401635341	39.58574023896023	80.88657374489713	39.58574023456262	90.38566008786341	161.10138901405298	181.40912200579254	181.40912229496783	149.2309271534206	150.89668593840264	131.2441595891066	189.9650925938522	0.0	51.0	37.86599642670487	212.21834115512505
131.24308211199946	185.73746739081872	18.11040765795508	20.062315552920722	20.062315510462696	26.08351204227617	26.083512076526347	69.29516815067558	75.54565663203701	13.42589099971687	13.425890861652448	13.425891206199935	39.58574017332356	39.58574012475671	39.585740173323586	39.585740160270944	39.58574016679725	39.58574023456262	39.58574015718568	65.94456770696976	65.94456744597616	110.6214533474259	65.94456749914855	135.39439815193208	112.17639024659525	173.63806231893307	0.0	51.0	218.76987269716105	240.59879354807882
0.0	0.0	29.932367305825835	18.110407735977645	20.062315548275564	20.062315479966145	26.083511995047928	26.083512024797272	26.083512039671888	20.76754323	13.425890927789084	13.425890885476178	103.36821305658856	54.117783360871925	39.58574017221301	39.58574017332353	39.58574016469936	39.58574015718568	65.94456733313905	65.94456736896768	65.94456736896768	65.94456736896768	96.07143098098746	96.07143096499999	96.07143092561486	118.02504267863137	173.63806231893307	252.41911473567347	169.63986352785128	247.83477993726757
0.0	0.0	0.0	0.0	29.932367212178207	20.06231547640087	20.062315425546615	102.22566116899469	102.22566118796371	85.62724339724849	85.62724345232618	85.62724353605572	13.425890875439308	103.36821302554912	31.823730576289364	31.82373059411421	54.11778335662021	65.94456736896765	65.94456733313905	65.94456736896771	65.94456718498265	82.22290103443555	96.07143092250001	96.07143094407238	118.02504270578888	118.02504272311089	193.81768016709603	240.9560251454847	11.800674594227587	216.53578529539283
8.432611118431936	239.08100158428996	0.0	0.0	0.0	56.26851250174843	39.105051815997314	39.105051870995226	20.062315465704955	10.23817268707296	10.238172844328915	10.238172757864362	85.62724335529535	85.62724335572554	69.57051942781294	75.19123030490329	65.94456710746476	65.94456723878679	65.94456729609993	82.22290069941462	82.22290063860498	96.07143105	96.07143080122049	118.02504270278556	116.50241349085599	116.50241340526273	255.0	24.418501272189587	52.46044128613056	1.162749192514724
188.45165928726158	0.0	57.90674862821123	0.0	49.10285426182571	63.58809709791427	55.58318184138207	55.16794838105341	0.0	141.83245222517985	141.83245214188796	10.238172729042901	10.238172733120678	10.23817280671517	85.62724335039692	82.22290056942256	82.22290068686135	82.22290067077594	82.22290065608388	82.22290069941462	96.07143105	118.02504270578888	118.02504267863137	116.50241349085599	116.50241340526273	69.94802710171192	37.54600569256246	36.75853278077392	148.0600924034694	32.86127598611577
35.466157703075964	7.182759297294723	10.733880029504945	20.222993288046553	143.7916034413019	9.48317882694127	9.483178864107202	9.48317883886918	9.483178937056977	141.83245212852847	141.83245222517985	141.83245226283114	141.83245217354883	141.8324521955618	141.83245214773325	124.95641356563002	124.95641354115148	124.95641355476417	118.02504291177755	118.02504272555842	118.02504271936763	118.02504270278556	118.02504272311089	118.02504265723985	255.0	25.94767772596174	92.90656180887905	12.704527671893743	38.4716936301885	217.06707265016703
176.18349166161127	250.1001569233917	50.852469013865004	28.743041690255836	23.03024490733773	73.1949434049001	9.483178793921809	9.48317889520871	9.483178830644846	9.483178831845322	9.483178894008176	9.483178893207878	186.0140707166567	124.95641352349529	124.95641352891221	124.9564135337103	99.01663427158462	99.016634339327	99.01663433932703	99.016634339327	99.01663424264521	68.72357206915152	68.72357209135993	68.72357218493744	255.0	25.947677583643525	25.947677551569484	1.6679274960263797	254.96651980208327	12.704527671893743
10.045964696390769	9.912097733949224	15.818870231321	19.33078732987579	26.14036660378241	50.852469013865004	29.91121611074945	64.2375798748107	143.7916034413019	9.48317878760227	9.483178830644846	9.483178863646486	9.483178862725055	124.95641342163154	124.95641352349531	99.01663426122246	99.0166343470361	99.01663431223915	129.63279208208695	68.72357209989613	68.72357207348935	68.72357196280583	243.3216553643464	69.25617754596345	25.947677562684618	25.947677562684618	25.94767752696606	254.79446278824634	28.61952973113563	0.0
1.0765188614333283	9.915167694773828	9.75195733987482	15.818870231321	97.1008004882444	18.71208565770246	134.73251524511676	40.76568839783258	64.2375798748107	40.76568839783258	40.76568839783258	220.97746225803277	9.483178830644846	9.483178862725055	167.58900253029617	126.08667980766043	126.08667987158685	68.72357213577683	68.72357206028602	179.56473719480158	175.4028284441045	102.67211220521844	63.685783557240825	23.628937431080374	69.25617754596345	25.947677529339302	25.94767733279764	254.17011100871943	193.1391233449667	0.0
