254.95387370267903	254.3781435762963	235.6571380755881	232.62805697064613	230.88531189445527	204.95756177884616	170.52101056387576	94.69298245614033	163.2	199.46666666666667	201.65487819630152	133.57142857142856	205.0149481793536	214.2	202.4876810712704	218.166666661	221.0	147.17028984153924	221.0	159.1017857142857	220.22727272727272	252.72562245262304	227.43934138177156	227.43934138177156	246.28695231147128	245.93923145311385	252.80982328792464	235.68882493410285	218.36310864929163	254.90484118457758
254.99908284917763	241.43714246432913	254.6752351443104	242.40740742	236.11111113186814	170.5210080459996	220.22727272727272	196.89752955225032	181.69565013717292	195.40704801932495	247.34247936411936	179.44444452	81.46961206860323	34.77272725297004	52.15909087945511	190.9237522973027	170.46448087431693	217.83391018828237	140.0021440823328	165.84323258681601	235.0510178947592	234.11495543063637	250.43604915566107	233.68131894580867	234.51303782581655	241.1091436607933	246.37397594263754	218.93542155612244	235.68882493390672	252.4693210429069
254.35523266694346	249.67962963013332	239.96275607932793	199.92	231.79632520868742	196.89752945396793	133.92217723943673	133.92217707845415	172.55892753548244	69.0625	88.00976964308154	166.51819004787194	165.3152055297292	177.0265422691415	159.3331660013553	166.73211265824784	147.5262592902415	145.93814010651374	147.45681943184758	211.5819318156839	220.6953849318498	211.71905222437138	222.6611226920717	246.5000000085	231.58594626968267	238.09908414960987	209.3568961362422	203.0670733484321	231.4941016308177	252.4608044855771
251.09549485182453	250.46666666666667	228.2809592022531	251.3704198171879	236.6156540925408	89.21591921591923	147.5694445625	172.55892745872652	175.2410598466888	163.2	124.73566973566975	247.45412804446516	84.99999999999997	91.87338129496402	247.45412804446516	198.33333331997687	189.73070362959643	156.78894877361796	213.47432148338766	215.01919572804317	215.27702175970225	217.4282768358791	200.47168836719598	200.2010204081633	246.5000000085	158.46679729370496	207.89804993620072	209.3568961394696	243.22381112036652	254.83041414650538
227.15133923397988	33.73748658106854	207.57916533137978	233.0330166856263	221.16143958507215	64.61538461538461	130.92779881369984	93.46153846153848	143.16919187038422	126.7629564862973	111.34271103783232	79.61538461538461	85.00000000000003	124.70570016742764	141.66666678	133.57142857142856	224.40695067628167	171.23051224944322	171.2305122494432	200.32647364808798	147.45681939699315	147.4568194021836	227.66272188585236	222.1153846168726	231.461538438	194.1122448979592	204.57275390625	209.35689612347937	243.1980692270486	252.8272189398
47.870447448658666	196.3065926719014	52.92268482954577	43.66460473462109	32.103871837210704	132.49332199793224	56.57143124999999	143.16919192884126	127.3276916118623	89.96335202638576	75.4743388695413	42.5	66.76363636363638	102.0	136.0	153.0	128.23731996700002	224.40695052510378	224.40695052510378	203.5645000138242	100.81510005176193	228.15148063225556	166.60000000000002	233.55855856621622	229.5	229.5	209.3341836734694	254.88393263541192	224.35466666666667	254.59580204894186
65.91281543215439	76.84172523282251	246.00356125613428	146.042865903507	56.57143117793993	56.57143117793993	127.06991233482793	127.32769130843035	86.44067765183854	106.24999989375002	59.264070933906396	96.74346386380199	107.21090783569207	107.21090783569213	124.24581485899483	225.52256946540157	236.2068463954668	217.80589390874064	217.80589393863391	188.97201081389088	204.64422634346963	224.40695067628167	179.94915694781082	179.94915694666196	118.08724830233436	234.23399226062523	232.05	253.49112426035504	252.61916129491524	254.59580204893135
180.74045712000444	92.44593470444454	103.99926668130968	56.5714311225	56.57143116500001	56.571431122567446	56.57143120250862	111.32187878134934	84.7059369645253	86.44067802324045	30.409637072258334	134.83196668872148	111.7091295116773	107.21090783569207	126.16736775207659	161.8871652437	158.08508888692754	167.51044194462557	98.6221094892359	204.64422631228456	142.5239326287151	235.3846153846154	232.53696771180728	211.88151867840145	243.47457627880493	243.4745762740678	233.75000000171246	249.9143778075271	252.6191612954184	252.45
28.29567016402234	172.7204983828794	247.0980145865882	58.84615384615387	58.84615384615384	69.13799027504976	111.32187878134931	111.32187831154519	111.32187827499465	56.57143124999999	114.76928846518888	134.83196662524824	86.50907393110643	111.70912951167728	139.65290352715732	111.70912951167728	93.49144004236717	170.75107611328428	174.3619196689565	177.52543845629248	136.78942605593744	138.15561959654178	133.95348837209303	232.5369676764005	236.2467681650565	241.71875	237.9999999915	241.14688128772636	247.218017578125	253.33984375
8.2357817927454	104.53640014019967	28.68791586348783	39.230769230769226	91.55403581859906	36.55815588547094	111.3218783957823	111.32187832982055	111.32187831154519	111.32187827499462	114.76928845056449	86.50907478163208	86.5090744817569	86.50907461577725	139.65290359522825	179.3951629951482	179.3951629951482	170.5061540364943	93.64828716255465	93.64828720203627	178.49999998557502	144.54133825255747	144.54133823238757	223.125	219.60368523784953	193.28164030373162	230.20464793470342	230.09765625	247.26811602350543	252.9345
109.80159810583879	27.92407651034486	253.76299065754313	36.5581561143874	36.55815606810825	36.55815606335727	36.558156103447885	111.32187762464824	111.32187820299876	111.32187827499462	70.12500000701252	86.50907376913355	86.5090744817569	86.50907466530657	86.50907485492147	140.08312042260195	140.08312042260195	105.47034270913969	104.86006528174784	93.64828710329942	93.64828717216477	195.5918669215539	200.0354571385343	200.0354572843629	121.40263101600675	219.60368537615977	210.018	231.37996219281663	247.218017578125	209.30598289133454
168.22075911500863	13.197693765315478	39.2307692307692	72.77830057922444	20.20053371559115	36.55815606098176	61.51754780794724	61.517547727256414	36.55815609797804	36.55815625268963	70.12500000701252	77.83766550776247	108.08888718536778	108.088887201832	99.29267539401289	99.29267619487132	99.29267587741947	99.29267829445061	99.29267681354796	159.5748101447021	215.6443696375303	215.6443696423094	215.64436969104264	215.64436969654855	215.64436962963157	182.46666666666667	230.09765625	215.06174174174174	214.8604310675883	203.0670733484321
28.29567016402234	8.190895078656808	42.40528844360006	17.22864807885489	64.2420572854009	64.2420572957806	20.200533413851048	20.200533561480455	20.200533615011125	20.20053371559115	20.2005336166215	84.99999991499999	84.99999999999997	110.926567048545	116.77541970339644	116.77541971864625	142.08198604430567	99.2926743054048	99.29267581029123	99.29267567635804	215.64436970756037	215.64436964864834	215.64436968553673	215.6443696486483	215.6443696745249	158.5255292652553	180.9314903846154	207.5921440603999	199.92	46.222786861282685
4.892910321252117	27.73548727941244	39.35563032547509	39.35563032547509	64.24205727280321	64.24205726514407	64.24205726514407	64.24205726544298	20.2005336270025	20.200533623542213	40.79999999999998	93.72383937307688	80.80183696608975	148.0678447109388	148.06784475288072	110.92656708131707	71.64208945348943	87.38548493578767	174.85725275358908	98.955223880597	185.8474575996481	215.6443693831981	215.6443696423094	215.64436968278378	215.6443696745249	175.3125	229.4308943089431	41.099703594211746	1.1719593036884817	255.0
247.84466381200207	28.240369389527643	39.35563032547509	39.355630317216225	39.35563037036843	39.355630616801875	64.24205726544298	64.24205724982582	67.6087499440043	59.264070933906396	105.99129868506279	57.47784929317484	114.99409263440526	106.93215524711925	106.9321552890612	122.43501917819438	119.55168568508881	79.3628186282941	98.95522385418246	174.19798951181934	174.19798946590907	190.7579427501742	190.75794273455702	215.64436962963157	215.644369876065	175.48387098145162	177.39130434782606	223.56186982218966	46.222786861282685	255.0
247.84466381200207	28.24036935081861	39.35563037036846	39.35563031446327	39.35563035769056	39.355630357690586	39.355630351351664	38.40700290647871	29.013957021926387	99.33604977763332	99.3496440154876	104.10421220579474	80.75230947631263	64.33313230565344	64.33313237683305	122.43501912318587	64.33313233649207	64.33313239062932	64.33313193120625	138.22458028135372	190.75794273455702	190.7579427081503	190.75794273485593	190.7579427271968	190.7579427145991	147.89999999999998	177.39130434782606	229.4308943089431	237.2394010006285	245.9495474965624
28.24036914114933	28.24036940028509	28.24036947036771	39.35563035135169	39.35563030895736	39.355630362469725	39.3556302924396	30.63055556059794	34.42519252555354	34.425192543476385	92.4286842053032	90.26700653262091	64.3331324302178	58.95949621263293	58.95949626829969	77.40684441290318	77.40684440553494	138.22458029660362	74.93339497467883	124.71020143893585	111.27272727272728	159.3446725531935	190.7579427042194	162.98700480564844	130.33333333333331	175.3125	182.2216994207755	1.234155725412819	71.85312440873528	42.90638659746193
18.110407485961844	28.24036923126951	28.240369368012608	57.71338195927774	39.35563030345142	19.105034560678575	27.17046311473996	30.63055558510149	34.425192527929624	100.45565480137475	91.20133690567161	34.42519250987024	34.42519251534131	34.425192523177515	38.40700290357162	61.18960580520354	61.18960588440214	66.45250840830889	74.93339511418472	124.71020139757763	159.34467277063234	143.67812172500538	143.6781217970012	143.67812172500538	143.67812237535176	122.1875	255.0	208.64715667897934	4.912733426967975	98.57694873568684
18.11040761096976	18.110407652639083	28.24036939066832	19.105034382785874	19.105034474863373	19.105034477883237	19.10503466807782	36.16299236662985	85.7845368636545	95.3692454012803	91.20133690567161	90.17154161668532	34.42519250987024	34.4251925135176	58.47463750214226	58.4746374886073	58.47463746960639	66.45250841859163	58.474637579669434	140.2307115494355	143.67812172500538	143.67812168845478	143.67812167017948	143.6781216042177	143.6781217970012	122.1875	255.0	238.01492852539099	197.49139395982985	221.29466968959895
18.110407472613787	18.11040765795508	18.110407716739473	36.55815588547094	19.1050344319558	19.105034551034436	19.1050346458714	27.170463077721365	81.22027684628412	36.16299236662991	36.16299239063119	36.16299232764436	36.162992369181296	36.162992369181296	36.16299241071829	90.17154161668532	58.47463749442116	58.474637485700384	58.474637485700384	140.23071153481112	143.67812172500538	143.67812168845478	143.6781216701795	143.67812160421772	143.6781212186507	255.0	255.0	10.495004460914487	10.965986447266033	2.1619458480736
226.4556596088265	18.11040761096976	18.110407677549915	47.878840789663855	36.5581561143874	36.55815625268963	68.49144726023326	77.87937238895532	73.3716619628361	78.3254628529071	36.162992230842434	36.16299242444629	36.16299237557291	36.16299242444629	36.16299239063116	36.16299239699018	95.3692454012803	36.16299246278825	58.47463749210212	122.2073107923546	143.67812121865066	143.6781217970012	112.60402783890723	112.45066640047392	98.8838553046883	142.4488269599193	102.0	255.0	171.70111072423103	63.9155772566711
253.76299065754313	124.36046747174288	18.11040765795508	47.878840787043856	47.87884077965339	36.558156103447885	36.55815609797804	68.6136525211322	75.78803285386948	50.67889835324226	50.67889817728346	50.678898159936125	36.16299232249983	36.16299237259193	36.16299237855392	36.162992408670476	36.16299241463244	36.16299246278825	36.16299241071826	52.783789891490585	52.783789622761674	85.44767861480454	52.783789620438796	89.74111219727618	84.51754330611186	212.23280742965116	101.99999999999997	255.0	12.693639853700148	250.24171802047954
109.68656380318882	56.57143124999999	34.05150306971649	18.110407735977645	47.87884077595817	47.87884077264664	36.55815606810825	36.55815606335727	36.55815606098176	46.793371845000024	50.678898063624274	50.678898015438904	162.4195309763768	35.94287907669843	36.162992327644304	36.16299237855392	36.162992369181296	36.16299241071829	52.78378961242052	52.78378966383238	52.78378966383235	52.7837896855292	68.23959119803092	68.23959128500002	68.23959125340349	76.61794247912562	212.23280742965116	174.55134098445848	41.412250424768786	221.54926653545877
84.91559138168168	56.57143117793993	56.57143116500001	56.5714311225	34.051503166729276	47.87884076413806	47.87884076487245	120.86236669852107	120.86236671635461	49.322765681736314	49.32276573659664	49.32276575864563	50.67889801983915	162.41953102734195	42.148542340996386	42.148542396174406	35.9428790708393	52.78378962043874	52.78378961242049	52.783789620438824	52.78378965378536	61.09673317524164	68.2395912	68.23959123494595	76.61794251449277	76.61794247542832	167.58900253029617	174.68102290243553	230.9180153996062	182.96449086010728
1.0167367128673845	226.4556596088265	56.571431122567446	56.57143117793993	56.57143124999999	55.70462279227644	30.593049323718304	30.59304947489622	47.87884101051014	39.161721613847874	39.16172185069115	39.16172176422654	49.322765907445444	49.3227660405519	69.36925175358644	75.52335971461679	52.783789291985585	52.78378962043874	52.783789622761674	61.09673270266947	61.09673280420881	68.2395912	68.2395911169219	76.61794250614781	79.23017742061734	79.23017743405833	199.0402210403547	92.08537062392944	249.983174456478	12.782958090726822
20.15878488900637	109.68656380318882	67.14419937776142	56.57143120250862	39.749525797969795	72.4339707631269	52.68241711747112	58.369780925323994	57.47784929317484	189.02417336342126	189.02417332341497	39.16172173540505	39.16172174867364	39.16172196821313	49.32276563488472	61.09673257267744	61.096732690407464	61.09673272834121	61.09673274600016	61.096732767665515	68.2395912	76.61794251449277	76.61794247912562	79.23017742061734	79.23017743405833	165.75165402282317	255.0	229.7590339732423	51.82965008100567	252.91529652653819
243.3527972613692	97.3967290180617	0.034802825868467835	14.858430259778629	143.7916034413019	35.91160956279316	35.9116095627931	35.91160957343706	35.91160959472501	189.0241733324379	189.02417336342126	189.0241734443581	189.02417338743837	189.02417335470642	189.0241733994469	81.60855137284054	81.60855138820196	81.60855140635223	76.61794273690069	76.61794252150759	76.6179425321763	76.61794250614781	76.61794247542832	76.61794254129936	204.3177098185135	255.0	242.35989234120822	15.5639372242822	75.76926415084066	203.65500255229065
192.8978616588374	232.1929839744578	64.2375798748107	8.190895078656808	17.22864807885489	18.475568933553035	35.91160961566129	35.91160956651839	35.91160955037745	35.91160955492367	35.91160961039506	35.91160958584294	118.77098614508174	81.60855140635223	81.60855139588267	81.6085513921777	65.55894363220165	65.55894349895962	65.55894349895965	65.55894349895962	65.55894343972747	48.81439173718309	48.81439179216699	48.814391754642486	114.8177353377092	255.0	255.0	24.88431637454542	234.08041104940654	12.704527671893743
10.075373340199121	8.984283691190512	12.570904146229196	17.765628853234233	26.347047352746756	20.548416842969345	29.884565113874515	20.548416842969345	96.27562641868838	35.911609593420025	35.91160955037745	35.91160957343706	35.91160959472501	81.60855122884206	81.6085512812767	65.55894354075485	65.55894348784602	65.55894347180654	86.66082095484768	48.81439172789467	48.81439175430137	48.81439166383947	226.96813904043208	69.25617754596345	255.0	255.0	255.0	71.00889734677992	162.4865926204765	0.0
1.1245861586676256	9.86425224602732	8.937623837244217	12.570904146229196	24.17189464953023	26.397887170449962	53.890490921192196	42.768578068619036	64.2375798748107	42.768578068619036	40.76568839783258	114.8177353377092	35.91160955037742	35.911609594725036	167.58900253029617	117.1935820226187	117.19358199580836	48.81439171972366	48.81439176750479	126.51875497034075	121.66382742414308	53.53994208832566	18.52597240988524	14.433463516637431	191.9817856261043	255.0	255.0	248.73756219138372	46.93086986051472	255.0
