254.89328738263137	254.9891067525926	254.95450713092922	254.20528294810867	252.0120724659972	249.88511018629808	247.4126143112964	244.0953947368421	252.45	236.86666666666667	222.24800966046985	250.44642857142858	252.4414539647927	182.46666666666667	253.66154684763143	170.0	102.0	240.83261385947637	102.0	247.25892857142858	208.63636363636363	183.68628172851737	200.57967590359058	200.57967590359058	252.46580821789166	229.8596149106193	254.55207554700036	254.80738972989872	254.38653598665502	254.4233907374911
254.9362062636174	254.99286616823068	251.15695676532388	253.33333331666665	244.50549452197802	247.41261180881068	208.63636363636363	239.83286856198157	236.8324160183017	216.68053979075526	254.7555044248157	251.015625	247.40982989770743	243.4090907707903	229.49999986960228	251.44813320324684	254.18715846994536	248.33252061461752	242.75300171526587	231.00274492598567	247.74278313963347	228.5967061270916	229.30161262053755	192.95744729684077	234.7487549316972	240.99519778189318	217.50729762023408	254.76500318877552	254.80738972993385	254.71248370151892
253.16435203654459	226.66666666666666	251.39664803983896	254.745	229.62439512960856	239.83286850012587	232.0751028247655	232.07510088284346	228.52962508780044	227.109375	215.47918751605036	250.26518098541447	190.28881750962069	244.75330333615753	184.15525996164078	248.09746961483145	211.6426613427158	215.98217943465795	232.3160909310567	159.92068084447976	219.45628356420377	206.0880077369439	237.77027028633583	165.75	231.68508032053447	239.13630946488612	252.88639151138756	254.3984912321604	254.67203654477697	253.52676199765224
140.2177684328748	163.2	224.93448351310875	182.85530210061395	142.794037981985	246.13899613899613	226.562499875	228.52962509457163	226.94252872655076	252.45	200.3950103950104	169.30307424093348	233.75	226.9054470709147	169.30307424093348	234.38447189332192	48.10122577192212	243.8659916925525	123.36671367587047	214.52407533140087	214.88451482469407	207.50295390369646	209.59085312250366	228.4591836734694	165.75	242.67962294519776	248.78793137400106	252.88639151157108	252.23758850478967	249.8844623655914
29.032796099065564	147.4218795621158	230.05016154406118	149.65066852677987	233.24507661870018	230.76923076923077	221.10315221053014	166.15384615384613	211.70454571169162	214.87167940860803	254.78254904150083	207.69230769230768	233.75	236.07228130985408	239.0625	250.44642857142858	95.05150660514275	137.24944320712694	137.24944320712694	194.66038495812236	232.31609092539307	232.31609092536246	197.30769229876435	240.38461535835364	244.8	215.68027210884355	251.05699247000328	252.8863915108306	246.7903166454945	254.592
81.02966222620427	202.86344950824343	180.96917130009967	227.2326917837523	12.883334048509965	166.09150633159032	255.0	211.70454546773243	201.14878115356763	195.3744031314343	196.8724951130404	191.25	199.36363636363637	229.5	187.0	119.0	152.27179275113798	95.05150653617275	95.05150653617275	231.1882742440152	204.21370835334497	209.10215291902688	247.8641975308642	215.3716216216216	249.333333339	249.333333339	247.62755102040816	247.57168866636323	254.80031499263325	248.6234546241158
202.53734648940704	181.97334802614557	254.90322614395458	214.0580848472972	255.0	255.0	203.18232977416747	201.14878086930963	193.14088962873728	196.5149550375	214.46176166652586	119.64084752886563	130.712806351398	130.712806351398	230.01672255857397	123.7583308423064	162.26092542931406	199.742286982894	199.7422869891853	187.43320584748108	143.1339518469192	95.05150660514275	196.1235870766513	196.12358707613322	221.79865768090627	183.77094971810376	81.6	230.85798816568047	234.7509668178563	248.62345462430167
100.82285846934181	254.14950756668296	133.42366240515054	255.0	255.0	255.0	255.0	189.32821262457009	192.0186786155388	193.14088976503697	164.95577479194338	193.07218703770428	224.6815286624204	130.712806351398	213.1919436960543	57.477849332843505	107.7756813816674	111.77846346358209	210.57058165414216	143.13395185934223	153.2180870134053	176.53846153846155	167.21191889839002	181.28846924833988	197.9491525230336	197.94915254237287	218.05250305181724	210.3803699523622	234.75096681592274	254.8740740742
64.50058671583639	241.84082239338508	254.05256206724877	117.69230769230771	117.69230769230768	181.74204088626988	189.32821204621953	189.3282122424722	189.32821234775923	255.0	201.22816867315032	193.07218702601972	108.59132511646669	224.68152866242036	219.07169110485572	224.68152866242045	164.19528708248652	172.46766991812325	216.9868444120203	204.0000000456158	172.73270294060188	144.76945244956772	197.09302325581396	167.21191889252106	175.22550990521586	193.375	242.25	169.3158953722334	218.97230360243057	236.5125
183.92637351788036	63.006940263642946	52.79299565488614	196.15384615384616	185.22175908160506	186.08927052513167	189.32821223900305	189.32821218982872	189.3282122424722	189.32821209658482	201.22816870352912	108.59132549543077	108.59132559494878	108.59132537708746	219.071691073555	204.7723805014597	204.7723805014597	167.73165890513081	187.05870396447574	187.05870398418682	44.72161309192094	161.64682206942814	161.64682207078357	152.5103386725	145.53929048157926	178.15517472218505	169.0270551508845	185.82682291666669	205.08022557148132	137.08800000000002
222.71261266865736	246.2307725704799	14.598502146010901	186.0892707540482	186.08927066430186	186.08927064011823	186.08927062205782	189.32821204621953	189.32821204621953	189.3282120965848	218.16666675081666	108.59132558488955	108.59132559494878	108.59132547665209	108.59132594681884	105.83100347222472	105.83100347222472	221.7659804096583	212.34288301095964	187.05870393520593	187.0587039583038	120.41276168136682	119.53028668028736	119.53028665981626	35.03314023794985	145.53929047611297	143.92199999999997	153.6507561436673	198.76451280381946	254.19203356154614
134.93190186376762	4.922504632854839	196.15384615384616	208.6915369769895	134.92552669983712	186.0892706280264	161.52569580485618	161.525695784868	186.08927055606267	186.08927069116817	218.16666675081666	97.94651714746456	92.48219957004497	92.48219960759644	218.69145015000592	218.691450805526	218.69145111681752	218.69145160022444	218.69145107594315	159.757848858915	130.514146009077	130.51414601811413	130.51414600907697	130.51414606216764	130.51414606015737	138.47272727272727	161.92057291666669	174.99483483483482	174.83102918586792	254.3984912321604
203.25190667028073	194.2674012294443	90.53745299102215	204.3177098185135	151.85900071552433	151.85900063316592	134.92552639809696	134.92552647917762	134.92552649867702	134.925526548967	134.9255265408837	191.25	233.75	83.28559889900765	149.17488765764668	149.17488768738963	141.95203521618197	218.6914501757038	218.69145071584782	218.69145077186914	130.51414606132425	130.5141459970925	130.51414602733612	130.51414599709256	130.51414606385433	142.71108343711083	137.30769230769232	16.651445557913974	254.745	16.2415109079993
230.37527376836366	169.76514915475138	124.48585404317032	124.48585404317032	151.85900067005628	151.85900068235307	151.85900068235307	151.85900066834665	134.92552647917762	134.92552649974633	153.0	68.77433050451256	123.31856626171214	178.93459495184533	178.9345948134519	83.28559895369636	90.41879555390571	208.61101148001214	67.90646787538591	114.17910447761193	112.37288134384517	130.51414556729037	130.51414601811416	130.51414598295332	130.51414595682968	122.1875	119.55284552845526	253.43429655543216	33.70335860390901	107.93023255813952
14.608717150046715	64.64853780580447	124.48585393614565	124.48585401704668	124.48585393984268	124.48585443270957	151.85900066834665	151.85900070694663	180.02651824055465	214.46176166652586	106.02105854717217	174.36191973458108	111.63886656759541	76.06540518654808	76.06540504815467	164.6942465787107	119.0911819731318	198.73280130135123	114.17910446909113	92.00284100170293	92.00284090909088	103.14099929305337	103.14099933165332	130.51414606015732	130.51414606015732	106.93548387096774	94.2391304347826	206.9340154561277	16.2415109079993	80.14285714285714
14.608717150046715	64.64853775452465	124.48585393984268	124.4858539726639	124.48585398188584	124.48585398188587	124.48585400290747	84.46521136775442	123.80324627575328	99.41393343328465	99.11505529021395	117.44375140205685	165.551917321458	188.17873297904407	188.17873299915735	164.69424657485786	188.1787331757133	188.1787331215762	188.1787332530069	105.82511231261034	103.14099933165332	103.1409993052466	103.14099931764693	103.1409993299437	103.14099928447567	86.70000000000002	94.2391304347826	119.55284552845526	50.806252099826764	149.72653623077014
64.64853741862933	64.64853778186273	64.64853780176057	124.48585400290747	124.48585399092303	124.485853990923	124.48585393867575	102.51747787738628	123.01580469322025	123.01580468514229	93.14457828744753	91.22149076058622	188.17873301424254	76.9617014812541	76.96170148916238	72.06860673962419	72.0686067099239	105.82511234235332	88.01363928691816	97.87174587150054	97.36363636363637	78.5009663398773	103.14099936683408	78.95557075274056	90.66666666666669	100.9375	46.30846302301052	42.70127756268846	68.11367346693916	71.64818101708084
139.03703095246834	64.64853783384575	64.64853785368791	139.48643645971418	124.48585393783239	93.74087836933353	103.28983853682652	102.51747785269026	123.0158046665104	89.73097049732576	92.01912809687695	123.01580469753011	123.01580467655447	123.01580468472963	84.46521138758945	68.41626118605933	68.41626118540879	136.91116651758546	88.01363929091863	97.87174589557506	78.50096614328683	65.67178790341521	65.67178795378041	65.67178790341524	65.67178795378047	84.99999999999997	117.17854127917988	208.82296368761874	142.20288410731962	0.0
139.03703093928408	139.03703093488934	64.64853777026994	93.74087823702345	93.7408782835183	93.74087831766212	93.74087847893952	100.7338287928012	86.1331155272442	86.73433490062484	92.01912809687695	105.8274397143222	123.01580469753011	123.01580468354635	86.04592998763107	86.04592997810113	86.04592998270635	136.91116655872722	86.0459299728569	53.77183129647088	65.67178790341521	65.67178775752777	65.67178781017128	65.67178776099695	65.67178795378047	85.0	117.17854122918652	46.048758142576645	235.20738336495288	153.21763052366597
139.03703089392366	139.03703092269996	139.03703095147625	186.08927052513167	93.74087830497211	93.7408781932908	93.74087807358615	103.2898385106181	81.16468356203575	100.7338287928012	100.73382875906441	100.73382879885062	100.73382877973052	100.73382877973052	100.73382876061049	92.01912809687695	86.04592997397958	86.0459299991769	86.04592998016193	53.77183132684968	65.6717876522408	65.6717877575278	65.6717876845841	65.67178776099692	65.67178795378047	117.17854124411568	117.1785412470974	242.77889708191822	231.85935165234807	0.11454556329778143
64.58380336909639	139.03703093928408	139.03703093229205	163.69883785608823	186.0892707540482	186.08927069116817	108.87438592237004	77.33217673912534	96.51021479677146	78.60219308407287	100.73382870204864	100.73382870204864	100.73382875465163	100.73382870204867	100.73382875906441	100.73382881917229	86.73433490062484	100.7338288309509	86.04592997285692	64.29101951709387	65.67178737542991	65.6717876646052	60.68980573144543	56.79319510416292	65.40425432226871	53.76605954863348	229.5	51.0	143.0356269453871	225.59236825101783
91.34709127272149	60.66363235609373	139.03703092269996	163.69883791405232	163.6988378887841	186.08927062205782	186.08927055606267	75.59480327730543	77.03934096656116	66.04068667538448	66.040686593018	66.04068622126908	100.73382872792155	100.73382876736818	100.7338287419351	100.7338287507607	100.73382876736821	100.7338288309509	100.73382876061046	63.203816980226975	63.203816867498716	73.57063521259366	63.2038168345245	47.837020649224115	55.90201636104911	91.24192209849647	229.5	51.0	71.63474323601179	84.91559138168168
250.24171802047954	255.0	151.13060073261846	139.03703092609982	163.69883787615004	163.69883788853872	186.08927066430186	186.08927064011823	186.0892706280264	127.5	66.04068623466617	66.04068622425592	55.78170085191499	92.46276631430175	100.73382879885057	100.7338287419351	100.73382877973054	100.73382876061049	63.20381680515729	63.2038168345245	63.203816834524474	63.20381683452453	42.7102272806211	42.71022727000002	42.7102272806211	42.969332303499726	91.24192209849647	122.4807263093563	237.90061171959056	191.28033627451833
187.0810621177804	255.0	255.0	255.0	151.13060070016587	163.69883790476393	163.69883795633143	32.663718248435174	32.663718260673164	162.33120681226183	162.33120685044972	162.33120680466607	66.0406862418626	55.78170082687015	142.2788726797969	142.2788726545519	92.46276632098966	63.20381683452442	63.20381680515732	63.2038167694341	63.20381675477054	51.69562198053538	42.710227312499995	42.710227243706015	42.96933224442253	42.969332256399696	8.19095797599445	253.04860886209596	11.753139663768195	12.890776305593675
134.99042458812414	64.58380336909639	255.0	255.0	255.0	55.09458061362997	159.94849339485728	159.94849346382725	163.69883795343958	51.37096436422365	51.370964301183164	51.37096438764772	162.33120685766494	162.33120688307457	67.45236250722729	76.99913091642551	63.203816380721975	63.20381683452442	63.20381671762249	51.69562211252685	51.69562221917312	42.71022718500001	42.710227188424795	42.96933224899985	30.727118881624307	30.72711880374837	253.08600392670877	249.85712023098583	163.3461126551032	240.3294329527481
230.34776742583153	187.0810621177804	18.17740286140969	255.0	49.86617759882452	54.53369803286128	54.513349835942535	54.75964790637994	174.36191973458108	64.20463760845371	64.20463784269631	51.3709643588262	51.37096444418691	51.3709645868264	162.3312067654102	51.69562185254273	51.69562209985423	51.69562203985467	51.69562206919613	51.695622047530804	42.71022744000001	33.192753538756875	33.19275349477999	30.727118881624307	30.72711880374837	69.94802710171192	37.54600569256246	250.98906408114058	244.58717928006465	237.48654155055218
2.8217713215340154	12.656668886031326	60.816373914498826	60.28602076131972	46.96371222022785	24.930137431362255	24.930137431362226	24.930137430151035	24.930137427728738	64.20463775220452	64.2046378869355	64.20463784269631	64.20463786356328	64.20463793318794	64.20463785187712	36.33629909442709	36.336299101266775	36.336299070783014	33.19275362671067	33.192753564043755	33.19275356074533	33.19275354494485	33.19275350674701	33.19275350674701	71.99616450855797	25.94767772596174	9.280751038904612	255.0	200.75328042164347	159.23315895986843
1.1881507738990535	10.295664572572605	34.24016530082338	194.2674012294443	204.3177098185135	28.474802431926605	24.93013744226289	24.93013742470154	24.93013742470157	24.930137427857574	24.930137486109402	24.930137505526687	17.244664251024034	36.33629910205187	36.33629903268741	36.33629906333047	30.58331973360501	30.58331961583704	30.583319597084056	30.583319587707507	30.583319505595256	30.552260506749775	30.55226047270537	30.55226060888299	3.5893330247928077	25.947677583643525	25.947677551569484	77.01870739728972	59.271202649911686	57.48914993072401
10.133325807120485	10.06800567032002	12.267603277684145	19.120263096418654	25.05367109503632	35.642129522906544	31.022453615134395	35.642129522906544	7.641790887951288	24.930137403180282	24.93013742470157	24.93013745492837	24.93013750206063	36.33629909442709	36.33629903951413	30.583319552830517	30.583319562597666	30.58331958677735	28.276365679100763	30.55226047901371	30.55226045260693	30.552260409285054	52.10880364579657	20.283443501017388	25.947677562684618	25.947677562684618	25.94767752696606	162.59231553027678	202.86331635119035	0.0
1.0815131467521724	10.0601594849239	10.147204402357005	12.293725000522699	0.06771263029216357	20.43363101134122	1.08306981196219	27.01249382867556	34.24016530082338	64.2375798748107	27.01249382867556	3.5893330247928077	24.93013742470154	24.930137427728738	8.19095797599445	20.46968192176405	20.469681899596623	30.55226040461659	30.55226047901371	24.733323548224973	23.11744614261241	5.553337593788115	3.7464710137224984	1.2698106408148533	140.59270130226656	25.947677529339302	25.94767733279764	35.22278697844246	230.81373800239146	0.0
