254.96417468289036	222.76296296296294	254.99882878624535	254.08772271925403	225.75452716003568	249.36347862079327	248.31030275749694	255.0	244.8	226.66666666666666	61.6186337056173	250.44642857142858	234.4260299209701	214.2	250.58090646109306	227.375	250.75	250.95676993783405	250.75	249.08035714285714	249.20454545454547	229.55587754631802	62.75531720671722	62.755317206717194	253.09091440787893	88.0788208676826	254.785906443887	254.98923655638416	254.99289814972568	254.44772153139772
249.5920972710562	254.99680988634293	218.03376214724764	164.33333333333331	238.1868131868132	248.31030255199738	249.20454545454547	231.6266156131164	235.66557216055355	58.50164435612973	74.2813774478943	223.125	96.85978923082732	215.59090896841425	253.8409089466813	246.24218633800717	195.66256830601094	187.90020215907248	250.4073756432247	254.11288717262215	250.74725099108966	227.00286258089005	162.20924412368106	178.5871516841937	235.2910229295061	240.50043180644957	187.36616525287695	254.86257971938775	254.9892365563865	254.99523808107168
253.8932359362856	252.00729166666667	167.53072626447062	252.96	229.42295426159714	231.62661569872552	234.04422387402678	234.0442229509403	216.33870733020257	255.0	111.1341280570683	217.21847516821984	42.98773937019507	213.1919436960543	40.95441774302088	238.77341119944367	251.56377385920337	252.54506349856615	246.69321639683636	125.80952770474215	219.67720979714437	255.0	250.49376300273607	255.0	231.4846351489601	238.98378272026378	254.69217691251922	254.91213425702344	254.98370455455765	254.999994660303
140.2177684328748	254.92916666666667	228.2809592022531	60.74954109334999	61.120312728783716	89.21591921591923	224.75961534375	216.3387073727071	215.17853099630443	91.79999999999998	255.0	204.1640343155024	233.75	252.07523124357658	204.1640343155024	102.94737756967456	124.46140735335652	232.11775526265433	171.94864310472065	214.99067860789052	215.10706027559291	237.79565548145965	254.6714421923925	248.23469387755102	255.0	253.83696147290615	254.958568578768	254.69217691257649	254.82051228654728	250.5341541858679
20.294145173773188	13.75643954034905	229.63892110397862	223.97081537713407	138.2919011830935	64.61538461538461	218.96808902740557	255.0	194.81643362306085	217.26528945924468	252.66206701093614	229.6153846153846	233.75	180.02651824055465	191.25	159.375	255.0	33.602449888641445	33.60244988864142	201.32653781129676	246.69321639611837	246.69321639520314	254.2899408115706	34.61538461381832	223.615384635	243.72448979591837	254.53884548611111	254.69217691246863	254.9984913600198	251.137278105
72.50965538575537	62.95740952796382	71.9906965578399	50.99065585460298	0.3767929422906775	90.63832113911167	178.23735127499998	194.81643365452038	181.85387873411125	198.777692074454	128.2881800771171	255.0	244.8	204.0	170.0	153.0	30.384802487716627	255.0	255.0	239.75748621832753	243.15293478134163	163.20430599052312	233.17283950617283	146.4527027027027	51.0	51.0	238.08673469387756	100.51433773327264	253.131666920693	247.7665637780792
51.618158923582286	254.8165550126667	32.34082693217945	241.87010810997606	178.23735113097945	178.23735116789447	183.69125678025105	181.8538786329017	196.6525424585895	193.7259639375	214.46176166652586	20.021363113726494	23.23783224024851	23.23783224024851	210.33435664288447	128.85470042326295	205.99589159222432	222.65771456706676	222.65771456562945	187.2548735213886	186.60295848380616	255.0	251.40634080059846	251.40634080060795	251.57718116584275	252.31521271260732	251.8125	72.42603550295857	232.84196705657675	247.7665637788848
62.95740952796382	236.03739729360962	137.70268866229532	178.23735102	178.23735110500002	178.23735111252194	178.23735113455692	167.74167074199664	195.58433227888318	196.6525423062195	255.0	52.02139352033677	201.94267515923568	23.23783224024851	165.551917321458	222.07964155547393	171.06922497466377	82.90457347933062	216.14760072366744	186.60295843191352	251.39875542024956	39.230769230769226	163.1068764088222	107.57693860302297	194.49152541186152	194.4915254237288	231.1813186830123	251.59303044647186	232.84196705689587	91.79999999999998
100.07227605223989	89.32000466085947	254.50314263103246	255.0	255.0	185.7980819352929	167.74167074199661	167.74167038166524	167.74167041031504	178.23735101999995	105.68171320198178	52.021393452406755	17.074685076980927	201.94267515923568	100.4725761662103	201.9426751592357	240.18793393406736	170.79615060972043	26.92106624404289	165.54008195968186	213.46503807421544	253.53025936599423	233.72093023255815	163.10687642989552	240.64205688100705	196.5625	153.0	243.7122736418511	254.937744140625	238.14302884615384
5.798743200528435	140.6351318413016	12.46993543916355	39.230769230769226	158.1157384218256	186.08927052513167	167.74167035642967	167.74167036734042	167.74167038166524	167.7416701591406	105.68171317280297	17.07468488095938	17.07468502117871	17.07468470376901	100.47257612724033	240.06459114212052	240.06459114212052	170.68092493044983	217.91513731258408	217.91513731327524	226.49013328893813	243.0689250377327	243.06892503763265	156.21875299125	173.31072352426784	250.02222519748292	244.3565730171696	254.00390625	252.8255364225773	254.96015625
16.175084366609894	12.468212370136229	202.56498188835525	186.0892707540482	186.08927066430186	186.08927064011823	186.08927062205782	167.7416695852956	167.74167016364612	167.74167015914057	0.0	17.074683593746926	17.074684604492717	17.074685002578406	17.074685041463567	38.88916965606646	38.88916965606646	197.44737194497807	180.39486663897026	217.91513728580188	217.91513728364873	145.84140781339408	147.00956537913902	147.00956540135397	253.63160801674564	173.31072353292274	254.082	247.28733459357278	251.93101671006946	254.9296909730371
3.524689989934842	14.953553898432006	39.2307692307692	14.389012188229486	255.0	186.0892706280264	165.6626845416825	165.6626843050053	186.08927055606267	186.08927069116817	0.0	15.385295244763142	205.29143435232794	205.2914343925163	192.77087879509412	192.7708798354583	192.77087976190643	192.77088024531264	192.77087978923313	159.7906998804313	126.1451847331567	126.14518472997852	126.14518478666909	126.14518476902117	126.14518477061432	240.16363636363636	241.60807291666666	250.76888888888888	254.7613047235023	254.91213425702344
51.19482730922988	194.2674012294443	255.0	155.65596279056598	148.2845505630167	148.2845505484667	255.0	255.0	255.0	255.0	255.0	127.5	106.25	17.729323371315758	205.6094190559732	205.6094190960842	141.47798954455496	192.77087794599174	192.77087905193696	192.77088006836013	126.14518484075009	126.14518470966061	126.14518473296721	126.14518470966061	126.14518473258809	239.56662515566626	252.85456730769232	2.9846759048748197	124.44	236.75811407004795
14.955448971315263	27.73548727941244	128.85481526741188	128.85481526741188	148.2845505866356	148.2845505993585	148.2845505993585	148.2845505961697	255.0	255.0	224.4	93.72383937307688	107.77568139329088	229.762448795843	229.76244925485904	17.729323388710412	14.06319774834651	179.42404240697658	132.9952892150031	220.7462686567164	194.49152544021115	126.14518452418088	126.14518472997852	126.14518470611625	126.14518473258812	239.0625	156.869918699187	185.10774477686925	183.87045119770897	107.93023255813952
131.3349167810665	255.0	128.8548152674119	128.85481529388375	128.85481522938568	128.85481547581912	148.2845505961697	148.28455062480438	109.71452417934529	76.05555890942463	106.33812264481875	140.9605331234972	109.71286448830725	25.237550745140993	25.237551204156972	9.055203732632833	117.19990191571492	168.03139820383223	220.74626865927266	117.3579544787739	117.35795454545453	106.71544937519562	106.71544940383029	126.14518477061429	126.14518452418085	202.90322579274195	210.65217391304347	229.49303244819754	58.28028193275878	80.14285714285714
131.3349167810665	255.0	128.85481522938568	128.8548152670328	128.85481527002148	128.8548152700215	128.8548152903394	196.60045982053106	206.35640540607352	99.28068489773796	96.3442335716511	106.04001087315072	115.08791618135834	153.0275907102254	153.02759069144668	9.055203858369708	153.02759072245843	153.02759083073278	153.02759059256437	49.390580903915776	106.71544940383029	106.71544940383029	106.71544940064149	106.71544941336444	106.71544943698333	239.7	210.65217391304347	156.869918699187	237.2394010006285	196.8627234745344
255.0	255.0	255.0	128.8548152903394	128.85481521333094	128.85481526684327	128.85481515924994	145.98103020397812	132.4588152020886	132.45881519835663	47.65551648344919	77.26432122034694	153.02759067736275	128.38209711092878	128.38209712677812	170.41829230688785	170.41829232966685	49.39058094402682	201.5733315983358	119.2534622149179	213.27272727272728	102.14299970734652	106.71544945153329	103.66174619925499	209.66666666666666	196.5625	240.61098781177043	189.65422025382114	53.833688763077674	117.69991892521298
18.110407485961844	255.0	255.0	111.93905738430513	128.85481523097883	182.96470463394695	136.1206494588144	145.98103017864173	132.45881519363076	80.50467949294568	255.0	132.45881520284067	132.45881518336574	132.45881517534602	196.60045988096363	232.11405678835285	232.11405676743755	104.82889808368205	201.57333145192013	119.2534622085353	102.14299943651395	87.2583298408594	87.25832983635385	87.25832984085943	87.25833041470443	239.0625	16.608043893600097	58.59967736019806	194.40225838074207	0.0
18.11040761096976	18.110407652639083	255.0	182.9647046866806	182.96470463394695	182.96470465123627	182.9647045803476	141.1520822258671	91.6954728715873	92.39109415394947	255.0	86.17444576780304	132.45881512178866	132.45881518985738	138.02824786234976	138.02824787998887	138.02824786904446	104.82889808592216	138.02824788243387	149.31828682719703	87.25832958968499	87.25832961833476	87.25832963265964	87.25832964357036	87.25832983635388	239.0625	16.60804395952053	6.974458756878306	254.95428686761835	0.0
18.110407472613787	18.11040765795508	18.110407716739473	48.26781203322804	182.96470463394695	182.96470467031003	182.96470436768152	136.12064945587696	81.32522142402914	141.1520822258671	141.1520822375026	141.1520822249179	141.15208224652707	141.15208224652707	141.15208226813633	96.12488546591402	138.02824783032898	138.0282478858038	138.0282478858038	149.31828679801822	87.25832958968502	87.25832961833476	87.25832963265964	87.25832964357036	87.25832925800336	16.60804396493586	16.608043924223153	134.34191219670714	0.11886951610131291	0.3856941953068258
61.85100739304778	18.11040761096976	18.110407677549915	81.84941906399308	48.26781180431158	48.267811874670144	61.80585187313176	77.98289556764382	88.7095478883299	78.74862433399707	141.15208212811595	141.15208232171983	141.15208223975338	141.15208232171983	141.1520822585229	141.1520822145528	81.95209442485177	141.15208229606196	138.0282478824339	130.78381339072064	87.25832925800333	87.25832954717865	139.74082500231566	132.92804379690403	182.77285353352815	75.85166826025832	51.0	51.0	138.77152837166054	85.9059243117384
22.27312754484248	234.11525312908103	18.11040765795508	81.84941901606803	81.8494189640727	48.26781186617356	48.26781189710451	69.52465152799675	75.51137667180777	9.092009196779173	9.092008982803549	9.092009154262968	141.1520822303686	141.15208224913815	141.15208227240916	141.15208226790764	141.15208224913815	141.15208229606196	141.1520822681363	177.17307537562175	177.17307518000274	191.6253249256092	177.1730752839175	192.53801157517586	217.95239957676583	126.071901461245	51.0	51.0	131.5087582419851	1.804639302562009
55.57213740917237	24.712053314999963	5.9891165699312126	18.110407735977645	81.84941893807502	81.84941894426936	48.26781189348836	48.26781185407657	48.267811884079265	74.68777084500002	9.092008880939147	9.09200883930933	58.99711724002307	140.0537290386053	141.15208222491788	141.15208227240916	141.15208224652707	141.1520822681363	177.1730751452916	177.17307519713026	177.17307519713023	177.17307521882708	149.18179627075352	149.18179626	149.18179627075352	182.63327647904939	126.071901461245	212.36095161657244	98.85652428521345	3.2583995204404914
0.0	24.712053392938373	24.71205331499999	24.71205331499999	5.989116643502683	81.84941888440747	81.84941886008198	59.078093239957894	59.07809328759771	126.16541961026556	126.16541953268461	126.16541956902091	9.092008887397071	58.9971171215052	97.79734971548788	97.79734978207841	140.0537290602686	177.17307515373665	177.1730751452916	177.17307515373668	177.17307528413625	164.8963812325079	149.18179626	149.1817962707535	182.63327639228152	182.6332764130995	140.10294706507483	234.48243069045108	12.717787379346305	254.9436031783187
151.85110035187552	20.20113026226909	24.712053337565862	24.71205331910832	24.712053569999966	55.43701934518418	0.0	0.0	81.84941897671979	6.924098951449338	6.924099171681263	6.924099171681263	126.1654196733881	126.16541967802979	69.06164914469858	74.86835538230133	177.1730747761168	177.1730750235558	177.17307518000274	164.89638086375467	164.89638073963562	149.18179626	149.18179611405213	182.6332763816479	116.50241349085599	116.50241340526273	210.85944533052094	1.1950127527910013	144.92773804379163	231.56978043471227
17.543305477807138	24.414367301296124	1.8671891995149679	24.71205318218054	49.98220643055518	18.121030076621196	52.43233058224149	54.378809560040025	26.921066246994428	94.0410822780872	94.04108261401996	6.924099056395306	6.924099048866481	6.924099198051124	126.16541942285932	164.89638060377058	164.89638068675401	164.8963808041538	164.89638082042399	164.89638079875868	149.18179626	97.04816728371185	97.0481672523953	116.50241349085599	116.50241340526273	69.94802710171192	37.54600569256246	245.62050364348045	0.15082759558524117	254.3217316538556
17.543003574356845	18.88913910820989	28.864244278696845	100.12450525161145	143.7916034413019	4.559736069549928	4.559736069549928	4.559736069328409	4.5597360688854	94.0410824973649	94.04108255656902	94.04108261401996	94.04108261516274	94.04108262988908	94.04108264445952	89.9593036574984	89.95930367443171	89.95930368150411	97.04816749801853	97.0481672541597	97.04816722353326	97.0481672625161	97.04816727922895	97.04816727922895	48.745470667456146	25.94767772596174	8.786732177724929	0.0	133.00425237509796	175.50080583474318
16.539406376774508	18.871223224833557	255.0	0.0	0.0	29.20324528899195	4.559736071543682	4.55973607836782	4.559736078367848	4.559736046663119	4.559736110072549	4.559736131209036	67.90646787538591	89.95930365023523	89.9593036828984	89.95930365758926	89.34849231993604	89.34849233766175	89.34849233766175	89.34849233766175	89.34849228117369	182.41126117680608	182.41126115505844	182.41126124204897	185.3239164562707	25.947677583643525	25.947677551569484	121.30072024095497	124.08269252313289	12.704527671893743
10.249384078791593	9.84911589609979	12.495494524760517	18.097182744643646	21.47962086285594	255.0	29.715500125351326	34.24016530082338	181.2440328297536	4.559736024564586	4.559736078367848	4.559736094105688	4.559736143217293	89.95930365749842	89.95930365023523	89.34849231794934	89.34849232324964	89.34849230922433	41.15480728327742	182.41126114736036	182.41126114736034	182.41126112480936	0.0	69.25617754596345	25.947677562684618	25.947677562684618	25.94767752696606	67.58712080817861	67.58712080817861	0.0
1.0864610024174226	10.122157056101003	10.126205368765682	12.347115965586141	4.328050675407553	18.790187844635227	17.244664251024034	34.24016530082338	34.24016530082338	34.24016530082338	40.76568839783258	14.214236831995947	4.55973607836782	4.559736068885343	8.19095797599445	211.88675392966158	211.8867538104344	182.4112611115632	182.41126114736036	22.623326207036285	21.13328639277023	6.118641795365676	0.155136517637402	237.44262930584532	107.61725697287685	25.947677529339302	25.94767733279764	1.052446696614851	72.50960103957999	0.0
