254.90719129248163	254.82153354666667	227.0053415268341	254.2728332013249	232.71773494242632	250.19623240685095	249.24851886479718	235.6140350877193	191.25	253.86666666666667	88.87996604556403	0.0	239.57769598195617	141.66666666666669	162.59468016833642	234.6	204.0	133.00290425956987	204.0	197.625	194.72727272727272	237.74461775520686	173.88340930719767	173.88340930719767	247.9408676515811	209.24962738939342	253.52747421832538	241.95213463328113	251.79484315338019	254.86411598395827
254.98791188375856	252.095390625	253.4300343319796	248.25396825666667	240.1883830521978	249.24851585227745	194.72727272727272	234.26755802042922	237.5535661557125	84.61215273962702	180.42670017611778	231.05184075	186.2306637621419	239.9318180454933	208.63636351782026	150.97216719730102	0.0	173.2195415275622	135.73756432246998	217.78683601257617	239.29028772774043	228.1133173392719	240.47644109621663	229.03632402631223	234.6884368635523	223.59828595393054	242.344028452342	242.090625	241.95213463655642	247.50783533415938
254.8158441642662	253.368	251.54030327850458	223.125	231.39608952371393	234.2675580568687	236.19623350981055	236.19623309025445	220.15020550831431	212.5	127.89873569661927	226.58194196083898	63.43966388060218	220.68100456160252	60.52413986080717	125.88967826228975	133.32460621827403	157.22040147480544	160.70431361103027	201.53614110288993	220.30573852966478	234.284332688588	146.45270269536843	251.076923073	231.55381553043182	239.1124521313138	219.85541136892033	199.14894502822696	234.5502939460923	254.81243503305063
140.2177684328748	244.8	205.50063994642045	247.85614375565984	248.97631502052295	239.24710424710423	227.678571390625	220.15020545199928	218.80655207012694	191.25	0.0	154.2201336026099	0.0	158.5874614594039	154.2201336026099	213.52424686876995	151.5506128388792	117.29388686582095	189.1833567689626	215.56165429838148	215.09837300043588	192.51295077585743	232.36634720188167	176.31428571428575	251.076923073	226.58661800591474	217.0651740573259	219.8554113714136	230.71983673469387	249.41820276497697
1.011342414230569	80.61711823698806	247.63141890219285	123.11761078204805	211.48280723247026	218.07692307692307	222.4259405097722	0.0	199.94318194996254	219.97831933801015	246.8932305177717	155.76923076923077	0.0	192.83278980201555	202.31404965000002	0.0	239.78218976830186	111.21937639198217	111.21937639198217	200.13757539298834	160.7043135807329	160.70431358510828	173.07692306909155	245.76923075810998	212.500000017	182.14285714285717	199.54881656804733	219.85541135910137	252.92283377949624	247.9166666712
186.69400943541382	13.846559695673534	0.0	5.788668952377378	246.50125487062178	209.5408696434548	76.76264897999997	199.9431818454468	187.62437012959788	202.66368920566524	230.7656832999827	170.0	123.63636363636363	127.5	238.0	85.0	45.36865892508419	239.78218974142305	239.78218974142305	211.74991221840605	174.47977874212305	191.7292843827316	202.11111111111111	250.4937629858108	238.000000017	238.000000017	167.57142857142856	170.3868912152936	244.0304526748971	246.5947545449776
253.72837045112968	50.84607080479498	135.740884414682	77.29153778670101	76.76264890593558	76.76264894285057	189.56134465136623	187.62436993766954	200.66585985802112	198.27382423125002	0.0	30.44653228912651	35.12081463583013	35.12081463583016	89.16058907819613	113.59147637887366	177.7526730065027	202.92002011765618	202.92002016415896	188.41870573410762	180.6258169429376	239.78218976830186	120.97682689483347	120.97682689451395	213.58389258161344	181.63407820975374	212.16	132.78106508875737	230.34614466459774	246.59475454522266
228.59815052573805	81.42891169713698	62.50192842061253	76.7626488525	76.76264889500001	76.76264888747806	76.76264886544314	174.10085687461526	199.66118713948967	200.66585941587596	141.5728043534688	194.49561922616482	78.32271762208069	35.12081463583016	174.98771342295737	140.96053311301793	182.87510831578982	154.90996211786575	134.04287950420564	180.62581686393997	185.95414498079964	78.46153846153845	158.0893638989645	153.3877981584394	190.1694915034473	190.16949152542372	228.09890110057216	141.8585639287922	230.3461446622436	253.8666666678
43.7342268398597	190.011495133538	224.73010701166803	0.0	0.0	190.45276222397655	174.10085687461526	174.1008566920314	174.1008567185933	76.76264897999997	118.46310163257652	194.49561917352423	26.127575257045066	78.32271762208066	86.42801957271391	78.32271762208066	102.86448329885357	170.8047384520297	189.1592831213825	150.89668592843498	113.34952473829384	25.72046109510086	168.48837209302326	158.08936392293003	106.65900602209558	191.25	245.1923076825	239.96285404617706	209.615478515625	235.3846153846154
238.64859563673588	54.34497501726642	123.27991373029025	176.53846153846155	166.0982574665381	0.0	174.10085668183177	174.10085667875052	174.1008566920314	174.10085646741882	118.46310165243534	26.12757606904711	26.12757600502954	26.12757610316166	86.42801959044533	202.63190438669986	202.63190438669986	170.59495718988717	104.67093747859374	104.67093751824808	150.48110219777936	90.44524568170388	90.4452456824622	150.08335392375	165.85953589599802	75.06265899049407	137.9812695109261	174.31640625	175.72924708804672	247.80288
150.9344173160693	240.42768728770776	49.942872519631464	0.0	0.0	0.0	0.0	174.10085571791421	174.10085658544	174.10085646741882	37.399999910239984	26.127575342219643	26.12757600502954	26.12757625435765	26.12757642800713	109.07881784219316	109.07881784219316	73.06417723307501	138.86789132638756	104.67093740801278	104.67093745117285	138.8168538756463	139.39917808277937	139.39917794970987	200.72542624182688	165.85953580240601	115.362	98.81852551984875	147.421875	196.53499975328964
238.64859563673588	15.325058870702321	176.53846153846155	16.942145537071582	111.03336653105953	0.0	170.4976805229723	170.4976804573553	0.0	0.0	37.399999910239984	23.522720790227993	78.24899741668273	78.24899744299881	67.94334100531472	67.94334204097433	67.94334197212692	67.94334245553324	67.94334106101743	159.62273853482154	120.92343259260915	120.92343258817806	120.92343264612148	120.92343262920409	120.9234326271318	75.83030303030304	111.56249999999997	103.96444444444444	103.86712749615972	199.14894502822696
84.78907012167556	154.12381132235987	0.0	40.333365616098604	154.1553993944937	154.1553993495835	111.0333662293194	111.03336626875262	111.03336632989942	111.03336638018945	111.03336647378092	139.090908975	0.0	64.74100638015344	49.390580944026794	49.390580903915776	0.0	67.94334078132997	67.94334094914262	67.94334192362493	120.92343248834464	120.92343256870123	120.92343259168908	120.92343256870123	120.92343258984891	53.79452054794518	75.19230769230768	31.377117577169486	223.125	193.63292126930145
3.3326465266949867	147.6310923283741	134.07656741015109	134.07656741015109	154.1553992944469	154.155399276068	154.155399276068	154.15539926738245	111.03336626875262	111.0333663370954	81.6	46.793371970183046	189.1592832044682	176.1722835162593	176.17228345602277	64.74100630643554	21.51744136137569	59.09693928327869	121.36734848402352	57.089552238805965	60.50847455978885	120.92343213426486	120.92343258817809	120.92343256447288	120.92343258984891	111.56249999999997	105.73170731707319	8.93139958319287	244.70808939663974	107.93023255813952
49.97781902573516	0.0	134.07656741015109	134.07656743552712	134.07656737286823	134.07656786573517	154.15539926738245	154.15539923931027	121.94875541074063	0.0	106.14204283477295	74.68777074986073	115.93563233320671	78.82771654397723	78.82771648374066	185.48148460321	118.9666760437851	53.35607134491255	57.08955223454555	110.11363615618546	110.11363636363635	100.84460076068973	100.84460073261755	120.92343262713177	120.92343262713177	82.25806451612902	55.434782608695656	165.4816884379216	193.63292126930145	80.14285714285714
49.97781902573516	0.0	134.07656737286823	134.07656740831095	134.07656741182188	134.07656741182194	134.07656743129877	43.32876868431447	60.45797929505159	99.16539329590961	98.97605988220988	112.28926481732589	124.15833596818715	41.8607163081947	41.86071626046444	185.48148452426187	41.86071646504439	41.86071641090729	41.8607163559557	205.60941909608422	100.84460073261755	100.84460073261758	100.84460072393196	100.84460070555309	100.84460060550632	66.30000000000001	55.434782608695656	105.73170731707316	74.55015093557105	239.66138665189186
0.0	0.0	0.0	134.07656743129877	134.07656735387854	134.07656740739088	134.07656751165536	26.239674884191402	52.50690882100861	52.506908824285944	92.63949488242937	85.33022114357715	41.860716154132376	51.571464344710506	51.57146439901126	109.56553872622592	109.56553869171043	205.6094190559732	41.35877427142202	113.38404268804788	32.45454545454547	95.28352993514739	100.84460065041648	96.48472538694736	45.333333333333314	63.75	238.05785446292836	252.82824283733854	154.92064653635643	173.27216209014907
115.96296904753169	0.0	0.0	119.60592595868448	134.07656737079589	41.54828580543574	25.928560256050815	26.239674928281488	52.506908789432174	85.33022114357715	83.17434355779187	52.5069088160912	52.50690882443587	52.506908852584985	43.32876869862332	95.7770213606239	95.77702143364448	41.35877515475488	41.358774265378685	113.38404261797317	95.28352973629433	80.89914353258118	80.89914341455997	80.89914353258118	80.89914428208581	42.49999999999997	36.5581561143874	111.65642725413434	8.613984979573502	0.0
115.96296906071595	115.96296906511068	0.0	41.54828566788416	41.54828571962054	41.54828575863374	41.54828594013287	41.657122162311595	85.8091262985225	97.43948926410053	83.17434355779187	95.3692454012803	52.5069088160912	52.506908821654264	44.715758622904815	44.71575860908729	44.71575862034561	41.35877512244073	44.71575870279443	136.53689834756472	80.89914328140677	80.89914330796856	80.89914332124948	80.89914331816826	80.89914312538474	42.5	36.55815606810825	63.12500649192711	70.56523297586395	255.0
115.9629691060764	115.96296901402161	115.96296904852375	0.0	41.54828567671291	41.54828565573956	41.54828589183987	25.928560261859587	81.18247144022246	41.657122078230486	41.65712212370488	41.65712206541983	41.65712210591391	41.65712210591391	41.657122146408085	83.17434355779187	44.715758562826466	44.71575863221767	44.71575861320267	136.53689836742348	80.89914328140677	80.89914330796856	80.89914332124948	80.89914331816823	80.89914312538474	36.558156103447885	36.55815606335727	25.614176393294372	235.8955077222966	17.79092817808484
18.523745751178723	115.96296906071595	115.96296906770797	93.10400254659348	0.0	0.0	109.40475839203316	78.18779355894893	76.51367136409417	78.31520411154699	41.65712196861787	41.657122162221754	41.65712210955243	41.657122162221725	41.65712212370488	41.65712213059436	97.43948926410053	41.65712219405043	44.71575861522709	32.29988995954315	80.89914312538474	80.89914341456003	45.12100265651941	34.16352203737546	31.134109439487986	69.12116644818241	127.5	51.0	209.99064414533683	237.5557416379529
46.58380794625981	25.912848012639188	115.96296901402161	93.10400244553949	93.1040024705294	0.0	0.0	69.26020853263213	75.57190562272723	14.06530886138492	14.06530855317368	14.065308722930752	41.65712203591198	41.65712208509828	41.65712209196607	41.657122120271026	41.65712212713879	41.65712219405043	41.657122146408085	27.803256663164177	27.80325652962918	22.958443821961396	27.803256409364224	35.640705658338675	26.610799454988467	79.32691940149033	127.5	51.0	27.45241844187686	239.08100158428996
226.4556596088265	76.76264897999997	7.0847245648022295	115.96296907390018	93.10400248302435	93.10400242286963	0.0	0.0	0.0	83.07903518999998	14.065308629074025	14.06530862685679	49.68496517687274	33.83670310508103	41.6571220654198	41.65712209196607	41.65712210591394	41.657122146408085	27.803256474223417	27.803256452757807	27.80325645275778	27.8032564744546	19.308782038136854	19.308782070000007	19.308782038136854	37.899829133800864	79.32691940149033	0.2661759491002158	162.9113533330563	249.98374041889977
26.309043505451484	76.76264894285057	76.76264889500001	76.7626488525	7.084724499455149	93.10400249695664	93.1040024024255	69.02892006941912	69.02892010801068	31.68970503391523	31.68970504300188	31.689705034064048	14.065308672360032	49.68496507606909	62.58556362491262	62.58556362445478	33.836703098726986	27.80325640936414	27.803256474223446	27.803256409364224	27.803256396094355	15.057214445965485	19.308782070000007	19.308782038136826	37.89982917684452	37.89982910755646	255.0	188.1315282004863	127.0509516262991	206.54162692154557
172.28577449601096	18.523745751178723	76.76264888747806	76.76264890593558	76.76264897999997	58.08506590711124	15.217810231698166	15.217810258576947	93.1040021754219	10.72790845486287	10.727908280706544	10.727908453635592	31.689704955920064	31.689705007250893	69.34587247715677	76.42649434945716	27.803256063659234	27.80325640936414	27.80325637975301	15.057214591457551	15.057214727609193	19.308782070000007	19.308781935777432	37.89982914494368	16.325954908000483	16.32595492794883	0.0	66.36687555793296	239.3889352166744	252.01928215425926
185.28825053736563	26.309043505451484	8.999420909349595	76.76264886544314	49.94008579898244	41.90989276213972	47.67511866527809	58.94983336019362	74.68777074986073	54.787967065065146	54.7879672431647	10.727908395992642	10.727908350513928	10.727908574240558	31.68970484650896	15.057214331473432	15.057214437128408	15.057214533955403	15.057214548126808	15.057214526461536	19.308782070000007	18.949914588422274	18.94991464273724	16.325954908000483	16.32595492794883	69.94802710171192	37.54600569256246	0.8527275146830107	8.501825618001732	23.074347440691895
205.19023430755317	169.7573052691905	36.85321394152996	77.8898443600911	20.060841885110875	18.487475523336883	18.487475523336883	18.48747553482741	18.487475557808352	54.78796718852115	54.78796734354697	54.78796736410786	54.7879673236026	54.7879673381226	54.78796731363042	16.9399090306367	16.93990903382536	16.939909037289056	18.949914783139548	18.949914581818632	18.949914561264706	18.94991457247187	18.94991455377823	18.94991455377823	6.562921269940745	25.94767772596174	233.00145694097742	244.19078624604646	194.6369332157186	142.222249918923
165.8834787886076	131.7598744847491	40.76568839783258	154.12381132235987	40.333365616098604	127.92890330469076	18.487475419922617	18.487475545865408	18.487475513583462	18.487475548205822	18.487475543524965	18.4874755419647	56.325111335015805	16.939909006020173	16.939909035419703	16.939909007404964	21.91094009729676	21.910940010997336	21.910939992244323	21.910939982867802	21.91093999001714	13.81231093794824	13.812310936301486	13.812310942888473	82.77595861339341	25.947677583643525	25.947677551569484	81.72284195154404	13.417986063494482	110.21292534936174
10.133990094363526	9.291102571904844	12.43544167860017	19.26984262266842	23.91451685241472	27.01249382867556	29.925301318063703	27.01249382867556	255.0	18.487475545865436	18.487475513583462	18.48747553482741	18.487475557808352	16.939909030636727	16.939909006020144	21.91093994990416	21.910939984451687	21.91093998630683	37.138088565628834	13.812310912925682	13.812310912925625	13.812310837996478	76.46143961245701	1.0810466101290217	25.947677562684618	25.947677562684618	25.94767752696606	66.89441421922487	156.4659990531721	0.0
1.1058906095794327	10.090807340686126	10.098269930015846	12.247229857035904	2.4444576830964024	21.742031287779838	11.797816958377012	20.548416842969345	40.76568839783258	37.841467812178905	20.548416842969345	82.77595861339341	18.487475513583433	18.487475557808324	255.0	205.66351098619725	205.6635110399946	13.812310933007979	13.812310912925682	20.314256687872955	18.964518215679107	5.216076389522755	0.7436748669015003	1.1921648297162335	75.25205516395567	25.947677529339302	25.94767733279764	255.0	0.07071493298690257	0.0
