254.94740011633687	249.40329218666668	254.99705555917043	252.50704970118088	153.9235412629702	243.6807055438702	239.91007316511633	253.22916666666666	244.8	91.79999999999998	209.347754975932	232.23214285714286	234.4260299209701	236.86666666666667	246.47909245749332	136.0	204.0	249.43079970522504	204.0	251.175	208.63636363636363	253.79736846891015	204.35828382227567	204.35828382227567	250.33279605021445	232.43200932934235	254.11365246302617	254.9970985807015	254.9418681443609	254.02044893020008
254.32692909484345	254.999139375	242.08568268875916	217.22222220333333	163.46153846153845	239.91007499954117	208.63636363636363	223.76604593922917	225.15299641104332	203.278109705035	103.2184183021248	223.125	150.62207146126588	212.11363624311724	239.9318180454933	240.44317672910972	247.6844262295082	230.53778654032396	249.02229845626073	248.80537728887248	243.56802772403526	226.5025464617016	202.85147881178585	217.37063668020897	238.48348379568847	240.80704113990825	234.5990129368546	254.942625	254.99709858070258	254.99871533527696
253.87957173261847	199.46666666666667	96.87150837282104	252.96	205.50063994642045	223.7660459641191	217.8105314726772	217.81053166022258	205.50680559011593	248.359375	76.48168811142935	217.21847516821984	174.18588896641367	213.1919436960543	168.1061779705189	229.3929288299537	250.03411267250965	249.35886931585415	249.8424914988643	185.98684684693848	220.0972306008184	251.54738878143132	243.67760617930253	242.25	231.51474946014503	239.19755599964364	254.87227976448213	254.85320321737248	254.99560383445814	254.99901399406826
140.2177684328748	244.8	0.0	40.494060601926265	39.2416911248182	47.78883278883279	208.70535721875	205.50680563539126	205.05811340326738	244.8	239.24710424710423	233.2515146807519	191.25	248.02877697841726	233.2515146807519	156.85045424945022	151.5506128388792	221.3342656551167	189.1833567689626	215.3139524695594	215.24054330916013	241.17051213474824	251.41249968860834	250.62857142857143	242.25	251.3400089280293	254.83482659241216	254.8722797645268	254.9250612244898	253.3576193325653
82.92156726364664	0.3008258375668902	15.542309006941252	254.196262297727	31.68263372991845	33.46153846153845	200.06630196079186	218.07692307692307	180.90097399286657	199.29245198387127	233.71192873666521	162.69230769230768	191.25	180.02651824055465	191.25	232.23214285714286	211.88151867840145	141.4142538975501	141.4142538975501	202.7974563879601	249.84249149922962	249.84249149812064	244.78021975430858	178.84615384959972	247.714285707	250.14285714285714	254.80746116863907	254.87227976448207	254.93783005643743	254.7918367374
5.825889231078463	27.72150557581287	52.01024645222776	11.991853350114013	91.19337690854306	104.0273777647264	178.23735127499998	180.90097403160013	166.54506950872792	173.84558803077033	183.8822734847683	233.75	234.9090909090909	204.0	51.00000000000003	187.0	136.50261598049804	211.88151867035631	211.88151867035631	220.93620336305116	230.05786432034012	209.10215291902688	251.47407407407408	198.1418918918919	238.000000017	238.000000017	251.35714285714286	195.57350933090578	254.95124645633288	251.850670188195
51.618158923582286	166.82149317731736	60.914417444294514	210.85944533052094	178.23735113097945	178.23735116789447	167.97375597914123	166.54506930784547	171.00221046712278	171.1974215625	157.13203535753348	104.38403531695602	115.13289609941316	115.13289609941319	194.95894308028178	195.11374719953005	216.42720354640215	215.16186884932034	215.1618688609493	187.73265542672817	186.60295848380616	211.88151867840145	249.16091001878615	249.16091001819535	253.63087244066597	254.13507581754	247.35	158.43195266272187	242.87936659450943	251.85067018798946
27.72150557581287	71.62931515970044	107.77845785685864	178.23735102	178.23735110500002	178.23735111252194	178.23735113455692	151.2510713603309	169.57782977605723	171.00221065220265	220.1770338946926	23.298245753130374	184.79830148619956	115.13289609941313	165.551917321458	140.96053311301793	80.80183697361036	137.3958406366395	223.76900578878679	186.60295843191352	232.50990015310313	98.07692307692307	188.3833100273206	181.28846924833988	214.6610169239529	214.6610169462712	251.73076923261343	251.59303044647186	242.87936659286507	253.8666666678
254.8669811570477	89.32000466085947	0.009921275989768219	176.53846153846155	176.53846153846155	156.57332678317027	151.2510707819804	151.25107098360837	151.25107110139737	178.23735101999995	45.67129156999155	23.29824568583564	93.80301284270982	184.79830148619956	164.23529789420905	184.7983014861996	227.92326602277302	171.22974045324872	189.1592831213825	211.89713300026386	221.6126628051686	250.5907780979827	241.74418604651163	188.3833099907998	240.64205688100705	216.041666663125	242.25	252.69114688128772	254.937744140625	246.50908119567308
5.798743200528435	2.9628615299712635	89.41778334160773	19.61538461538464	137.68375004822337	117.17854150809637	151.25107097476393	151.25107092471393	151.25107098360837	151.25107085022296	45.67129164745569	93.80301209725647	93.80301170277738	93.80301178660272	164.2352978714497	199.0927780807711	199.0927780807711	167.99005102574085	227.72191647960176	227.72191647276168	210.83270442195555	237.5524065067919	237.55240650985286	181.03426018875	190.1915991444617	247.9074268882811	244.3565730171696	254.00390625	252.8255364225773	254.7705
3.26455932993656	89.39968833518554	202.56498188835525	117.17854127917988	117.17854122918652	117.1785412470974	117.17854124411568	151.2510707819804	151.2510707819804	151.2510708502229	93.49999991585	93.80301165346518	93.80301170277738	93.80301187838134	93.8030123773236	114.28887690092103	114.28887690092103	179.4345095533685	225.01481848397935	227.72191645968422	227.72191645780316	162.51387515168673	165.03968791101914	165.03968793595865	210.12486632711634	190.1915992431001	254.898	240.41824196597355	251.93101671006946	254.8698801257602
0.03510685713499129	71.85953493996675	19.615384615384613	95.83631906102079	201.8661993465279	117.17854125605282	137.15809363600292	137.1580935191319	117.17854122658358	117.17854138233633	93.49999991585	84.45324041866428	92.48219957004497	92.48219960759644	173.90954739823752	173.90954802074486	173.90954836504943	173.90954884845604	173.90954810681842	159.6699130603023	154.58198345348694	154.58198346845208	154.58198345348694	154.58198350321047	154.5819836003929	237.38181818181818	241.60807291666666	249.6518918918919	254.96123751920123	254.85320321737248
66.37328461759796	89.85526494981661	147.6310923283741	155.65596279056598	122.03437059335283	122.03437051928194	201.86619904478775	201.8661990415468	201.86619904478775	201.86619904478775	201.86619906885218	127.5	191.25	86.4365029968468	169.0476511567873	169.04765113266595	141.35210887004672	173.90954739092325	173.9095478204603	173.90954861787012	154.58198338860814	154.58198340248168	154.58198347511322	154.58198352569843	154.58198351836575	234.73972602739727	254.48918269230768	133.32742279735447	252.96	247.65866607160248
71.8686417420682	13.619868011328208	100.41801648163428	100.41801648163428	122.0343706580453	122.034370643496	122.034370643496	122.03437063466095	201.8661990415468	201.86619900696724	204.0	123.31856626171214	26.921066422896786	171.67358118654263	171.6735812629845	86.43650313091973	77.80317131203535	159.50323151048855	132.9952892150031	209.32835820895522	194.49152544021115	154.58198310752596	154.58198346845208	154.58198348592637	154.58198351836575	239.0625	199.02439024390242	136.2539734314272	223.97081537713407	107.93023255813952
202.70672260167086	115.96296906511068	100.41801648163428	100.41801651407366	100.4180166460406	100.41801689247401	122.03437063466095	122.03437061439737	109.71452417934529	157.13203535753348	106.82054853515643	140.9605331234972	70.13239340433006	83.3264187370155	83.32641881345734	73.88427951129637	118.35954893314928	148.0553178289685	209.32835821236355	135.3112648208459	135.31126475284094	132.96562938560265	132.96562936533905	154.5819833539594	154.58198360039285	202.90322579274195	194.02173913043478	181.4826087472023	21.869995201001245	80.14285714285714
202.70672260167086	115.96296901402161	100.4180163996071	100.41801652488675	100.41801653154789	100.41801653154792	100.41801659751832	166.49619543524494	179.67131906345548	98.42070164297107	99.56042857735383	106.04001087315072	115.08791618135834	131.3268188120639	131.32681876927506	73.88427952905434	131.32681892577108	131.32681887163386	131.32681860582275	85.95234886733405	132.96562936533905	132.96562936533908	132.965629356504	132.9656293419547	132.96562940664717	249.9	194.02173913043478	199.02439024390245	248.62582479382831	2.2296276162746267
115.96296904753169	115.96296906071595	115.96296904852375	100.41801647430157	100.41801654651306	100.41801654651306	100.41801661139183	135.0324464662063	147.8314689314509	147.83146891937645	95.22949513201254	0.0	131.32681873718343	163.05154316669734	163.05154322277065	187.76709336574402	187.76709336400813	85.95234884321269	186.60681591200367	202.60805529554636	204.0	119.53161116497296	132.96562948071804	121.83841487543512	204.0	196.5625	159.1636809389792	98.83078369378484	122.34681268656604	5.276762179847395
8.731527656174563	115.9629691060764	115.96296907390018	93.65959345979414	100.41801649678953	150.61481487220442	127.36394923482649	135.03244650960318	147.83146890645384	80.50467949294568	96.12488546591402	147.83146891450923	147.83146893800344	147.8314689212475	166.4961954401382	165.43116154160697	165.43116152235518	164.1496278919412	186.60681588761983	202.6080552346135	119.53161072836662	103.74892914977704	103.74892921801958	103.74892914977707	103.74892921801961	249.6875	48.26781180431158	7.999415553811076	242.10736455410995	0.0
8.731527937604568	8.731528031414541	115.96296906770797	150.6148148617214	150.61481482929682	150.61481488194318	150.61481492238667	159.51193216464915	85.67246169661081	91.20133690567161	96.12488546591402	86.17444576780304	147.83146883345722	147.83146893017204	154.63662437755752	154.63662436193414	154.63662436870712	164.14962791697974	154.63662435100628	209.3287083525443	103.74892914977704	103.7489290163916	103.7489290752861	103.7489290252361	103.74892921801961	249.6875	48.26781189348836	194.04117240965562	24.37422397888315	74.55015093557105
8.731527857851972	8.73152804552069	8.731528106632453	117.17854150809637	150.61481480784303	150.61481492489753	150.61481445092681	127.36394918874417	81.04970962828511	159.51193216464912	159.5119321777981	159.5119322275984	159.51193219732176	159.51193219732176	159.5119321670452	96.12488546591402	154.63662433927888	154.6366243542468	154.63662437326178	209.32870843000845	103.74892889860263	103.7489290163916	103.74892894969886	103.7489290252361	103.74892921801961	48.26781186617356	48.26781185407657	6.215150149379582	207.7125435002658	253.4666499471888
84.91559138168168	8.731527937604568	8.731528023705607	81.84941906399308	117.17854127917988	117.17854138233633	255.0	78.18186938192991	83.47459093582094	77.40668686259917	159.51193222759838	159.51193222759838	159.51193216205547	159.5119322275984	159.5119321777981	159.511932106492	86.17444576780304	159.51193220928337	154.63662435100633	130.78381339072064	103.74892863966906	103.74892892884438	139.74082500231566	132.92804379690403	175.59455790936673	94.13370215741355	204.0	51.0	125.8165966806256	236.25990634698042
22.27312754484248	166.88213328978782	8.73152804552069	81.84941901606803	81.8494189640727	117.17854124411568	117.17854122658358	69.09073773848758	76.09625432666189	55.6094629158589	55.60946313353614	55.60946293992944	159.51193216119094	159.5119321489065	159.51193221724498	159.51193216464915	159.51193219094705	159.51193220928337	159.5119321670452	158.97874799431216	158.9787477879994	179.9210662548113	158.97874783645693	218.93755419788152	240.6725144689698	171.96948631794268	204.0	51.0	209.24901250469975	3.287065818830939
55.57213740917237	178.23735127499998	47.308149256105594	8.731528219034516	81.84941893807502	81.84941894426936	117.17854122918652	117.1785412470974	117.17854125605282	74.68777084500002	55.60946270974293	55.60946270097705	116.13150021857294	159.42385380076746	159.51193222759838	159.51193221724498	159.51193219732178	159.5119321670452	158.97874765693535	158.97874770627607	158.97874770627607	158.9787477062761	140.97470202809137	140.97470201	140.97470202809137	182.63327647904939	171.96948631794268	18.76832522144423	56.5746155586983	233.45248747870528
24.414367301296124	178.23735116789447	178.23735110500002	178.23735102	47.30814934639068	81.84941888440747	81.84941886008198	137.0767738157645	137.07677383344537	105.90133777902759	105.90133775670728	105.90133776279887	55.609462666926134	116.13150028377527	170.32699870876442	170.32699870248587	159.42385380105674	158.97874770627607	158.97874765693535	158.97874764118566	158.97874758168672	151.20035194273365	140.97470196749998	140.97470199117632	182.63327639228152	182.6332764130995	39.3350700344275	103.75688966767717	24.750142372160127	29.655611451751412
57.00451224450569	55.57213740917237	178.23735111252194	178.23735113097945	178.23735101999995	57.02335131267856	43.11848132159855	43.118481329643686	81.84941897671979	43.05950742064843	43.05950752666263	43.05950752666263	105.90133760220368	105.90133778107386	69.5472798073468	76.21469476120032	158.97874739480721	158.9787475760952	158.9787476381232	151.20035196890686	151.2003520645732	140.974702095	140.97470186782567	182.6332763816479	95.29235670939812	95.29235663542633	141.78920337296245	210.24359047039607	30.49529372113804	254.89901301122464
48.12501290431476	24.414367301296124	216.03282315195275	178.23735113455692	50.15385900405175	77.79370361040915	53.31744415404361	55.41186578254283	140.9605331234972	139.98595613921577	139.9859563784673	43.05950746901962	43.05950740373933	43.05950739739842	105.90133763847288	151.20035170892277	151.20035185399456	151.20035192418743	151.20035196890686	151.20035196890686	140.97470184	97.04816728371185	97.0481672523953	95.29235670939812	95.29235663542633	69.94802710171192	37.54600569256246	3.520386050401271	43.47957454723948	100.16820208307786
48.124184719030126	34.33616714197234	13.168424161614439	35.32498684911431	197.41229054437125	26.09167349231737	26.09167349231734	26.09167349104976	26.091673488514544	139.98595632391763	139.98595641769765	139.9859563784673	139.98595636673883	139.98595643301695	139.98595648050025	89.9593036574984	89.95930367443171	89.95930368150411	97.04816749801853	97.0481672541597	97.04816722353326	97.0481672625161	97.04816727922895	97.04816727922895	0.0	25.94767772596174	113.56281225194618	110.21292534936174	226.6093664857396	157.2545457312276
31.824637856456093	34.30365842367837	30.374465792951497	89.85526494981661	155.65596279056598	29.20324528899195	26.091673503725843	26.091673493692497	26.091673493692525	26.091673464713637	26.091673522671385	26.091673563511904	67.90646787538591	89.95930365023523	89.9593036828984	89.95930365758926	89.34849231993604	89.34849233766175	89.34849233766175	89.34849233766175	89.34849228117369	222.8789713635984	222.87897136742797	222.87897153452096	14.214236831995947	25.947677583643525	25.947677551569484	31.601346427214395	52.52596249282814	125.19123819261998
6.772934953146489	7.699961064102723	12.2971054332385	10.062662140590362	27.962658483255495	34.24016530082338	29.80680743019323	34.24016530082338	20.060841885110875	26.091673461410608	26.091673493692525	26.09167351582701	26.091673562846466	89.95930365749842	89.95930365023523	89.34849231794934	89.34849232324964	89.34849230922433	52.52170900409348	222.8789713672785	222.87897134087177	222.87897135729955	13.10051519620339	0.0	25.947677562684618	25.947677562684618	25.94767752696606	12.781265991118431	12.781265991118431	0.0
1.0983365136366388	10.31830213970997	10.259018083085465	9.028324878636312	4.328050675407553	18.097182744643646	17.244664251024034	32.57536585338528	30.374465792951497	20.548416842969345	39.19820460146647	14.214236831995947	26.091673493692497	26.091673488514544	39.3350700344275	94.06517419828711	94.06517441025161	222.8789713750871	222.8789713672785	39.937665713655775	37.48256684261065	12.264714698425934	0.7704681623246472	133.66724493643096	1.0810466101290217	25.947677529339302	25.94767733279764	10.642781032476705	5.8258848645593275	0.0
