254.68069070566415	255.0	254.92501006628467	254.99787367391514	253.33249494399723	254.96523607271635	254.88683659892965	255.0	255.0	214.2	254.28019118981922	250.44642857142858	255.0	250.46666666666667	225.1394369440386	255.0	255.0	238.22827006813097	255.0	255.0	255.0	151.3257750200961	251.51631056155122	251.51631056155122	222.76443351888872	254.59281148573666	237.53975688027666	254.96531724214913	254.82080563476921	254.95598693165434
254.781365001298	255.0	247.72309035757172	255.0	254.9221611565934	254.88683657338692	255.0	251.9879729516484	254.71944555376786	253.42175485633797	230.12859355376068	255.0	123.8197182236795	239.9318180454933	253.8409089466813	215.06209431095078	254.18715846994536	170.04759619510045	234.1509433962264	246.82088420791192	191.47112300229256	227.13901434331586	217.4170632610511	249.43665687022914	234.9874971000372	241.2423426482098	253.95205426231726	255.0	254.96531724216035	254.87727144709265
254.97792464599775	255.0	252.15083800009612	255.0	229.42295426159714	251.9879730106764	254.23900237613134	254.2390008368203	249.14117907681907	255.0	150.5538680329816	255.0	250.14287391979371	255.0	247.69772328485297	194.72040903415467	238.80448681712804	240.8971732896354	242.44854125932045	242.2824185031278	223.168215830122	255.0	241.21621624974435	255.0	231.86706694876978	239.15462430048038	254.32692159592153	253.27349331379372	254.9400026853454	254.9978131505302
140.2177684328748	255.0	205.50063994642045	150.56656207587764	88.2407294542893	239.24710424710423	254.557291578125	249.14117898047323	248.35552689773715	255.0	255.0	215.4102152486493	233.75	250.30359712230216	215.4102152486493	255.0	255.0	184.70914821566367	163.47156134904446	214.8408713325744	215.1186362315749	183.61487035385596	250.19397179291673	235.01632653061225	255.0	248.4303106270175	254.12251627218959	254.32692159600433	253.43393252811327	29.394201228878643
239.31044882870648	49.03750258999116	73.36720404366636	252.3444619507694	237.64791695623617	218.07692307692307	254.47017422735732	255.0	244.37500011663354	252.39157858564684	254.4670529201434	245.76923076923077	233.75	255.0	255.0	250.44642857142858	255.0	225.2783964365256	225.2783964365256	201.3491298016204	242.44854125714232	242.44854125648828	248.07692307723633	155.7692307621824	255.0	238.3469387755102	253.6587771203156	254.3269215957685	254.89382361370818	255.0
223.63347619440302	254.69336609477617	254.60600386068097	114.0351382735254	154.76107893572913	84.0579069981084	76.76264897999997	244.37499998889203	241.11182423438268	250.99845472506416	0.27893621168908567	255.0	240.16363636363636	255.0	153.0	221.0	234.98733791974806	255.0	255.0	143.34016477812077	219.59351631716567	153.83468661249702	255.0	206.75675675675677	255.0	255.0	230.0204081632653	247.57168866636323	255.0	92.00607487631979
252.66774463321696	0.6247868760356994	8.011552303496046	152.27139137912008	76.76264890593558	76.76264894285057	242.05855202161527	241.11182446004224	250.83232440112806	253.68542878125	214.46176166652586	221.29313097989242	226.39282015878496	226.39282015878496	151.94313879948686	205.6443086809543	169.3660055787755	173.30981816711864	173.3098181823408	188.18787670506708	159.68789652427256	255.0	161.0847363071377	161.08473630738575	207.42281875714383	170.9497206680035	255.0	230.85798816568047	66.29147767963715	92.00607487363752
0.0	145.1886384157212	99.35704500450208	76.7626488525	76.76264889500001	76.76264888747806	76.76264886544314	237.22461805629126	250.74844069342015	250.8323244103111	255.0	201.0526745208652	139.32059447983016	226.39282015878496	255.0	255.0	255.0	218.05816014972763	255.0	159.68789652951224	227.78495667470534	176.53846153846155	26.302611887513308	255.0	38.89830502013507	38.89830508474577	10.274725274800545	99.79912746192164	66.29147766405265	255.0
242.9614584949778	10.901057869140914	0.18466746798358713	255.0	255.0	249.9764238371884	237.22461863464179	237.2246181272564	237.22461804936785	76.76264897999997	218.41628369321552	201.05267445274868	215.6803693999009	139.32059447983016	83.68309616989592	139.32059447983016	205.6424808068881	171.38065963643248	255.0	255.0	183.61487035385596	221.93083573487033	155.93023255813955	26.302611936551045	71.8629704159626	10.625	255.0	133.40040241448693	30.5653211805556	20.02403846153848
179.0873024330508	129.0812170836998	127.52668908908406	176.53846153846155	240.01992085787435	186.08927052513167	237.22461805629126	237.2246180406135	237.22461812725643	237.22461779819344	218.41628363030586	215.68036881477582	215.68036869503015	215.68036870370767	83.6830961289333	101.8637449041646	101.8637449041646	170.68092493044983	207.15228234860507	207.15228233712466	255.0	126.0674157303371	126.06741571001231	6.440057767500008	51.21324126831885	102.11120249411857	26.682275392819946	20.807291666666657	38.957421922728344	255.0
118.63387616145329	211.25526722022497	251.83121248016025	186.0892707540482	186.08927066430186	186.08927064011823	186.08927062205782	237.2246174779407	237.22461805629126	237.2246177981934	0.0	215.68036839758577	215.68036869503015	215.6803687378639	215.6803687595152	207.32147787658053	207.32147787658053	132.90136754376456	255.0	207.1522823119626	207.15228230633303	41.769376983033055	38.739958587895956	38.73995874788446	246.13101136415293	51.21324118173587	19.99200000000002	42.41965973534971	30.5653211805556	253.87248309959392
198.63010337380535	127.49966365355841	176.53846153846155	40.88413619525804	255.0	186.0892706280264	246.39044905023007	246.39044936900424	186.08927055606267	186.08927069116817	0.0	204.34414196088474	130.08527787244424	130.08527788731965	126.45280407701082	126.45280513699765	126.45280504382308	126.45280697744852	126.45280523765655	160.53278004032984	15.950486583153918	15.95048655529635	15.950486529641552	15.950486598759852	15.950486642579136	20.193939393939417	20.807291666666657	29.421741741741698	29.394201228878615	253.27349331379372
242.9614584949778	194.2674012294443	255.0	255.0	251.76607330037842	251.7660734336748	255.0	255.0	255.0	255.0	255.0	255.0	233.75	171.11634809818554	159.94318529233203	159.94318530434063	135.36808617736102	126.45280261770895	126.45280544932174	126.45280516169714	15.950486629971778	15.950486511655015	15.950486531873054	15.950486634871766	15.950486536336058	74.94396014943959	20.02403846153848	73.41691558620579	255.0	253.08323059981964
129.09775842385352	147.6310923283741	239.04951357068865	239.04951357068865	251.76607325242028	251.7660732528058	251.7660732528058	251.76607326177302	255.0	255.0	214.2	161.8871652522563	93.72383937307688	72.73375615040575	72.73375598594615	171.11634810988434	194.54797847498673	112.68896791567963	0.0	83.73134328358208	38.898305088042235	15.950486149712162	15.950486555296408	15.950486532988833	15.950486429311354	10.625000000000028	171.38211382113818	227.99833649624438	252.56883534422641	107.93023255813952
193.874603198182	255.0	239.04951346366394	239.04951346701114	239.04951360385442	239.04951385028784	251.7660732221629	251.7660732535769	255.0	214.46176166652586	106.33107513751472	255.0	128.06382357792037	182.26624401405388	182.26624384959422	57.9814844575059	118.61305113503505	102.99105701637302	83.73134329636332	27.321428617999175	27.321428633522743	3.2339267464230943	3.2339267382270123	15.950486396145607	15.950486642579051	13.709677405645152	22.17391304347825	254.28716102865704	253.08323059981964	80.14285714285714
193.874603198182	255.0	239.0495133574209	239.04951346812692	239.04951344470356	239.04951344470365	239.04951348834499	128.89723491784306	192.59567738240986	99.29829233718598	99.69134907136672	110.87985633735192	255.0	86.07289092362382	86.07289092481079	57.98148452426187	86.0728908470758	86.07289079293858	86.07289046948216	95.05681469565934	3.233926777837098	3.2339267514303742	3.2339267471941753	3.2339267475797158	3.2339266996215486	10.200000000000017	22.17391304347825	171.3821138211382	74.55015093557105	92.95919078783032
255.0	255.0	255.0	239.04951336512823	239.04951347035845	239.04951341684608	239.04951337002822	96.58129207637774	133.8394015784277	133.83940157447336	93.53244920801902	89.11894636091873	86.0728908551668	112.3288961189773	112.32889612067689	170.41829230688785	170.41829232966685	95.056814707668	62.34728373568288	2.1142168455515673	46.363636363636346	22.270626644134524	3.2339265663252093	21.572471560160977	11.333333333333343	10.625000000000028	214.11586380474193	254.6917661768008	2.6675890291768383	2.9467011271628962
115.96296904753169	255.0	255.0	218.3219472099206	239.04951340124012	165.77617373538658	85.28801168787561	96.58129204288679	133.83940157006515	92.93776635710825	97.43948926410053	133.83940156019767	133.83940158146817	133.83940158679025	128.897234984059	154.8655251289953	154.86552515973995	89.76193050378788	62.34728374830391	2.1142168655608202	22.27062635734876	17.775382201806593	17.775381943708737	17.775382201806593	17.77538252205926	10.625	117.17854127917988	190.9299216003292	1.2323951446685157	0.0
115.96296906071595	115.96296906511068	255.0	165.77617369854042	165.77617364957138	165.77617366642588	165.7761736021968	124.75791097952282	85.87920666430236	88.62632061061524	97.43948926410053	90.58782028275792	133.83940156019767	133.83940157437797	96.83763632200638	96.83763632747545	96.83763633105855	89.7619305169739	96.83763634916295	36.58371636969417	17.775381950632095	17.775381872743537	17.77538195938652	17.775381943708766	17.775381943708766	10.625000000000028	117.17854122918652	141.70662449590134	121.17558793099687	0.0
115.9629691060764	115.96296901402161	115.96296904852375	186.08927052513167	165.77617367102516	165.7761735229808	165.77617370590468	85.28801169023845	81.3615558281978	124.75791089544174	124.75791092674609	124.75791094453209	124.75791092085208	124.75791092085208	124.75791094557306	90.58782028275792	96.83763628639687	96.83763634801477	96.83763632899976	36.58371630678445	17.775381950632152	17.775381872743594	17.775381833799287	17.775381943708737	17.775381365358214	117.17854124411568	117.1785412470974	114.86735989350623	252.23482146473887	251.85614004129124
149.9919158334981	115.96296906071595	115.96296906770797	0.0	186.0892707540482	186.08927069116817	111.6623053972863	78.35617463650502	81.7777435433444	78.37144775039263	124.75791084773016	124.75791084773016	124.75791092629404	124.75791084773016	124.75791092674609	124.75791094661398	88.62632061061524	124.75791099071108	96.83763634916295	20.25347247084443	17.775381943708766	17.775381943708766	6.949536940442499	5.369022326518319	7.534740318687881	12.610557733052872	255.0	51.0	134.38928586318173	254.20664796974424
251.83121248016025	234.11525312908103	115.96296901402161	0.0	0.0	186.08927062205782	186.08927055606267	69.9162614184552	75.91273795081108	173.95428419010602	173.95428436356485	173.95428416436334	124.75791090855111	124.75791091600993	124.75791093657813	124.75791093748228	124.75791095805047	124.75791099071108	124.75791099397401	43.13635140998946	43.13635143534273	33.228069350313774	43.1363513426046	5.152046220065358	6.440057775081698	140.92155274935828	255.0	51.0	253.78117955614906	0.0
99.23863736442803	76.76264897999997	17.893427013741984	115.96296907390018	0.0	0.0	186.08927066430186	186.08927064011823	186.0892706280264	255.0	173.95428429979034	173.95428427236928	129.67474126691886	116.37753805060166	124.75791094453209	124.75791093657813	124.75791092085211	124.75791094557306	43.13635132697419	43.1363513426046	43.13635134260454	43.13635134260463	4.520835628027754	4.520835585000015	4.520835572655244	2.8034457080117647	140.92155274935828	171.98537648384513	108.27820737176057	1.4566004329694238
18.523745751178723	76.76264894285057	76.76264889500001	76.7626488525	17.893426894963	0.0	0.0	23.07237244895356	23.072372497794333	66.9221468134335	66.92214675522979	66.92214677231502	173.9542843327111	129.67474132565883	154.51233966405448	154.5123396819742	116.37753805230378	43.13635134260454	43.13635132697419	43.13635134260463	43.13635116094375	22.085523134125282	4.520835585000015	4.5208355911127	2.803445656898049	2.8034456340462555	8.19095797599445	250.23314050651464	137.53362711098194	109.90042607567179
115.89802067735269	149.9919158334981	76.76264888747806	76.76264890593558	76.76264897999997	56.0230495539287	0.0	0.0	0.0	146.6195660175374	146.61956626639102	146.61956617992655	66.92214684311367	66.92214703933024	69.46731611544593	76.45171441389274	43.1363514099894	43.13635134260454	43.13635128546656	22.085523195034654	22.085523407519105	4.520835585000015	4.5208355192459635	2.803445655520477	6.059017022131172	6.059016994038728	101.58910129873908	123.6668009682653	0.05634138217860141	153.4632211683586
118.63591777173855	99.23863736442803	254.46859158947257	76.76264886544314	49.73965309022253	255.0	52.28138060744453	55.762242618380895	255.0	107.97321213116584	107.97321192607839	146.619566151105	146.61956606009744	146.61956618871068	66.9221466728788	22.085523065042594	22.085523121163334	22.085523216615258	22.085523195034597	22.085523195034654	4.520835329999983	2.803445656898049	2.8034457080117647	6.059017022131172	6.059016994038728	69.94802710171192	37.54600569256246	129.08227284769376	116.79651917182721	254.99036736823788
127.49979976078154	2.1060985918204835	186.99555494962186	109.5644364013875	20.060841885110875	69.29579433706886	69.29579433706883	69.2957943460909	69.29579436413502	107.9732118563455	107.97321185268396	107.97321192607839	107.97321190620596	107.97321193533972	107.97321193296693	10.350899971194224	10.350899877143604	10.350899874532274	2.803445706344263	2.803445666257602	2.8034456313411624	2.803445655520477	2.8034456340462555	2.8034456340462555	71.99616450855797	25.94767772596174	251.80589018106647	0.0	101.07353834183527	254.99046107574327
5.24134680269367	127.51332617050055	34.24016530082338	194.2674012294443	255.0	177.3578749072712	69.29579440453415	69.29579434024527	69.29579434024527	69.2957943490178	69.2957943960366	69.2957944117095	0.0	10.350899905801128	10.350899830118323	10.350899864955437	3.1090288996406628	3.10902897261559	3.109028953862662	3.1090289444861128	3.1090289027995084	3.2339267475797158	3.2339267471941753	3.233926566325124	0.0	25.947677583643525	25.947677551569484	0.4502972187279397	0.15629808845991988	110.21292534936174
10.13680466156785	10.280924916102208	12.708387020387704	24.336367425052657	25.617958647145855	36.933424087331275	29.482426568536454	36.933424087331275	181.2440328297536	69.29579431872395	69.29579434024527	69.29579437086821	69.29579436413502	10.350899683197241	10.350899843263335	3.1090289156705637	3.1090289667804996	3.109028945453531	6.295641204189991	3.233926777837098	3.2339267514303742	3.2339266996214917	0.0	1.0810466101290217	25.947677562684618	25.947677562684618	25.94767752696606	0.0	254.99581370014812	0.0
0.7030717395996078	10.178322593745833	10.170451547458697	12.708387020387704	0.0	14.039459378276007	0.0	34.24016530082338	34.24016530082338	34.24016530082338	20.548416842969345	0.0	69.29579434024527	69.29579436413502	8.19095797599445	159.38983272413216	159.38983254452484	3.2339267464230943	3.233926738227069	0.8269554273124982	0.7680039547206547	0.03780675122476396	23.91659408724331	0.8871252200311801	107.61725697287685	25.947677529339302	25.94767733279764	2.103893408077255	0.0	0.0
