254.9812335314187	254.89592898444445	254.87276846891888	254.56216400849655	251.8748856470699	251.656093359375	250.95323519021446	249.78070175438597	244.8	199.46666666666667	180.78555532529077	250.44642857142858	205.0149481793536	253.86666666666667	255.0	198.333333339	232.333333339	234.95804714451376	232.333333339	224.94642857142856	239.54545453772727	181.13982627350072	129.98377535307608	129.98377535307608	254.87413256940198	167.46543616357508	254.95313015875467	254.40562142288616	252.3736232304275	251.79060564077795
254.98521424781396	254.58254669278426	253.2449052053929	249.84848484333332	251.20712621703296	250.95323319883883	239.54545453772727	239.0864984981725	241.25536736892994	174.3689551420946	255.0	179.44444452	247.40982989770743	226.02272714430526	246.88636349608728	255.0	251.9808743169399	247.0080258275451	231.08919382504288	221.05218139154232	253.79231869679046	227.60776870738175	239.36186395189108	33.8399184716576	234.50624137754127	240.95524657012177	96.22862683051906	251.4579719387755	254.40562142290173	254.9221078377207
250.70658161957755	242.40740740866667	246.06399188608108	252.96	227.54798063576987	239.08649848578114	240.42569323573917	240.42569125170533	227.37548688528165	239.0625	248.22919741028045	166.51819004787194	143.16585822737306	177.0265422691415	137.58829967662456	255.0	225.57110270182946	221.46661204424416	221.7044030872669	54.721467789179655	219.25915971703742	227.87234042553192	248.10810812487216	229.5	232.57416080375012	238.80629972127102	250.51847078654998	252.73318456593782	254.2765082882904	254.52711968813088
140.2177684328748	252.98518518493333	226.21922258834715	134.38310719137934	186.16403460052896	179.87080487080488	233.428030359375	227.3754867618887	225.80712379672445	232.05	250.75883575883574	243.25056530820086	233.75	226.9054470709147	243.25056530820086	218.75587817631376	227.91079451447732	255.0	237.7652861978127	216.23933114857877	215.08406816236385	233.96687039160975	224.04229093632748	237.8265306122449	229.5	229.29830696356626	250.37705631679495	250.51847078689912	253.84341940857976	245.85179951516898
180.49029923352117	222.30229536564337	176.661366622995	124.24651032328526	2.7716907292897304	144.23076923076923	229.252463335558	241.15384615384616	210.0413223515045	225.67698093513425	218.55926020462795	213.46153846153845	233.75	124.70570016742764	141.66666678	242.85714285714286	181.28846924833988	76.48106904231625	76.48106904231625	200.41385054914176	221.704403077953	221.70440307857527	245.76923075810998	173.07692306909155	239.7	245.4591836734694	250.0473642443294	250.51847078532907	251.15168608670504	254.082
12.68261954833713	239.29615215126174	225.3809516896373	253.3305682452261	254.90857476827335	30.803029119271912	178.23735127499998	210.04132237500562	199.21107976936634	210.920237018761	178.03334921005055	212.5	199.36363636363637	204.0	136.0	238.0	108.59502721176949	181.2884691954601	181.2884691954601	250.126843564089	178.74550204677945	228.15148063225556	213.44444444444446	172.2972972972973	216.75	216.75	240.68877551020407	229.92944924897589	248.22798353909465	243.14077481017287
215.57533927183593	42.74099711716701	171.8768309856949	214.0580848472972	178.23735113097945	178.23735116789447	201.243389436496	199.2110797594804	209.20483240275476	207.7754943	214.46176166652586	79.45435925878792	88.99033482913356	88.99033482913359	255.0	199.17489236392402	231.76646466285607	233.4350975033602	233.43509749114733	188.43971953142147	204.64422634346963	181.28846924833988	199.7711323039341	199.77113230408	222.82550331831786	221.16620111422952	198.9	200.68047337278108	223.57394366197184	243.14077481059294
58.954009675878666	144.28556214023786	237.81796427028314	178.23735102	178.23735110500002	178.23735111252194	178.23735113455692	187.117989406714	208.34140337485923	209.2048322227272	190.8199153710995	157.56928531717546	255.0	88.99033482913356	126.16736775207659	178.97368878590578	134.7918472149299	32.80296180488128	167.45766328526156	204.64422631228456	172.64632670598718	137.30769230769232	146.04511739206953	211.88151867840145	179.36440674537778	179.364406779661	172.1016483529092	201.76610073921793	223.57394365410113	249.2625
9.867947588013578	248.3266890658553	82.98342142350205	215.76923076923077	215.76923076923077	200.42027417597217	187.11798882836348	187.1179891720497	187.11798927806242	178.23735101999995	199.74018748789277	157.56928529796448	70.27071828733153	255.0	213.47566095957063	255.0	171.8276327225841	171.5107300949369	156.23892462505398	192.53801148863732	188.82421368605287	208.70317002881845	141.27906976744185	146.04511732094778	165.26285550217344	177.96875	216.75	171.88128772635815	198.76451280381946	227.59465144230768
168.22075911500863	164.01730507388635	71.26515056748636	98.07692307692307	182.45694782374312	186.08927052513167	187.1179892139305	187.11798924463062	187.1179891720497	187.11798902688795	199.74018750706136	70.27071764562288	70.2707172243052	70.2707176541887	213.47566107232893	232.6771327526394	232.6771327526394	169.86357218415122	170.35525152904776	170.35525155352389	135.3943981395946	165.70937447593494	165.70937447518622	135.64206565874997	148.72287049130415	178.15517472218505	175.27748871227888	161.92057291666669	210.423972191056	242.65800000000002
0.27725080112827527	182.93730266560198	14.598502146010901	186.0892707540482	186.08927066430186	186.08927064011823	186.08927062205782	187.11798882836348	187.11798911753874	187.11798902688795	140.250000014025	70.27071791638042	70.27071764099156	70.27071770333563	70.27071827830966	55.39103136623905	55.39103136623905	255.0	152.05988795425037	170.35525148419978	170.35525150152608	123.23507918012552	122.56580046050445	122.56580036342481	20.189614229789356	148.72287057513728	163.2	191.25	198.76451280381946	253.39600949174294
126.43340348258178	78.3265290450035	98.07692307692307	158.999031662653	164.1671677880119	186.0892706280264	181.20469432817566	181.2046941387233	186.08927055606267	186.08927069116817	140.250000014025	63.17670814871286	152.08166855952066	152.0816685728073	255.0	255.0	255.0	255.0	255.0	159.66033071166015	108.88551136107554	108.88551133192041	108.88551136107557	108.8855113815172	108.88551128485182	145.37575757575758	161.92057291666669	181.8703903903904	181.70014880952382	252.73318456593782
9.867947588013578	194.2674012294443	194.24785373032108	155.65596279056598	167.1715205625155	167.17152052493512	164.16716718453165	164.16716729272787	164.16716728511167	164.1671673354017	164.16716740492876	84.99999991499999	212.5	42.440956012591045	190.11362941533594	190.1136293913187	141.11984835519095	255.0	255.0	255.0	108.8855114224005	108.88551135545472	108.88551134063394	108.88551135545475	108.88551129975068	142.71108343711083	144.15264423076923	176.68280732309046	248.115	5.915597588826927
46.69982213419959	73.70757177570857	146.11448870024935	146.11448870024935	167.17152055634867	167.17152056681988	167.17152056681988	167.17152055019085	164.16716722720582	164.16716728644678	153.0	189.1592832044682	80.80183696608975	218.19610121425706	218.19610121059554	42.440955942935716	58.03784394108743	255.0	174.85725275358908	117.98507462686564	103.72881356811263	108.88551128485182	108.88551133192041	108.88551133041312	108.88551129975065	100.9375	219.0650406504065	212.75742751593367	33.70335860390901	107.93023255813952
141.92045027144684	167.27740032441693	146.11448870024935	146.11448866958688	146.11448871514824	146.11448871514818	167.17152051058073	167.17152058776225	67.6087499440043	183.35567747190316	106.51914634643879	140.9605331234972	116.43260622248252	36.803898789404485	36.803898785742945	69.51851539679001	119.37797235683425	255.0	117.98507463709066	94.70019318482943	94.70019338352267	87.82847941223778	87.82847944980918	108.88551128485176	108.88551128485176	112.41935482500003	127.5	106.93066738351152	5.915597588826927	80.14285714285714
141.92045027144684	167.27740033679703	146.11448871514818	146.1144886593661	146.11448866807956	146.11448866807962	146.1144886445453	91.17998574155226	123.80324627575328	99.24295473598599	92.94485830691355	116.07473803045258	80.75230947631263	255.0	255.0	69.51851547573813	255.0	255.0	255.0	64.88637060868126	87.82847948941927	87.82847946301251	87.82847943318012	87.82847944365133	87.8284794374845	102.0	127.5	219.0650406504065	178.4293315236146	220.4048962583375
167.277400676434	167.27740033956917	167.27740029528698	146.11448864454528	146.11448863892443	146.11448863892446	146.1144885775995	90.30236976024113	75.26846990149588	75.26846990110755	91.96264094155086	91.45015526013194	255.0	135.25907541839848	135.25907546224397	97.7960402526069	97.79604030605554	64.88637058466409	91.36802631945159	57.418879663219684	97.36363636363637	80.96859870694726	87.82847947506488	81.52805918284861	96.33333333333334	100.9375	96.00096833734705	135.91136560101216	125.90313250715101	132.33244653099527
51.314431046086014	167.27740037830705	167.27740029411245	136.46183067151705	146.1144886184828	93.74087836933353	80.63929337542857	90.3023698050709	75.26846987149048	90.26700653262091	46.642492133662245	75.26846984462651	75.26846989711461	75.26846989630081	91.17998579277793	83.50153021315103	83.50153018781575	111.28338710358025	91.36802630456	57.41887969933671	80.9685986185242	67.88201097311205	67.88201088246123	67.88201097311202	67.88201117163652	90.3125	76.86834869678364	11.036877651581534	253.89060331734385	0.0
51.31443127885325	51.314431259306275	167.27740032296032	93.74087823702345	93.7408782835183	93.74087831766212	93.74087847893952	84.94288788587428	85.95692943736509	87.89708904445689	46.642492133662245	92.01912809687695	75.26846992567854	75.26846987961855	102.60108040689076	102.60108041918079	102.60108040101855	111.2833870805442	102.60108056440876	55.259812492938664	67.88201097311205	67.88201082795024	67.88201075536944	67.88201078606949	67.882010593286	90.31250000000003	76.86834864864738	231.14300022693482	179.70048872705655	29.93654701159801
51.31443127223068	51.314431259496956	51.31443124676326	145.77907817165195	93.74087830497211	93.7408781932908	93.74087807358615	80.63929333195438	82.38942347791289	84.94288788587428	84.94288789287631	84.94288791907414	84.9428879029513	84.9428879029513	84.94288788682852	92.01912809687695	102.60108036599854	102.60108042675691	102.60108042675691	55.25981251210723	67.88201072193758	67.8820108279503	67.88201075536946	67.88201078606951	67.88201117163652	76.86834867378178	76.86834867179687	222.75135992438044	102.41415496691522	191.42453907463246
87.91144043345099	51.31443127885325	51.31443125525237	47.878840789663855	145.77907817165195	145.7790781263448	89.49899037657892	78.69982101768963	77.46890663034824	81.67027702395356	84.94288782227221	84.94288782227218	84.94288788586016	84.94288782227221	84.94288789287631	84.94288795138479	87.89708904445689	84.94288796996949	102.6010803892741	58.59696396621274	67.882010593286	67.88201088246126	64.32209219783587	56.79319510416292	69.96046091508899	55.92712691251029	178.5	51.0	8.021248090772957	53.23932512858397
14.598502146010901	108.28624857065597	51.314431259496956	47.878840787043856	47.87884077965339	145.77907805172396	145.7790779917599	69.33691462874569	76.35798363342312	40.14886619117178	40.14886647044207	40.14886628212753	84.9428878578284	84.94288789987837	84.94288791388249	84.94288792791482	84.94288789987837	84.94288796996949	84.94288788682852	65.94456770696976	65.94456744597616	73.57063521259366	65.94456749914855	57.47784931542034	59.79627581153014	197.56471487385937	178.5	51.0	212.49552980789974	84.91559138168168
187.0810621177804	133.33408022999998	93.98520887460955	51.31443122021224	47.87884077595817	47.87884077264664	145.77907808376273	145.77907803167864	145.77907805534517	46.793371845000024	40.14886613609386	40.1488660895684	121.1208429352819	87.40695236259927	84.94288791907411	84.94288791388249	84.94288790295133	84.94288788682852	65.94456733313905	65.94456736896768	65.94456736896768	65.94456736896768	46.016296440949844	46.01629640500002	46.016296440949844	33.19275349477999	197.56471487385937	7.971217581033613	81.63206111691088	8.535421445590543
254.68394187614024	133.33408012079056	133.33408006000002	133.334079975	93.98520883375292	47.87884076413806	47.87884076487245	31.764370443556288	31.764370483179306	255.0	255.0	255.0	40.14886619744158	121.12084286718473	72.18034364445319	72.18034369830835	87.40695238053164	65.94456736896765	65.94456733313905	65.94456736896771	65.94456718498265	51.69562198053538	46.016296447500025	46.016296440949816	33.192753538756875	33.19275350674701	21.479235177439392	40.178835499318666	209.20867596385355	222.54412944601162
216.7971979863123	87.91144043345099	133.33408006541805	133.33408004696048	133.33408022999998	56.051353750009184	73.71153075166015	73.7115308045399	47.87884101051014	30.897342193507257	30.897342245179146	30.8973423316437	255.0	255.0	69.40450100777284	76.82381491866673	65.94456710746476	65.94456723878679	65.94456729609993	51.69562211252685	51.69562221917312	46.01629632000001	46.016296239444245	33.19275354494485	46.165862214116856	46.16586209600598	255.0	19.548036706100703	59.653791883922935	0.009619113829756998
66.19591209328755	187.0810621177804	230.21151117741033	133.33408006795173	49.87517633420774	54.53369803286128	53.936296744405695	55.16401186048142	115.33074784287777	169.9886722872222	169.98867206383693	30.89734230282221	30.897342331578386	30.897342552334862	255.0	51.69562185254273	51.69562209985423	51.69562203985467	51.69562206919613	51.695622047530804	46.01629632000001	33.192753538756875	33.19275349477999	46.165862214116856	46.16586209600598	69.94802710171192	37.54600569256246	140.92096293824244	101.61783022894244	249.65872545042527
235.00648837767957	0.18611994945953825	56.89565534162887	51.22154664597136	26.81615525181647	11.505604260717178	11.505604297883195	11.505604284935515	11.50560433337219	169.9886720638315	169.98867200874037	169.98867218478	169.9886721325143	169.98867216462818	169.9886721944011	32.65654693227975	32.65654684242779	32.65654684138815	33.19275362671067	33.192753564043755	33.19275356074533	33.19275354494485	33.19275350674701	33.19275350674701	17.22864807885489	25.94767772596174	211.48551489204937	23.81396105688802	252.5076100050316	0.7082248678871395
14.965774233416909	32.24136238623859	32.57536585338528	138.4777707241397	110.95474892207613	41.202892189814094	11.505604191416069	11.505604353124085	11.505604288560164	11.50560429001672	11.505604287103637	11.50560435069653	118.77098614508174	32.65654687265703	32.65654679750182	32.65654683363479	32.706556858925296	32.70655676812959	32.7065567493766	32.70655674000005	32.70655663307272	32.91721831244806	32.91721827812171	32.91721823301589	31.451129933216095	25.947677583643525	25.947677551569484	2.6552132179151613	11.175366048300305	211.06959393996615
10.10785614610694	10.644337560535178	12.747783592470824	19.33078732987579	24.975538182117674	32.57536585338528	30.242368920386497	34.24016530082338	83.83151515604055	11.505604245517588	11.505604288560164	11.50560430971285	11.505604333372247	32.65654664428277	32.656546810119266	32.706556704654645	32.706556754306575	32.70655671389534	29.49947839166589	32.917218302448845	32.91721830244879	32.91721815423466	30.704048922865496	224.90522689180452	25.947677562684618	25.947677562684618	25.94767752696606	245.14159943625435	28.876424693366943	0.0
1.0776609986996277	10.271896143910823	10.00461888886511	12.747783592470824	24.17189464953023	20.43363101134122	53.890490921192196	30.374465792951497	34.24016530082338	30.374465792951497	50.852469013865004	14.214236831995947	11.505604288560164	11.505604333372247	8.19095797599445	47.368164332580676	47.3681642994064	32.917218209468984	32.917218302448845	15.7666770742496	14.701141121873661	3.632645496159256	3.182636389237558	5.717938415700701	51.55725119257383	25.947677529339302	25.94767733279764	86.50534991294063	241.92230165827021	0.0
