254.98833128651574	255.0	254.99990029633807	254.4118380076325	243.7122736150616	250.86805549879807	250.67015965866585	255.0	255.0	0.0	175.62625542555784	255.0	255.0	250.46666666666667	226.57120758072992	255.0	255.0	253.33212547547333	255.0	255.0	255.0	246.24271356822683	195.39107677463272	195.39107677463272	249.01317701639653	226.17979148508613	253.80363528572516	254.99955662229425	254.83492802181877	254.24980222230354
254.76266440934313	255.0	247.4101769803901	255.0	241.30036631593407	250.67016098484297	255.0	231.9864907225564	239.1849897673195	169.22323887360872	103.2184183021248	255.0	123.8197182236795	208.63636351782026	253.8409089466813	216.65119084709036	255.0	247.1157447228228	251.86535162950258	252.1748909785106	241.18088591420758	227.6470928629499	216.4870555575843	224.8195930269308	234.13495450363996	240.87218749741544	239.58328634349718	255.0	254.99955662229468	254.99841991857133
254.72223623856632	255.0	170.94972067803127	255.0	229.42295426159714	231.9864908280537	239.68882197069806	239.6888217907204	216.852482268933	255.0	43.18521884777758	255.0	138.0285843662318	255.0	132.57212790459266	196.69390400025287	250.79648024494563	251.23924621056943	252.51252908536622	195.55848496392142	220.54400675984309	251.30077369439073	255.0	229.5	231.51129694509416	239.6942081036698	254.96432542155503	254.95793019034454	254.99922755837653	254.9978392558745
140.2177684328748	255.0	231.39608952371393	43.21125532501338	19.46831532664322	0.0	230.208333421875	216.8524821808467	215.66526474414866	255.0	255.0	254.21504151347247	255.0	250.30359712230216	254.21504151347247	255.0	255.0	186.71735926569107	233.15463568659916	212.5229674026964	215.4184336531428	220.4408227311404	250.21485149035126	250.31632653061226	229.5	248.70223650100556	254.9174132962061	254.96432542159326	254.91397334443982	248.1308803763441
1.0926237974659898	8.664954063580097	253.72379340196488	254.196262297727	233.27454869094205	0.0	225.42718487013747	255.0	195.50000017328406	224.64342419036177	225.6741037462297	225.0	255.0	255.0	255.0	255.0	181.28846924833988	131.7594654788419	131.75946547884183	201.3491298016204	252.51252908665003	252.51252908537677	255.0	0.0	255.0	249.79591836734693	254.92632442677515	254.96432542158075	254.89467541262525	255.0
8.778679422305856	31.645017000710425	207.9873676761256	0.6510064537509379	162.6948705272112	231.95120564962465	76.76264897999997	195.50000007109088	182.61907652183473	209.41363475199532	223.3515416297862	255.0	240.16363636363636	255.0	0.0	221.0	104.20836848449815	181.2884691954601	181.2884691954601	215.67653158782505	220.4604776309339	233.24757874954057	255.0	0.0	255.0	255.0	251.0969387755102	0.0	255.0	243.8942964702876
73.48680440396228	195.7854152262369	156.91810632154454	190.01904804098882	76.76264890593558	76.76264894285057	184.47151690128874	182.6190764437883	207.64554152230525	202.35895642499997	255.0	75.74636667113819	85.029340697273	85.02934069727306	154.06497265422792	239.26720419617274	251.01931942302357	239.67645477227433	239.6764548123126	187.68974753531668	250.673283172851	181.28846924833988	249.16091001878615	249.16091001819535	250.55033552843116	252.15083798530515	255.0	0.0	224.98925757937457	243.89429646986798
0.0	1.0883635532104847	233.2086412605723	76.7626488525	76.76264889500001	76.76264888747806	76.76264886544314	168.58031717749918	206.75573400603645	207.64554162664558	255.0	53.94732552823979	141.4861995753716	85.02934069727303	255.0	255.0	255.0	147.92788473689612	255.0	250.67328319716972	227.86096640231145	0.0	148.40069755438483	255.0	181.525423712551	181.52542372881356	226.04395604561205	248.89998490500977	224.98925758624867	255.0
7.904985333532835	114.24939657670919	74.9510208225417	255.0	255.0	198.59392196117327	168.58031717749918	168.5803170627127	168.58031700736234	76.76264897999997	149.31828679801822	53.94732543418294	66.83501795960504	141.48619957537156	213.91690289850752	141.48619957537156	234.6635836943489	171.38065963643248	255.0	255.0	220.4408227311404	252.79538904899135	225.0	148.4006975502955	233.82935938529369	185.9375	255.0	225.75452716297787	254.85243055555554	232.421875
0.6364558592752019	64.32407226594032	127.52668908908406	0.0	159.16647959706228	255.0	168.5803169847157	168.58031696480072	168.5803170627127	168.58031700736234	149.31828682719703	66.8350184840518	66.83501774117974	66.8350181420671	213.91690286057212	199.59250955037723	199.59250955037723	174.82094845578573	238.49483538145898	238.494835357145	255.0	237.5524065067919	237.55240650985286	144.16343476499998	172.3601570311721	246.677371229654	240.73014221370968	253.22916666666666	251.62433471700766	255.0
43.428057394940254	81.0084109797688	236.78965824745816	255.0	255.0	255.0	255.0	168.58031717749918	168.58031688832392	168.5803170073623	140.250000014025	66.8350169614186	66.8350181578657	66.83501822395266	66.83501840913533	113.5649654562522	113.5649654562522	135.0781493707938	255.0	238.49483533980614	238.49483534558357	144.9353564385393	146.02783244967543	146.02783251027563	170.8991932103945	172.36015719259174	251.328	245.23865784499054	249.93421766493054	254.98650903545965
0.03510685713499129	127.49966365355841	0.0	200.4851897222522	255.0	255.0	179.20376243226067	179.20376234423549	255.0	255.0	140.250000014025	60.08366170772007	130.08527787244424	130.08527788731965	128.63337954053537	128.63338035305432	128.6333805073472	128.6333824409724	128.6333796229275	160.34695835456364	111.18720626814343	111.18720628230815	111.18720626814346	111.18720632393794	111.18720640026996	234.39393939393938	236.29557291666666	248.36336336336336	254.57565284178187	254.95793019034454
109.50728293252925	255.0	255.0	255.0	159.62102864270048	159.62102883030155	255.0	255.0	255.0	255.0	255.0	255.0	255.0	79.21601893524434	255.0	255.0	142.12850915431767	128.63337909340996	128.63337941112036	128.63337990631268	111.18720622147762	111.18720622332722	111.18720628369869	111.18720634654397	111.18720631480923	232.1357409713574	251.73076923076923	83.30375569255577	255.0	253.760847894783
64.33244326006707	0.0	143.8127936851908	143.8127936851908	159.6210286820044	159.62102863257203	159.62102863257203	159.6210286327215	255.0	255.0	214.2	161.8871652522563	0.0	172.3037185551322	172.3037187739322	79.21601893494352	55.175680599741526	114.75982547064541	0.0	209.32835820895522	181.52542374419707	111.18720615383646	111.18720628230813	111.18720629147634	111.18720631480923	233.75	251.5447154471545	81.29866680853152	238.61514576914144	107.93023255813952
156.60178767589392	255.0	143.8127936851908	143.81279370852366	143.81279384616354	143.81279384616352	159.6210286723316	159.62102853370726	255.0	255.0	106.10398186913247	255.0	116.38344312408813	82.69628122606781	82.69628144486776	0.0	107.83520790771479	104.94342813743833	209.32835821236355	116.41304343101535	116.4130434971591	95.37897146629274	95.3789713672785	111.18720615383643	111.18720615383643	194.67741934112905	205.1086956521739	114.63113334796938	81.01100131220565	80.14285714285714
156.60178767589392	255.0	143.81279359973007	143.81279371630131	143.81279371769187	143.81279371769187	143.81279377667278	181.79961169612088	192.59567738240986	99.19051931450011	99.56292990135069	102.74142215087713	255.0	87.9285210093104	87.92852120064228	0.0	87.92852112586843	87.92852101759419	87.92852091305016	0.0	95.37897132766844	95.37897135407513	95.37897136742797	95.37897131799562	95.37897135729955	224.4	205.1086956521739	251.54471544715446	255.0	239.12032772587364
255.0	255.0	255.0	143.81279365345603	143.81279373185657	143.81279373185657	143.81279377852235	175.22842719954485	133.8394015784277	133.83940157447336	93.53244920801902	0.0	87.92852070933151	160.21137031766102	160.21137031681883	184.75589133964615	184.7558913210707	0.0	186.60681591200367	109.81082448692675	199.36363636363635	101.24333880805648	95.37897116969845	102.72038057601463	198.33333333333334	185.9375	54.514810277747785	31.64468310787825	4.233704867707729	250.04863345952123
0.0	255.0	255.0	112.92969973245812	143.81279367606203	165.77617373538658	148.67792270245837	175.22842720488012	133.83940157006515	58.6344051369438	110.20681453349508	133.83940156019767	133.83940158146817	133.83940158679025	181.79961176194206	155.02486190396235	155.0248619015989	161.48394193567887	186.60681588761983	109.81082446472323	101.24333871613507	86.41968299263769	86.41968311167605	86.41968299263769	86.41968282250082	233.75	0.0	111.02700729866447	110.8707987404276	0.0
0.0	0.0	255.0	165.77617369854042	165.77617364957138	165.77617366642588	165.7761736021968	185.7517221474091	86.17050620296328	90.17154161668532	110.20681453349508	84.50391060456437	133.83940156019767	133.83940157437797	152.01282480033333	152.01282480133474	152.01282480622763	161.48394197508614	152.0128249055836	105.68171317280297	86.41968299263769	86.41968293728729	86.41968303519931	86.4196830152843	86.41968282250082	233.75	0.0	254.86162734622923	15.780004513474665	0.0
0.0	0.0	0.0	255.0	165.77617367102516	165.7761735229808	165.77617370590468	148.67792271314175	81.6382305479681	185.751722063328	185.7517221206805	185.75172215380934	185.7517221185522	185.7517221185522	185.75172213169606	92.39109415394947	152.01282475306527	152.0128248064545	152.0128248064545	105.68171320198178	86.41968299263772	86.41968293728729	86.41968290961208	86.4196830152843	86.41968282250082	0.0	0.0	235.17376256148574	198.3543866094879	198.78864708426494
109.68656380318882	0.0	0.0	0.0	255.0	255.0	51.22154664597136	78.35617463650502	77.38706680543174	78.16400025226696	185.75172215380934	185.7517221538093	185.75172213028418	185.75172215380934	185.7517221206805	185.75172201278085	77.04570721689487	185.75172214351375	152.0128248180163	118.120429003309	86.41968282250082	86.41968282250082	130.97476841901602	122.29379250748696	168.66836947295656	74.95356638235165	255.0	51.0	11.330095340354916	133.46337460344134
38.67583053029398	234.11525312908103	0.0	0.0	0.0	255.0	255.0	69.30334428515314	76.07045221781553	37.993365645717034	37.99336582168405	37.99336563410736	185.75172211056235	185.75172209395194	185.75172212457588	185.75172210536851	185.7517221359925	185.75172214351375	185.75172218009703	158.97874799431216	158.9787477879994	174.2886395401884	158.97874783645693	166.66540881011696	208.33176101264618	248.47079621757626	255.0	51.0	16.680604952937443	0.0
36.059571905415794	76.76264897999997	139.54511250023586	0.0	0.0	0.0	255.0	255.0	255.0	255.0	37.993365589280046	37.99336554309443	194.67331648307254	180.72761377240312	185.7517221538093	185.75172212457585	185.7517221185522	185.75172213169606	158.97874765693535	158.97874770627607	158.97874770627607	158.9787477062761	133.33408001004548	133.33408006	133.33408006541805	163.68336183631212	248.47079621757626	3.439625936212906	15.08267875107262	187.6561743407579
3.287065818830939	76.76264894285057	76.76264889500001	76.7626488525	139.54511231882503	0.0	0.0	86.39977172729749	86.39977174487555	68.45306873345018	68.45306873463278	68.45306875128625	37.993365546470045	194.67331630575032	154.51233966405448	154.5123396819742	180.72761376623941	158.97874770627607	158.97874765693535	158.97874764118566	158.97874758168672	144.85801906230057	133.3340801025	133.33408004696048	163.68336180385927	163.68336179345025	0.0	65.87857782052967	28.61575948974769	190.55520258374696
208.90340030665715	8.629038483830954	76.76264888747806	76.76264890593558	76.76264897999997	55.88948215687168	73.71153075166015	73.7115308045399	0.0	29.215043846262176	29.215044105081375	29.21504401861685	68.45306863744278	68.45306880124679	67.68531388793906	76.45171441389274	158.97874739480721	158.9787475760952	158.9787476381232	144.85801879422536	144.85801889226695	133.334079975	133.3340800679517	163.68336180917606	108.65767926963093	108.65767927332047	141.78920337296245	83.93352492669626	247.32615153701622	160.09835221530278
43.4288047629899	61.85100739304778	82.78270063916275	76.76264886544314	49.97612707137094	255.0	47.902292793203316	55.348530728479574	255.0	243.6886660385267	243.68866634460255	29.215043932152355	29.215043984993997	29.215044205998225	68.45306859289545	144.85801853424124	144.858018677966	144.85801874939966	144.85801875089464	144.8580187292293	133.33408022999998	86.04414254342885	86.04414256048847	108.65767926963093	108.65767927332047	69.94802710171192	37.54600569256246	64.32512301123083	254.63820556153217	16.751844442294782
127.49979976078154	31.869155656150213	29.853185168460953	7.909111062169217	255.0	23.460219034297467	23.46021907146337	23.46021907032366	23.460219068044125	243.68866633923773	243.6886663170085	243.68866634460255	243.6886663211262	243.68866634996735	243.68866632318498	77.81722429158017	77.81722421022897	77.81722420891643	86.0441426609832	86.0441425531804	86.04414253489901	86.0441425496108	86.04414254247163	86.04414247660057	123.49107512896177	25.94767772596174	38.44165191665658	0.0	21.498207192914265	16.75181176410797
53.29916153969526	127.51332617050055	35.642129522906544	255.0	255.0	13.970001421288998	23.460219081721334	23.460219051170952	23.460219051170952	23.460219054140936	23.46021904820097	23.460219067742315	0.0	77.81722420891643	77.81722416955336	77.81722419443196	81.10071176384838	81.10071180295213	81.10071178419915	81.10071177482257	81.1007117167062	167.96771023239515	167.96771021236952	167.96771029247202	0.0	25.947677583643525	25.947677551569484	137.19446141379902	188.94732160689261	244.19078624604646
10.271896143910823	10.991460941164775	12.402771183424647	10.062662140590362	22.092918537494512	36.933424087331275	29.86747008882392	36.933424087331275	181.2440328297536	23.46021907269227	23.460219051170952	23.46021907032366	23.460219068044125	77.8172241475817	77.81722420891643	81.10071178505936	81.10071176087712	81.10071178933393	40.61388514404254	167.96771018030807	167.9677102067148	167.96771023249016	0.0	75.25205516395567	25.947677562684618	25.947677562684618	25.94767752696606	0.0	16.752202244457607	0.0
1.1164556412759907	9.737362127326293	10.028039571798985	11.965817281693404	0.0	17.450488300933273	0.0	34.24016530082338	35.642129522906544	34.24016530082338	37.841467812178905	0.0	23.460219051170952	23.460219068044125	0.0	24.504897752917202	24.504897832828078	167.96771017231828	167.96771018030807	16.5598723514982	15.444014106065197	4.487574184300769	0.20826113463849083	230.3110973013175	107.61725697287685	25.947677529339302	25.94767733279764	31.835787159425394	0.0	255.0
