253.17997663510616	254.74300831777776	254.99912829501966	254.9989802152338	254.96858705281375	254.9831499248798	254.95786763675875	255.0	252.45	244.8	236.75957724167586	255.0	250.57811775654318	226.66666666666666	123.33887525626383	230.714285707	250.142857138	251.35446359283435	250.142857138	232.6875	251.688311685	239.5668602192276	254.96629503083014	254.96629503083014	237.30151434979996	254.99961190828193	247.83441415900214	252.33078318511065	253.22434871784543	250.6535929069169
254.9780571981356	254.829169921875	252.82265598505978	246.90476189666666	254.9618748379121	254.9578678409109	251.688311685	248.603179057576	254.8625903342596	232.2398248989336	196.742049429356	248.115	219.68347726884986	226.02272714430526	253.8409089466813	113.29755854351205	215.28688524590166	244.9229482760469	237.28559176672385	248.82505240016513	215.78850928077188	228.1653315134472	237.00269073341317	244.42279012305534	235.3909096904923	240.90727924923792	252.35260499046285	253.04765625	252.33078318605286	251.76055555539875
254.860834899454	252.6870748294	249.4470413856736	254.745	229.42295426159714	248.60317921523838	254.70317379853276	254.7031730284553	242.98806830587668	255.0	240.9886308810684	246.81889367225182	211.28217164614315	240.22405784907738	205.4159396469441	91.2494007259777	222.15162853444113	230.34616960262187	199.6822982142756	232.69732878290637	220.99106175910146	234.8597678916828	253.27702704414034	229.5	231.57912129370595	239.22760510434978	242.7991600126076	253.75058285733317	250.50763064610953	254.34791287299933
140.2177684328748	254.90748299326665	226.21922258834715	254.12465520479373	239.38455603123802	179.87080487080488	254.783163140625	242.98806821110483	241.69215399318853	130.05	255.0	246.1263010719279	255.0	237.5562178828366	246.1263010719279	209.5655888854286	137.03521606725195	84.51079843481202	179.94836067331278	214.82132852888736	215.266996441851	188.41376169656274	220.494419569252	195.49999999783165	229.5	233.9018961423555	252.4534067015315	242.79916001706985	241.11666666685105	14.99699980798772
3.1246565860574833	244.9510224282947	24.619377638530835	173.115442339594	189.13684380642403	144.23076923076923	254.7404890059049	255.0	233.9471246162379	253.93665698467905	221.47121128864907	236.53846153846155	255.0	227.76313693097808	232.05	182.14285714285717	181.28846924833988	252.16035634743875	252.16035634743875	200.83859309755445	199.68229817599172	199.68229819223194	252.69230768087365	86.53846153454577	219.3	184.16666666666666	232.918450381655	242.79916001100884	250.2321587651158	250.002
96.43301473875522	250.10285462427174	111.63215902057615	130.32993378236586	238.24761579216874	201.59186484883554	255.0	233.94712436065186	227.93555349635744	253.3674693245119	52.31852987106765	255.0	215.43636363636364	229.5	204.0	170.0	174.92208446867747	181.2884691954601	181.2884691954601	173.1772273468606	186.53525503783567	126.14845323138465	111.02469135802468	86.14864864864865	76.5	76.5	127.5	195.57350933090578	173.7102372605802	44.274130936937865
237.82812840340176	225.7864964384216	227.1706272467087	35.58829175712836	255.0	255.0	229.4934167116496	227.9355535141261	253.2995280451347	254.35277525625	255.0	143.36052498959526	154.30272695892302	154.30272695892302	62.45592341683354	232.211699512012	228.7868783027495	128.82970812532034	128.82970812199747	188.30141914672362	154.56779620199623	181.28846924833988	133.406178085926	133.4061780849001	206.39597311973222	204.07122904742917	219.3	158.43195266272187	30.680353306278334	44.274130950515456
218.2858781764244	20.171041673117003	176.99858136031906	255.0	255.0	255.0	255.0	220.9226719897777	253.2652182028302	253.29952748701712	255.0	176.9811061405255	53.959660297239935	154.302726958923	204.35125690993988	219.80665646012307	176.30529153713536	199.32566149703297	179.56998277468801	154.56779619368638	167.52035490229724	98.07692307692307	11.449263195358952	48.06557146918402	17.288135426199375	17.288135593220346	5.137362637400258	48.42763865282342	30.680353309207987	130.05
202.89826237181325	18.793580295718357	251.6406586018857	255.0	255.0	252.94941114094252	220.92267198977768	220.92267183418934	220.92267184537803	255.0	253.99302298547235	176.98110608810885	132.19993827029197	53.95966029723991	205.36792740539224	53.95966029723988	185.61168672929108	171.49127850375146	41.65169323025458	159.58773656280485	131.82329766786864	221.19596541786743	85.46511627906975	11.449263280011422	33.40419425440996	5.3125	76.5	5.130784708249507	15.607774522569485	10.114182692307708
194.13484389483475	253.7974403080919	193.7514513111476	98.07692307692307	223.03400231647635	255.0	220.9226717969942	220.92267182859499	220.92267183418934	220.92267159420362	253.9930229661375	132.199938736989	132.19993783824583	132.1999380578873	205.3679273263227	130.02313381995714	130.02313381995714	169.68537345288564	142.60557957298448	142.60557958486612	159.58773664140898	101.05064564816368	101.05064562762914	3.203598915000015	89.52136446561855	55.37201384771342	36.94242109651401	10.514322916666657	53.355357175824935	250.002
66.33977735690917	251.15822052137108	255.0	255.0	255.0	255.0	255.0	220.9226719897777	220.92267170060245	220.9226715942036	140.250000014025	132.19993750832262	132.1999382549322	132.199938249812	132.19993859411028	187.5428052451711	187.5428052451711	49.91038683559441	63.391796368861264	142.60557950317903	142.60557951217743	73.00455477949691	69.75700947250405	69.75700932891081	104.26402341490271	89.52136458469832	75.072	71.70368620037806	15.607774522569485	254.9422832529217
229.3495087817548	84.79202170360503	98.07692307692307	254.39264627039876	255.0	255.0	251.40922467610824	251.40922452626677	255.0	255.0	140.250000014025	119.80224759964906	235.65046470958623	235.65046471039764	46.01308216441785	46.01308349269192	46.0130831312307	46.01308361463637	46.01308347216269	153.591560636978	6.797502540347466	6.797502519612152	6.797502540347466	6.797502610746307	6.797502603946327	10.199999999999989	10.514322916666657	15.011051051051027	14.99699980798772	253.75058285733317
202.89826237181325	255.0	255.0	204.3177098185135	253.3995375057376	253.39953745711807	255.0	255.0	255.0	255.0	255.0	178.5	127.5	232.12232625185783	231.0523712320873	231.05237123124334	141.78332555670946	46.01308223304753	46.01308297651701	46.01308302036861	6.797502537494552	6.797502477445107	6.797502505623584	6.7975026006617725	6.7975024361757335	39.05977584059775	10.11418269230768	24.68243109783856	167.53500000000003	246.15183076135602
10.532338626360058	73.70757177570857	248.20249745679962	248.20249745679962	253.3995374576905	253.3995373970776	253.3995373970776	253.39953738740448	255.0	255.0	173.4	107.77568139329088	140.9605332114484	97.44773698552876	97.44773711362478	232.12232625128848	111.02088566783792	39.75065063676038	81.14737573602014	64.70149253731341	17.288135551465103	6.797502111079382	6.7975025196121805	6.797502488261614	6.79750254320038	5.312499999999972	225.97560975609755	77.88503777930404	215.8970257057761	107.93023255813952
120.72361422467131	255.0	248.20249756382427	248.2024975117384	248.20249764248712	248.2024978889206	253.39953742701462	253.3995372758517	165.44533426782385	93.93366886594421	106.47341344414835	174.36191973458108	119.29348313997471	157.55226288637522	157.55226301447124	25.657215639426596	118.4547285832945	35.76454818758489	64.70149251345512	50.7339789001511	50.73397907386362	1.6004627241482865	1.6004626125955213	6.797502357512883	6.7975026039462705	19.193548400806492	38.80434782608694	0.03080702558341386	246.15183076135602	80.14285714285714
120.72361422467131	255.0	248.20249739605364	248.20249749437642	248.20249748038782	248.20249748038785	248.2024975225549	104.72607955167734	144.71115653267736	97.90454114284617	100.08064184087502	109.26732306873708	155.1264151974076	27.461908749107693	27.4619085914004	25.657215686660066	27.461908552330925	27.461908498193765	27.461908100077864	23.947628768756687	1.6004625729853785	1.6004625993921593	1.6004626029223914	1.6004625423094865	1.6004624942623877	40.79999999999998	38.80434782608694	225.97560975609755	178.4293315236146	228.62386271888553
255.0	255.0	255.0	248.20249739933823	248.20249745965256	248.20249745965256	248.20249746250545	149.4884752270607	85.75237352406978	85.75237353959324	90.47225652557887	86.8742138232472	27.46190833205108	52.731151758648	52.73115175906639	110.7950599528111	110.79505996172304	23.947628767912732	47.23099300805691	1.046320933464017	23.181818181818187	42.013890382418765	1.6004625428819281	41.35528495380498	5.666666666666657	5.312499999999972	0.6073537296012717	15.626204249768818	254.94346785988185	64.32296879235011
51.314431046086014	255.0	255.0	188.4328769179919	248.2024973892537	113.58358117148879	90.80991199590002	149.48847526101287	85.75237351238823	93.52198513303532	0.0	85.75237352005848	85.75237353368672	85.75237353575133	104.72607954440625	79.23583260015485	79.23583260004003	26.781212018478215	47.23099308482736	1.046320834378207	42.0138901002052	34.07732840579638	34.07732829939755	34.07732840579641	34.07732801022232	5.3125	48.26781180431158	155.8007823352902	58.674608537112476	0.0
51.31443127885325	51.314431259306275	255.0	113.58358112940113	113.58358108567359	113.58358110739746	113.58358106339014	63.894309398183594	85.4534235165452	87.57785146817758	0.0	89.60214338651483	85.75237343900648	85.752373529144	55.344587440699655	55.34458744721536	55.34458745212663	26.781212035350677	55.34458756254793	1.0069770338625688	34.077328154621966	34.077328165810655	34.07732817140504	34.077328203005806	34.07732801022232	5.312499999999972	48.26781189348836	177.29137347452036	247.47476752509655	0.0
51.31443127223068	51.314431259496956	51.31443124676326	61.54312464535451	113.58358104276599	113.58358098542956	113.58358093136809	90.80991198694383	78.23919432276858	63.89430939818354	63.89430940345051	63.89430938259156	63.8943093704639	63.8943093704639	63.89430940673725	89.60214338651483	55.34458744004132	55.344587469817355	55.344587469817355	1.0069770145275925	34.077328154621995	34.077328165810655	34.07732817140504	34.07732820300578	34.07732801022232	48.26781186617356	48.26781185407657	46.284547789703566	118.59560596495913	9.977326857579953
174.5436573622112	51.31443127885325	51.31443125525237	142.1696245817303	61.54312464535451	61.543124840907666	101.71297195273084	78.1401068924902	80.01511633395299	78.23639003384318	63.89430938259156	63.89430938259156	63.894309371943905	63.89430938259156	63.89430940345051	63.89430933408096	87.57785146817758	63.894309466463795	55.344587474980614	8.795764740272745	34.07732801022229	34.07732829939755	9.784492501047964	2.670230682120831	3.7481474326474995	25.41312465990842	76.5	51.0	98.42136775285022	244.876516497641
255.0	234.11525312908103	51.314431259496956	142.16962460465714	142.16962462207343	61.54312470324399	61.543124732188744	69.557710618279	77.50802730924255	84.1228057081882	84.12280586949666	84.12280566612986	63.8943093912244	63.894309366676964	63.894309419251414	63.894309398183594	63.894309408717504	63.894309466463795	63.89430945513823	32.003002772117924	32.00300279092761	16.261566907962703	32.00300262472044	21.288639563990728	3.2035989290706937	207.2135944659108	76.49999999999997	51.0	246.95904981533116	41.412324077903634
124.55217517777325	39.49999979999998	252.8219437504155	51.31443122021224	142.16962463078156	142.1696246218327	61.54312466606723	61.543124691208334	61.54312470377886	115.33074771000003	84.12280560044414	84.12280562738016	176.7138004567715	54.25635949197215	63.8943093825915	63.894309419251414	63.8943093704639	63.89430940673725	32.00300268474027	32.00300271150769	32.003002711507605	32.0030027549013	2.237350663244314	2.23735070500004	2.237350718616881	1.3868096937476935	207.2135944659108	47.986844844392635	209.94782969317814	30.244235237314456
0.1316384024820536	39.499999803047444	39.49999980000001	39.49999980000001	252.82194378340506	142.1696246418839	142.16962453882215	71.88812208546176	71.88812212784464	20.63859061425771	20.63859067089038	20.6385907369893	84.12280564165263	176.71380036719216	22.742320370012123	22.742320387473484	54.256359503607115	32.00300262472041	32.00300268474032	32.00300268981087	32.00300250998495	10.574285896177003	2.2373507475000167	2.2373507001593396	1.3868097440306144	1.3868097474484102	112.45529623877391	49.845214335656294	254.01275573423592	82.93438235989052
213.72495608745538	174.5436573622112	39.49999980304747	39.499999803047444	39.49999979999998	55.56516281674078	73.71153075166015	73.7115308045399	142.16962470203754	66.01813883797317	66.01813915951172	66.01813898658273	20.63859054167699	20.638590935286032	69.07612561861441	75.99176881471519	32.003002772117924	32.00300262472041	32.00300264105138	10.574286062815844	10.574286183082648	2.2373506200000293	2.237350553470833	1.3868097472095826	10.994849581363127	10.99484950794377	8.393281136725903	151.39462697551392	2.257927705853092	131.30053261867187
92.49745889657524	124.55217517777325	90.87141338605213	39.49999982020208	49.77300391171838	57.85035053929602	56.92876261452889	57.48044349806841	41.65169310899307	182.340532460807	182.34053239043786	66.01813892893972	66.0181390123208	66.01813900259907	20.638590520554516	10.574285802831724	10.57428588997098	10.57428598767487	10.574286019485157	10.574285997819828	2.2373506200000293	1.3868097440306144	1.3868096937476935	10.994849581363127	10.99484950794377	69.94802710171192	37.54600569256246	14.35058901415087	122.20188113532546	144.97093041209314
217.02366104935504	112.70353606734753	134.8224443118545	249.89342423658314	26.81615525181647	144.14423056934604	144.144230569346	144.14423057473172	144.14423058550312	182.34053231566202	182.34053218232512	182.34053239043786	182.3405323016026	182.3405323644277	182.3405323612413	4.390416202096503	4.3904161069239365	4.390416100615511	1.3868098445965131	1.3868097470901546	1.386809769172146	1.3868097472095826	1.3868097474484102	1.3868096815773754	0.0	25.94767772596174	121.24186535746634	0.0	0.3109822178464299	68.73384806446774
66.8926655005377	10.522568166278859	0.0	4.496901491118507	3.603123976254068	223.66052056021746	144.14423066953856	144.14423057710576	144.14423059324673	144.14423057921283	144.1442306072806	144.14423060587586	24.775402299494658	4.390416100615511	4.390416059337696	4.390416080128432	4.402398806654588	4.402398726341659	4.402398726341659	4.402398726341659	4.402398681586135	1.6004626335150647	1.6004626029223914	1.6004625428819281	149.46075717923594	25.947677583643525	25.947677551569484	254.89292133392306	170.66134302146335	211.06959393996615
10.124218120591252	10.754997526983743	12.493392916937012	19.70517608571899	25.528062872865007	0.0	30.04904316531082	35.642129522906544	181.2440328297536	144.1442305824861	144.14423059324673	144.14423057473172	144.14423058550312	4.390416058098026	4.39041603807766	4.402398669111221	4.4023987452385995	4.40239868084069	12.88477437385913	1.600462572985407	1.6004625993921024	1.600462494262331	0.0	224.90522689180452	25.947677562684618	25.947677562684618	25.94767752696606	247.64006652368755	178.24543332838192	0.0
1.1450520590436781	10.679563879935131	10.014371838348438	12.493392916937012	0.2021804573159045	20.30910127236686	2.245069093168013	34.24016530082338	35.642129522906544	34.24016530082338	50.852469013865004	3.5893330247928077	144.14423059324673	144.14423058550312	0.0	0.24644135824834734	0.24644154864441248	1.6004625417370448	1.6004626125955213	0.32260128204757166	0.29956696313590214	0.018325191320769818	15.62763490306915	2.543850553082393	107.61725697287685	25.947677529339302	25.94767733279764	185.60602358747758	236.46157143134522	255.0
