254.92177815409576	254.32938855851853	250.73122489033915	251.8823015372984	246.67234175771353	241.80700952524037	231.94555644267217	187.8015350877193	191.25	255.0	35.0147154808964	218.57142857142858	223.1671225401171	244.8	8.009536874520705	238.0	232.333333339	189.91600279096787	232.333333339	175.08482142857144	242.12121211090908	254.98871969605838	190.34797076259144	190.34797076259144	245.86262057371312	222.44607081031444	252.76817538584032	237.75602263731238	248.3143852342717	254.38150048463066
254.99428478636304	247.15112411098647	253.9739288089315	241.92307691	242.4978867142857	231.9455562338971	242.12121211090908	231.6266156131164	222.24100101286135	33.165794693556904	204.33070903080971	206.034080685	186.2306637621419	229.49999986960228	219.06818169371127	7.204888359838492	170.46448087431693	241.5228088402806	191.1771012006861	144.75826120852415	234.8273318131418	227.20954982808	244.14228907781452	234.62445875266982	234.57768474930094	241.18711810424293	246.53094758995343	229.95515385841836	237.75602264502623	250.37951482717529
251.42700447070249	253.86666666666667	248.53459390094008	223.125	231.79632520868742	231.62661569872552	205.11018517648606	205.11018439931306	216.33870733020257	152.734375	99.56162268005482	197.1660934571618	23.93882676877064	198.39705461843653	22.7791952859248	5.389831044238264	160.00441395538508	145.93814010651374	151.46187581160046	212.01619500905824	219.9795383508307	154.01112185686654	229.72972972227905	219.3	231.56910347090894	238.39606348298844	212.6753561333872	238.97137650085762	230.90013264361576	239.96710286463954
140.2177684328748	252.98518518493333	229.62439512960856	254.7127044893424	240.9313076153622	200.3950103950104	204.326923015625	216.3387073727071	215.17853099630443	48.44999999999999	124.73566973566975	196.55360502649611	170.0	158.5874614594039	196.55360502649611	197.25387132053072	227.91079451447732	4.93763179716052	237.7652861978127	215.09775725917498	215.28923197040714	206.68985364543298	156.01365078574855	188.02346938775509	219.3	213.8760721674831	207.89804993620072	212.67535613638253	237.40840920449813	253.6882716049443
244.8593054797491	46.012852663660794	254.25142918863872	195.8709408072024	251.0837058657279	166.15384615384613	194.95126473581615	93.46153846153848	194.81643362306085	187.02417779313814	204.77442884911093	135.0	170.0	155.9878884772242	170.125739565	133.57142857142856	161.89980065071842	126.64810690423164	126.64810690423161	200.45486073250464	151.46187577812378	151.46187578306785	213.46153846341804	233.65384614327357	204.0	224.55612244897958	198.84521484375	212.6753561215549	216.3749967367246	244.8
158.92517481816293	209.5978722655622	2.0511150801984854	29.205944786830145	104.95693459394485	79.71027323682691	76.76264897999997	194.81643365452038	181.85387873411125	157.7153085269732	178.23266195364667	106.25	123.63636363636363	127.5	255.0	204.0	16.751197330356774	161.89980052049242	161.89980052049242	203.15312901928073	156.75832967471996	216.07876771699873	122.40000000000003	227.43243243243242	216.75	216.75	194.11224489795916	251.866181156122	186.048	252.9980086496142
202.53734648940704	10.33434094035519	155.6855893837652	218.59212717058205	76.76264890593558	76.76264894285057	183.69125678025105	181.8538786329017	154.51271187154913	165.62745305625	134.02854290821654	10.862139246850205	12.675181221953721	12.675181221953721	3.457621930633991	156.58256240391853	202.9975588079268	206.73019709951853	206.73019709326118	187.52601463535285	195.57717307641275	161.89980065071842	139.3234028075677	139.3234028071997	216.66442949384825	210.12569832464908	232.9000000017	241.42011834319527	246.3694596971115	252.99800864967256
115.13160073655197	254.9672897725679	75.00571554832129	76.7626488525	76.76264889500001	76.76264888747806	76.76264886544314	167.74167074199664	152.91257629141114	154.51271181202958	81.25765782058014	170.94619663151136	2.88747346072185	12.675181221953721	148.44550171343218	178.97368878590578	189.15928311094783	168.0836214818157	112.24716977604405	195.57717303751969	99.98638685323718	196.15384615384616	200.39085478075862	192.49284997443672	223.30508474078138	223.30508474288135	223.4752747269119	210.3803699523622	246.3694596950699	249.2625
245.94956920409442	228.3522775997422	4.147097953790819	58.84615384615387	58.84615384615384	138.34201934600264	167.74167074199661	167.74167038166524	167.74167041031504	76.76264897999997	162.39548434716605	170.94619661272375	9.213471084839085	2.88747346072185	193.64478217553855	2.887473460721793	93.49144004236717	171.70024073708055	156.23892462505398	140.96053312202145	124.3132932956961	85.24495677233429	133.95348837209303	200.39085473497187	175.22550990521586	219.583333336875	209.1	216.51911468812878	209.615478515625	247.73504273413462
205.5238711275561	211.7034761626007	107.73009716125205	117.69230769230771	158.1157384218256	94.99424144864417	167.74167035642967	167.74167036734042	167.74167038166524	167.7416701591406	162.3954843216331	9.213470699553795	9.213471888100997	9.213471392899436	193.64478213473166	191.5838515460964	191.5838515460964	170.0307343743972	96.90576785251812	96.9057678842384	179.93003265445137	106.22505450276708	106.22505450365779	186.04379256375	173.31072352426784	126.31530325344761	159.20915712799166	174.31640625	196.28948340102716	253.08466666644
218.6729525053724	251.0679512998001	5.079067937768031	94.99424144864417	94.99424143016324	94.99424141781807	94.99424142021834	167.7416695852956	167.74167016364612	167.74167015914057	163.6249999228625	9.21347065596413	9.213471471414636	9.213471878063814	9.2134721036808	124.72671066349673	124.72671066349673	2.625366680829586	71.11688493786895	96.90576778909312	96.90576784923823	145.84140781339408	147.00956537913902	147.00956540135397	36.85257747542843	173.31072353292274	163.2	146.54064272211718	192.744140625	238.31299173352573
224.0102766769382	36.1486202454864	117.69230769230768	157.6176635049004	57.89956527410712	94.99424141164548	120.57372776017951	120.57372809251609	94.99424140600541	94.99424149254489	163.6249999228625	8.309059990412067	161.9725719013243	161.97257193053446	2.37893352438158	2.378934546698815	2.378934491194343	2.378936424819244	2.3789347664321667	159.94891639471757	169.53996191850024	169.53996191612248	169.5399619720126	169.5399619482937	169.5399619707373	100.86666666666667	155.390625	134.12336336336335	133.99781586021507	238.97137650085762
141.29499543684796	50.33831008208182	42.40528844360006	40.333365616098604	116.16352192031624	116.1635220829877	57.89956527410712	57.89956531029941	57.8995653746872	57.899565424977226	57.8995655426331	107.884615365	84.99999999999997	75.50777334926644	129.77274111026603	129.77274108136697	144.48107216874692	2.378932657232241	2.37893392275231	2.3789342562558033	169.53996200788055	169.53996188881507	169.5399619243817	169.5399620120318	169.53996193614464	94.95018679950186	100.01802884615384	174.68046427140786	69.10499999999999	120.40645797889641
219.56926134073564	90.53745299102215	85.4600380638554	85.4600380638554	116.16352195023396	116.16352196678645	116.16352196678645	116.16352196344823	57.89956531029941	57.89956534406261	81.6	140.9605332114484	255.0	162.39906309740712	162.3990632036839	75.5077734059239	7.590325553793633	2.033304866504267	152.46667045495343	68.50746268656712	112.37288134384517	169.53996197073724	169.53996191612248	169.53996195407865	169.53996193614464	111.56249999999997	147.8861788617886	29.437279432425242	216.70719412320378	107.93023255813952
5.082621911933558	28.240369389527643	85.4600380638554	85.46003804592135	85.46003802926276	85.46003802926276	116.16352196344823	116.16352199989149	89.70714462602652	59.264070933906396	106.28039724244013	74.68777074986073	119.01936684702252	92.60093679631609	92.60093690259282	145.70408426364088	119.70393144718585	1.8188582129567976	68.50746268145468	117.3579544787739	117.35795454545453	138.8364780001085	138.83647803655177	169.53996197073724	169.53996197073724	98.70967741935488	88.69565217391303	208.7067249673695	120.40645797889641	80.14285714285714
5.082621911933558	28.24036935081861	85.46003802926273	85.46003807561829	85.46003808387752	85.46003808387752	85.46003811118487	38.40700290647871	60.45797929505159	99.47054841460624	99.6813923292365	117.44375140205685	99.51791510794004	1.3417036748731732	1.3417035823118795	145.70408416569643	1.341703667430977	1.3417036674310907	1.3417033443170965	125.227258918633	138.83647803655177	138.83647806295852	138.83647803321352	138.83647804976604	138.83647807968373	102.0	88.69565217391303	147.8861788617886	153.21763052366597	79.79535207460634
28.24036914114933	28.24036940028509	28.24036947036771	85.46003798796818	85.4600380279874	85.46003808149973	85.46003799211945	48.57694479384497	40.84299165396641	40.84299165912216	91.98939298488798	87.45453339598498	1.341703442356419	87.4937170267529	87.49371702769784	40.426428769733974	40.426428747683644	125.22725888973397	50.20320631415177	105.66532299254479	60.27272727272728	102.14299970734652	138.8364779170123	103.66174619925499	62.33333333333334	95.625	97.3823364950996	38.37223808839235	235.27523093444913	252.99380226546916
64.64853741862933	28.24036923126951	28.240369368012608	111.93905738430513	85.4600380517063	41.54828580543574	47.242533723682726	48.576944839448515	40.84299162158496	88.77123324384903	90.88935871319453	40.84299162642219	40.84299163291317	40.8429916863478	38.40700290357162	37.58158536514887	37.58158534918212	55.337301169015376	50.20320636451868	105.66532297454512	102.14299943651395	87.2583298408594	87.25832983635385	87.25832984085943	87.25833041470443	58.4375	145.77907817165195	179.98921737208317	130.39213252014872	0.0
64.64853778186273	64.64853780580447	28.24036939066832	41.54828566788416	41.54828571962054	41.54828575863374	41.54828594013287	37.74961648302906	85.8548983803638	0.0	90.88935871319453	95.3692454012803	40.84299162642219	40.84299165776682	50.843128998265286	50.84312900171531	50.843128995355414	55.337301125342634	50.843129077102844	92.60451567836694	87.25832958968499	87.25832961833476	87.25832963265964	87.25832964357036	87.25832983635388	58.43750000000003	145.77907808376273	13.034171362430214	101.82951985379734	221.29466968959895
64.64853783384575	64.64853775452465	64.64853780176057	36.55815588547094	41.54828567671291	41.54828565573956	41.54828589183987	47.24253370762722	81.11465826168006	37.74961648302903	37.74961650716108	37.74961652252358	37.749616515358326	37.749616515358326	37.74961650819324	90.88935871319453	50.843128994093746	50.84312902454113	50.84312900552612	92.60451565283392	87.25832958968502	87.25832961833476	87.25832963265964	87.25832964357036	87.25832925800336	145.77907805172396	145.77907803167864	77.2107886690925	220.67432290468437	243.69206188923602
0.1316384024820536	64.64853778186273	64.64853777026994	64.95153462860588	36.5581561143874	36.55815625268963	98.38877673285481	76.108290374282	79.87669408824843	78.58031268605907	37.74961652252355	37.74961652252355	37.74961649236445	37.74961652252358	37.74961650716108	37.749616493862845	0.0	37.74961657879504	50.8431289895355	64.29101951709387	87.25832925800333	87.25832954717865	55.365252907340704	53.40479914863769	43.56728219862387	75.85166826025832	25.5	51.0	159.76639941638044	183.66071711653237
46.58380794625981	9.870999779467041	64.64853775452465	64.95153460829897	64.95153459827318	36.558156103447885	36.55815609797804	69.30072722711884	74.90623180995436	4.861214323121743	4.861214102246805	4.861214100582771	37.74961652350322	37.74961648925259	37.749616495476204	37.7496165250696	37.74961648925259	37.74961657879504	37.749616508193185	34.154801047480476	34.15480121743113	43.787150081445276	34.15480109547988	57.47784931542034	37.237622345992946	117.28212102348618	25.5	51.0	62.50306209883885	239.08100158428996
226.4556596088265	11.668160204999992	92.73634870197554	64.64853785368791	64.9515345932603	64.95153460552069	36.55815606810825	36.55815606335727	36.55815606098176	61.313596125000004	4.861213924220749	4.8612138430611935	78.78712169565125	33.557077537156886	37.749616522523496	37.74961649547626	37.749616515358355	37.749616508193185	34.15480116078092	34.15480118226708	34.15480118226708	34.15480116057029	27.515876280799006	27.515876320000018	27.515876336171544	37.899829133800864	117.28212102348618	3.1538244091646845	217.55035972533815	37.23786029268035
163.41933966788224	11.668160130836014	11.668160120000039	11.668160077500005	92.73634870332398	64.95153459397807	64.95153446013785	238.23073764681584	238.2307376597385	0.9965194870851519	0.9965195117464418	0.9965196193450083	4.861213897752691	78.78712169187324	26.016864798801265	26.01686485420811	33.55707755654777	34.1548010954798	34.15480116078092	34.154801160570315	34.15480108762944	29.51566230218043	27.515876362500023	27.515876317714003	37.89982917684452	37.89982910755646	167.58900253029617	9.260258243431963	150.28444504298517	237.19483196944145
26.118655544618747	0.1316384024820536	11.668160075463504	11.668160093920989	11.668159949999989	60.74475217001668	93.10019934928158	93.10019947950758	64.95153428745238	3.69745061028226	3.697450821569987	3.6974506486409098	0.9965196115343531	0.9965195106221927	59.29070758014623	76.57065584644641	34.154801047480476	34.1548010954798	34.1548010675549	29.51566229693188	29.515662267535077	27.515876235000007	27.515876182003836	37.89982914494368	28.46916505130949	28.46916505365715	19.845186134859404	30.268508598315435	209.97759386377595	59.37772031401542
225.05623803436922	163.41933966788224	33.32371046618363	11.668160135903463	49.98220643055518	41.90989276213972	51.926049618545505	56.54483760364948	13.085759023430995	86.15728659068228	86.15728653406475	3.6974505909979314	3.6974507089664996	3.697450858626297	0.9965192996788801	29.515662166939848	29.51566213519888	29.515662279083557	29.515662253601192	29.515662231935863	27.515876489999982	30.959623416422374	30.959623473118512	28.46916505130949	28.46916505365715	69.94802710171192	37.54600569256246	0.1636181133191883	200.7045769004937	31.76076304355567
0.6009196158514669	136.19757172935277	28.864244278696845	40.612258251571006	7.641790887951288	22.149343616572054	22.149343653737958	22.149343652661884	22.149343650509735	86.15728645398485	86.15728659068228	86.15728653406475	86.15728655931852	86.15728655367303	86.15728654363673	36.33629909442709	36.336299101266775	36.336299070783014	30.95962360637742	30.95962343002705	30.959623388074306	30.959623399757334	30.959623405088962	30.959623339217927	110.95474892207613	25.94767772596174	18.186809209984432	15.5639372242822	214.53658329852	133.959159427164
185.21908333663555	200.08070340394352	64.2375798748107	8.190895078656808	6.562921269940745	28.474802431926605	22.149343663422684	22.149343627964527	22.149343627964527	22.149343663050473	22.149343657442472	22.149343634051803	89.78301873970244	36.33629910205187	36.33629903268741	36.33629906333047	27.541546128199855	27.541545986533976	27.54154600528699	27.54154601466351	27.54154589709964	19.683159645759616	19.683159613011014	19.683159744005252	220.97746225803277	25.947677583643525	25.947677551569484	231.89717770752583	2.6103970165250416	255.0
10.119884929357369	9.962853893284375	12.364210751264466	19.96821715426725	21.47962086285594	64.2375798748107	29.897546643629255	27.01249382867556	96.27562641868838	22.149343638725213	22.149343627964527	22.149343652661884	22.149343650509735	36.33629909442709	36.33629903951413	27.54154603671671	27.54154601964538	27.54154597879679	41.15480728327742	19.683159584138366	19.68315961054512	19.68315951103301	157.14576639789462	140.59270130226656	25.947677562684618	25.947677562684618	25.94767752696606	216.45031112208852	39.2702919347752	0.0
1.0946159372300315	10.012044006870383	10.359285651366037	11.995799458012641	10.195544683328308	18.28282693340418	30.44363030892211	64.2375798748107	27.01249382867556	42.768578068619036	64.2375798748107	82.77595861339341	22.149343627964527	22.149343650509763	61.04660656008079	48.21243562849847	48.21243575577046	19.683159547513924	19.68315962374848	53.3557663289497	50.26001114280979	14.286162563241419	0.155136517637402	3.2803213943784897	191.9817856261043	25.947677529339302	25.94767733279764	251.90629073893618	253.45530026257487	255.0
