254.90382053621985	242.40740740740742	254.98551914970872	223.1392809139785	201.56654212641513	191.5564903846154	158.295810599023	223.77741228070175	191.25	253.86666666666667	166.75736575910946	218.57142857142858	223.1671225401171	199.46666666666667	51.26756825550868	235.571428569	221.0	245.38983211246884	221.0	242.25	238.4415584481818	228.47506115644728	237.7472689061746	237.7472689061746	243.1562429803036	250.51236088928644	251.44377668354022	254.92997381422785	254.39070996649625	254.2970530081232
254.93576829696804	254.968125	251.14314132830992	198.33333333333334	163.46153846153845	158.29581216191144	238.4415584481818	179.59898446254957	169.91837982942536	160.41876618272397	160.5855499974795	206.034080685	253.87617311702817	232.9772725948993	212.11363624311724	46.42419195780511	215.28688524590166	241.5723811013537	244.93996569468268	238.72193375590007	228.54543154300063	216.40076587124173	229.24523823880554	239.1533513190067	234.8832260485211	241.06948080738906	249.64601018544798	254.3625	254.92997381422887	254.98123578879014
254.30980915421296	253.51972789113333	217.35035914289833	223.125	0.0	179.59898458964642	122.32649550514813	122.32649411668498	153.5892967981257	195.234375	177.10058438635207	197.1660934571618	129.45003880820593	198.39705461843653	124.2152342716918	35.583363626305896	235.6343748050033	235.46497337156904	238.97977448098834	221.65038157635843	219.7102395170524	234.284332688588	226.14020271798245	209.1	231.39073870841128	239.57475355731944	253.92399340442614	254.59208313210877	254.90212824321858	254.85950330188822
140.2177684328748	250.46666666666667	232.0556224250264	91.1473123225285	108.47793374964868	216.82952182952184	132.8125	153.5892966609926	158.2494327661056	130.05	47.78883278883279	235.15155438178584	170.0	220.29064748201438	235.15155438178584	134.7918472232405	189.73070362959643	32.70783605907965	213.47432148338766	214.75144717585243	215.057059220523	235.7034882371517	234.48342697251775	244.31428571211734	209.1	242.72227297192742	253.37141908953706	253.92399340382244	254.55221768703797	254.88575268817203
9.573604056803077	83.18730613866356	15.542309006941252	186.6879383869358	239.969856589211	185.76923076923077	115.188649190922	33.46153846153845	123.77435092135127	117.15500607658069	103.34474466743245	130.38461538461536	170.0	155.9878884772242	170.125739565	182.14285714285717	145.50691483847802	188.74164810690422	188.74164810690422	200.03002433820396	238.97977447547754	238.9797744764632	199.03846152945528	239.83516483914772	210.375	243.66666666666666	253.5706170715158	253.92399340380283	253.28689611194204	247.190625
162.72294205853842	136.656650169176	110.51300387185609	161.67132023781096	4.975636156743349	124.7459185562083	76.76264897999997	123.77435072335564	108.29234355592271	80.89076600951765	240.03200869830584	148.75	190.4	127.5	238.0	136.0	97.0036661910583	145.50691487716756	145.50691487716756	192.27905077980859	204.3127593765741	232.7199536933491	238.5456790123457	230.8783783783784	229.5	229.5	250.14285714285714	229.92944924897589	253.9382561601382	254.6721167643935
17.707862942394627	83.71730715469297	6.307609301774335	166.68555654616765	76.76264890593558	76.76264894285057	107.10788669933538	108.2923431937291	77.49853902033627	93.35971355625006	134.02854290821654	69.76823945574125	78.603727994477	78.60372799447705	23.296477684499536	208.97880239217557	223.29992091755722	202.11338043203622	202.11338043004594	195.45918821318142	195.57717307641275	145.50691483847802	242.57495969113796	242.5749596911708	249.52348989101955	247.0757681529738	249.9	200.68047337278108	253.0122867948914	254.67211676442537
206.59772102087953	0.4999538006053399	194.05041053438478	76.7626488525	76.76264889500001	76.76264888747806	76.76264886544314	93.02843009933736	75.8319620582943	77.49853884957679	120.06994374246716	92.38470083717627	19.670912951167736	78.603727994477	148.44550171343218	161.8871652437	184.61331292024616	181.5501130296749	197.98026656036853	195.57717303751969	189.70901515470274	137.30769230769232	235.50952922312018	219.2184454837949	245.121065370719	245.1210653740678	251.73076923261343	254.36429722489328	253.01228679664953	252.45
11.564564116281815	44.960999582386876	245.87962291283642	19.61538461538464	19.615384615384613	60.9108670147742	93.0284295209868	93.02842981066084	93.02842994756622	76.76264897999997	76.78143223375642	92.38470079251022	61.33000006287878	19.670912951167736	193.80429792402794	19.67091295116768	194.67414318457412	172.36831852118368	174.3619196689565	148.32584655810757	202.79983579696747	221.19596541786743	236.86046511627907	235.50952915050001	250.3116920495053	244.375	219.3	249.35613682092554	254.20912000868054	253.77403846153845
30.278062680595127	202.8960032583758	251.28170152000482	137.30769230769232	72.60575469366336	94.99424144864417	93.02842971377035	93.0284297422082	93.02842981066084	93.02842969639175	76.78143222165414	61.32999915384272	61.329999862444566	61.329999674590454	193.80429796136556	165.92623315007975	165.92623315007975	168.17594963297861	199.60469610006683	199.60469610703993	218.93755416017217	224.21012912963275	224.21012912937456	228.59388542250002	229.0504095388062	245.32440755121166	250.01734304617585	249.57682291666666	254.3034995654518	254.898
213.5727836210273	250.03949162724342	105.84543431891385	94.99424144864417	94.99424143016324	94.99424141781807	94.99424142021834	93.0284295209868	93.02842981016207	93.02842969639175	180.32142862953214	61.32999886368455	61.329999862444566	61.32999979563286	61.33000031140125	155.10721713282672	155.10721713282672	17.98466538235786	190.2246045669408	199.60469608682277	199.60469607281192	208.09614273241715	212.70925130217762	212.7092513728542	68.86217419490546	229.05040955024467	255.0	254.87948960302458	254.20912000868054	254.6234118066248
8.2357817927454	249.10758927512765	137.30769230769232	182.5933336221401	90.83283281546838	94.99424141164548	54.59011805943081	54.59011799119989	94.99424140600541	94.99424149254489	180.32142862953214	55.13230390080818	148.3388208844297	148.3388208774405	16.38727365450285	16.387274601942664	16.387274137909003	16.387275104721397	16.387274879340794	159.82739268261906	220.45527796957828	220.45527803326314	220.4552780230906	220.45527799224857	220.4552780221351	237.38181818181818	249.57682291666666	249.6518918918919	254.31655625960062	254.59208313210877
66.37328461759796	50.33831008208182	13.619868011328208	40.333365616098604	54.911261124809386	54.911261242048965	90.83283251372825	90.83283270727216	90.83283271488833	90.83283281546838	90.83283285715942	107.884615365	127.5	127.40128287595812	122.81622533212982	122.81622538377829	141.65304572677627	16.38727271247558	16.38727401259527	16.38727370110115	220.45527803758918	220.45527791561048	220.45527798258286	220.45527803882717	220.45527800859205	229.40473225404733	250.40264423076923	180.55867481901163	167.53500000000003	247.65866607160248
72.82803815299806	108.33134455917761	34.54472199140798	34.54472199140798	54.91126113120325	54.91126115505844	54.91126115505844	54.911261147360364	90.83283264175009	90.83283271355319	142.79999999999998	80.80183696608975	189.1592832044682	133.1668494959086	133.16684951204934	127.40128292749503	50.599221496475764	14.04930322140953	152.46667045495343	186.49253731343282	220.4237288322393	220.45527777570163	220.45527795111866	220.45527796232898	220.45527800859202	217.8125	202.47967479674796	247.05204619672492	248.82598610733757	107.93023255813952
2.543680077157944	8.731528031414541	34.544721991407926	34.544722037670994	34.544721977864924	34.54472222429837	54.91126118697045	54.91126120276883	89.70714462602652	93.93366886594421	105.9259050134464	74.68777074986073	118.20305684667304	121.83315048795069	121.83315050409138	162.91163637076687	118.33214794483325	12.589168354488294	186.49253731854532	190.0509401959938	190.05094044886366	200.08873879723117	200.08873885263966	220.45527802213508	220.4552777757016	219.35483869596774	249.45652173913044	250.3358154596664	105.58706695023267	80.14285714285714
2.543680077157944	8.73152804552069	34.544721977864924	34.54472201741714	34.54472204888131	34.54472196673686	34.54472208438952	114.87508526899603	113.91063488374635	99.15906735013522	98.7543406204488	109.22091998669015	99.51791510794004	9.403597288126178	9.403596828301147	162.91163630524926	9.403596885952567	9.403596994227001	9.40359689793101	132.18377461622168	200.08873881302955	200.08873883943627	200.08873884494156	200.08873886879675	200.08873887519061	255.0	249.45652173913044	202.47967479674796	126.79730458680291	234.87473453184793
8.731527656174563	8.731527937604568	8.731528106632453	34.544721961172826	34.544721976909415	34.544722030421696	34.54472196241082	116.11356540441662	105.4510958011752	105.45109580179277	91.74360227274457	100.45565480137475	9.403596836104384	128.17152796163467	128.17152800550377	109.56553872622592	109.56553869171043	132.18377466787018	159.35817058337005	202.60805529554636	194.72727272727272	176.55435151073652	200.08873875795103	180.40129844536904	204.0	217.8125	72.40666637785992	221.5626728670893	41.65367945946474	92.22753543867631
79.55480077005168	8.731527857851972	8.731528219034516	44.54253958864956	34.5447220077514	84.85992465208011	109.91998763826797	116.11356543381592	105.45109579085326	87.38765265989238	88.50219187467002	105.45109581802157	105.45109579425443	105.45109581149714	114.87508527449367	99.6126651124867	99.61266515880908	153.03442065264764	159.3581704567783	202.6080552346135	176.55435143902645	161.97157030360825	161.9715701898379	161.97157030360825	161.9715704790132	228.4375	76.86834869678364	176.24487887962425	116.21198231384395	0.0
79.55480067913831	79.55480064883383	8.731528023705607	84.85992469635244	84.85992465208011	84.85992467991318	84.85992464703469	114.91229232718825	85.77792885504937	91.20133690567161	88.50219187467002	61.44897317968477	105.45109581802157	105.45109580217681	120.64472194194292	120.64472193807254	120.64472194963253	153.0344206237308	120.64472205257911	178.21856777834589	161.97157030360825	161.97157018933913	161.97157025779183	161.97157028622968	161.9715704790132	228.4375	76.86834864864738	198.16315428829208	200.55552686080358	248.62582479382831
79.55480050350016	79.55480067359403	79.55480071713092	61.54312464535451	84.85992465208011	84.859924737966	84.85992484479425	109.91998765013565	81.59788535346414	114.91229232718825	114.91229229462022	114.91229229870697	114.91229232529668	114.91229232529668	114.91229230348546	61.44897317968477	120.64472191203762	120.64472193207499	120.64472195108999	178.21856776624355	161.97157005243378	161.97157018933916	161.97157013220465	161.97157028622968	161.9715704790132	76.86834867378178	76.86834867179687	7.752436964606574	50.09343827839547	18.723723025293054
84.91559138168168	79.55480067913831	79.55480064592066	64.95153462860588	61.54312464535451	61.543124840907666	11.503565333141097	78.63319289789979	79.37741679174889	78.15567560006636	114.91229220190502	114.91229220190502	114.91229229254495	114.91229239550887	114.91229229462022	114.91229230826391	61.44897317968477	114.91229236183156	120.6447219650118	161.10138901405298	161.97156990066264	161.9715701898379	159.66104615012318	157.6202664519784	175.59455790936673	165.6271143122314	76.5	51.0	80.14300402937474	233.62807509937258
105.84543431891385	5.419299502783417	79.55480067359403	64.95153460829897	64.95153459827318	61.54312470324399	61.543124732188744	70.00980763853389	75.05524635363028	34.58834910286541	34.58834892249712	34.588348910657544	114.91229228099718	114.91229230409272	114.91229228099718	114.91229232718825	114.91229230409272	114.91229236183156	114.9122923518864	128.8026184161019	128.80261819205316	168.78879625009324	128.8026182863548	255.0	199.48467075191937	176.16518054040225	76.49999999999997	51.0	122.82165441184128	109.68656380318882
1.804639302562009	39.49999979999998	117.68601867617201	79.55480058822485	64.9515345932603	64.95153460552069	61.54312466606723	61.543124691208334	61.54312470377886	61.313596125000004	34.5883487227085	34.58834875745279	134.41561005312428	114.9657308517017	114.91229229870692	114.91229228099718	114.91229232529668	114.91229230348546	128.80261806690112	128.80261811278032	128.8026181127803	128.80261815617393	140.97470202809137	140.97470201	140.97470202809137	126.82089312504769	176.16518054040225	167.10835036530753	64.55763844590328	16.61847602476209
102.33335621475788	39.499999803047444	39.49999980000001	39.49999980000001	117.68601869567655	64.95153459397807	64.95153446013785	58.012051729015155	58.01205172542842	7.00850370728989	7.008503707473864	7.008503741457076	34.58834874852957	134.41561008788455	109.03944970763021	109.0394497467289	114.96573087983171	128.80261802599307	128.80261806690112	128.80261809108353	128.80261796800443	138.81078713777515	140.97470196749998	140.97470199117632	126.82089315046127	126.8208931251028	112.45529623877391	196.25343706848574	1.1366468287499174	254.92071809178265
2.2914888997269713	1.804639302562009	39.49999980304747	39.499999803047444	39.49999979999998	56.20158745910547	109.49308516152198	109.49308512283241	64.95153428745238	26.563677611913874	26.56367781260448	26.56367781260448	7.0085036413872785	7.008504059166114	66.84536979993956	79.4939940302032	128.80261781659695	128.80261802599307	128.8026180421769	138.8107867996062	138.81078697483974	140.974702095	140.97470186782567	126.82089314717675	255.0	255.0	14.530509302230485	2.674950840321344	153.48784417115849	221.77444848904523
0.32865692724990936	1.804639302562009	19.266421851739864	39.49999982020208	48.602076735313375	53.273374844219745	55.42693448371571	56.1234038636112	41.65169310899307	144.6561555514523	144.65615528757186	26.563677754961446	26.563677701618758	26.563677847911293	7.008503519883618	138.81078679960618	138.81078675698973	138.8107868296064	138.81078679960618	138.8107867996062	140.97470184	126.82089315046127	126.82089312504769	255.0	255.0	69.94802710171192	37.54600569256246	52.08957765366989	21.261068068127088	230.31878550628744
27.499285372078162	5.2978175855772065	3.0457137065198197	58.57422566366219	0.0	43.47233254197715	43.472332541977124	43.47233255225382	43.47233257280706	144.6561552755516	144.6561552729704	144.65615540851502	144.65615531313875	144.6561553399065	144.65615533322293	124.95641356563002	124.95641354115148	124.95641355476417	126.82089320128844	126.82089315821375	126.82089316316808	126.82089314717675	126.8208931251028	126.8208931909738	17.22864807885489	25.94767772596174	32.25464278772668	125.19123819261998	228.81325689596315	230.30828399496002
1.0484151242417283	0.35015613430874737	0.0	4.496901491118507	3.603123976254068	73.1949434049001	43.472332449487396	43.47233253778771	43.47233253778771	43.472332543291145	43.47233259684816	43.472332550136656	89.78301873970244	124.95641352349529	124.95641352891221	124.9564135337103	110.69823946405023	110.6982395984661	110.69823957971309	110.69823957033657	110.69823957652082	155.75586192796197	155.7558618789904	155.75586189246542	149.46075717923594	25.947677583643525	25.947677551569484	57.00654989025563	232.00366310848602	234.4736838672404
9.81687607077717	9.424924892717911	12.2971054332385	19.85222817548177	26.22124246275584	0.0	28.850595940721718	27.01249382867556	197.41229054437125	43.472332559309024	43.47233253778771	43.47233255225379	43.47233257280706	124.95641342163154	124.95641352349531	110.69823957404341	110.69823954840317	110.69823955777576	106.02068309347979	155.75586184036786	155.75586186677458	155.7558618887561	102.79109376835595	57.682052275129564	25.947677562684618	25.947677562684618	25.94767752696606	89.18892530478666	242.684691508137	0.0
1.0872671344196476	10.056721259435193	9.350663166219448	12.716078713186306	10.195544683328308	16.075081572747962	30.44363030892211	0.0	27.01249382867556	39.19820460146647	255.0	82.77595861339341	43.47233253778771	43.47233257280706	61.04660656008079	33.82007237281772	33.820072439531884	155.75586178104732	155.75586187997794	138.11099903545443	133.25993853844082	67.58034993286009	36.4355232612109	74.72903037642504	0.0	25.947677529339302	25.94767733279764	10.047475833429644	96.71670668204726	255.0
