254.5500072411067	254.21296296296296	239.1185492028021	251.0316910282258	232.4886820902906	239.44561298076923	230.11043739699454	208.02631578947367	91.79999999999998	255.0	250.45558025610907	104.73214285714286	162.98376634480866	236.86666666666667	252.00580465319163	238.0	229.5	154.04206172530436	229.5	161.74285714285713	226.02272727272728	240.98734150216734	248.29523900788433	248.29523900788433	247.42415440118484	253.91280317004396	252.82581751559135	244.72268527549906	253.6309273178685	251.4505762816338
254.97149580192308	242.52714262420164	252.49284635091783	240.83333333333334	239.3543956043956	230.11043769825358	226.02272727272728	225.18426728699822	218.81492073075668	248.09174591119478	247.34247936411936	124.44	208.3467577714148	232.9772725948993	219.06818169371127	248.4875237347656	138.99590163934425	138.8868385129157	161.8353344768439	227.95087573326236	235.13746641203184	229.06533434426836	235.3029558706285	230.68393203638584	234.75914013117477	240.6382568291745	246.31215013501543	220.8945306122449	244.72268527698589	254.70908787459314
249.4428330646919	253.86666666666667	247.87709498314535	124.44	231.79632520868742	225.18426722286395	202.40510949252965	202.40510872899827	207.410031578435	175.3125	151.1793479563966	106.53374208143376	237.84529553847136	133.0931469888529	233.42196275412726	242.66711184165467	154.41465233342478	175.710774272839	167.96133884613812	211.41196630018203	219.78553219600246	233.95551257253385	193.83445947255638	249.9	231.68395309559094	239.1281888965545	225.02570246535606	220.8946027410948	246.32483272588254	254.9272380562129
140.2177684328748	252.45	232.0556224250264	183.30932248535805	253.09931468099583	216.82952182952184	199.21875	207.41003146014927	206.81890473186903	91.79999999999998	124.73566973566975	97.09422954102152	63.75	171.8065775950668	97.09422954102152	194.89592361162025	216.8199092092828	236.84059575553795	230.70903528557494	199.9182920912935	215.12334291062726	235.5412830610794	238.6073192926379	228.35510204081632	249.9	236.4980920871605	229.9460234282212	225.02570246748778	252.21588004997918	253.97177419354838
143.256163724585	112.64006080790591	240.8853480170375	233.0330166856263	2.263635719651205	185.76923076923077	189.00880817544754	93.46153846153848	183.28124998750354	184.53285984127544	199.02163034092206	148.84615384615387	63.75000000000003	74.02544452557683	91.79999999999998	104.73214285714286	235.6113312960353	213.73051224944322	213.7305122494432	200.40893809310566	167.96133881833708	167.96133882226596	207.69230768290984	236.53846151621997	204.0	225.39455782312925	233.5404339250493	225.02570245698683	253.89546277437654	244.8
9.845554073083775	201.20836046877469	2.8880551291424297	0.015467962852085293	48.9306180402194	152.2748608235048	24.712053314999963	183.2812500249929	169.1284382289393	154.53356169508476	163.13239004885455	127.49999999999997	136.3090909090909	51.0	255.0	187.0	210.42858824226246	235.6113313250323	235.6113313250323	203.72398717616332	191.30415529897186	240.2241935475124	169.0345679012346	244.66216216216216	220.999999983	220.999999983	232.79591836734693	247.57168866636323	226.01939013361783	253.15911650048386
164.6783000062283	3.13325983527173	111.95653029746612	230.94300310475228	24.71205331910832	24.712053392938373	170.6393963724903	169.12843804003825	151.2711863121158	159.375	43.382286616298956	186.11573881641186	194.88091128753882	194.88091128753882	217.77090169776358	111.21044859994532	92.97706184959327	164.68683862922484	164.6868386251287	187.40857049567785	216.07807069854667	235.6113312960353	179.94915694781082	179.94915694666196	223.85234895572947	213.6871508350044	234.6	230.85798816568047	246.90379565528767	253.15911650128095
226.95925653540647	142.67387154072873	254.45875027466153	24.71205331499999	24.71205331499999	24.712053337565862	24.71205318218054	153.99617454466497	149.64208762571224	151.27118625973856	100.05556928287305	167.01570170816734	210.42462845010616	194.88091128753882	86.41355483195645	174.36191968717029	189.15928311094783	167.2868134723396	100.79049500654611	216.07807064662867	197.6141381588097	176.53846153846155	202.4776633328296	231.27018738236615	224.74576269296466	224.74576271186442	229.46886446712065	227.7442435717749	246.90379565548855	250.4666666712
223.99251649302025	252.24931947239426	137.19122435479247	58.84615384615387	58.84615384615384	134.81610154994837	153.99617454466497	153.99617421562957	153.9961741650676	24.712053569999966	117.98612506048673	167.01570162138788	176.80291298179222	210.42462845010616	60.67628102296652	210.42462845010616	119.47076238616185	169.5756824067533	161.88716519506778	140.96053312202145	172.57155234449934	116.10951008645534	167.09302325581396	202.47766337315034	197.56822752402817	223.125	234.6	240.12072434607646	236.55381944444446	248.87019230769232
101.1167449208819	102.35690610510233	150.7598129942229	137.30769230769232	141.04659371635614	26.08351197377587	153.99617415909796	153.99617411532333	153.99617421562957	153.9961739138932	117.98612510747662	176.8029136903812	176.8029132373506	176.80291310485063	60.676281037665234	160.52597199417198	160.52597199417198	170.56244945837454	111.03719474692036	111.03719478873359	182.8751083203443	144.54133825255747	144.54133823238757	191.25	187.60705019808623	172.61748560717632	197.9205688548387	210.72916666666669	227.99467774034105	253.368
0.2262480043071946	176.62988772101235	116.36173875080175	26.08351197377587	26.083511995047928	26.083512024797272	26.08351204227617	153.99617338796392	153.99617396631444	153.99617391389313	46.75000009817498	176.8029128539087	176.8029128206646	176.80291304474588	176.80291285390894	160.63513941644118	160.63513941644118	206.46023691115252	106.94195332199197	111.03719469425604	111.03719475597984	159.88082948238014	162.2001289686291	162.20012903167313	47.87712040612578	187.60705005464285	196.248	185.58601134215502	223.125	214.93435906452487
168.22075911500863	253.1467856771234	137.30769230769232	11.91224902922113	73.33433497254356	26.083512039671888	117.44351528111883	117.44351528737204	26.083512076526347	26.083512183713026	46.75000009817498	162.9276914054683	117.97979052717142	117.97979055955918	202.31536058479605	202.31536058496283	202.31536058479534	202.31536058479543	202.31536183767196	159.61784526613914	172.2495924521868	172.24959245616546	172.24959250569913	172.24959248160113	172.24959242950865	152.07272727272726	191.25	188.34162162162164	188.16532258064518	220.8946027410948
69.19778372068481	28.743041690255836	42.40528844360006	0.0	109.8225224080592	109.82252248409787	73.33433436906324	73.33433458545571	73.33433457022335	73.3343346708034	73.33433454776932	51.0	63.75	155.30797352652218	81.87748357444059	81.87748354385366	144.0353701832152	202.31535995514065	202.31535982501535	202.31536043498326	172.2495925404299	172.24959246949385	172.24959245844732	172.24959246949385	172.24959247096842	137.18555417185553	150.79326923076923	210.83957529539123	124.44	0.4288474705583951
239.32775757124182	108.33134455917761	82.75040752903163	82.75040752903163	109.82252235361213	109.82252231011688	109.82252231011688	109.8225222947207	73.33433458545571	73.3343345728936	91.79999999999998	123.31856626171214	255.0	127.44281430236347	127.44281445699511	155.30797353656305	152.56487253763453	189.89353877238278	207.48149679645778	98.955223880597	133.9830508155918	172.24959242950862	172.24959245616543	172.24959248833378	172.2495924709684	148.75	60.81300813008133	0.8677315838118602	52.77603103257783	107.93023255813952
116.44316050346316	28.240369389527643	82.7504075290316	82.75040751166625	82.7504075704914	82.75040757049135	109.8225222947207	109.82252222312638	37.61187080027483	43.382286616298956	106.31164298574151	26.921066246994428	116.70926837680565	127.5571855430049	127.5571856976365	153.15721563942662	120.65652059377715	178.81067750699702	98.95522385418246	132.4038462457933	132.40384617613634	145.17747777687362	145.1774777052793	172.2495924295086	172.2495924295086	134.3548387233871	121.95652173913044	125.50902073050614	0.4288474705583951	80.14285714285714
116.44316050346316	28.24036935081861	82.7504075704914	82.75040754155268	82.75040754383454	82.75040754383454	82.75040753050615	52.76150828273745	68.77725920590521	99.261841169739	99.8343589190873	125.42631242298145	51.01472865751967	165.1389010357135	165.13890112438094	153.1572156233816	165.13890112087958	165.1389011208796	165.1389006815902	173.12251645614631	145.1774777052793	145.1774777052793	145.17747768988312	145.17747764638784	145.17747759194083	132.60000000000002	121.95652173913044	60.8130081300813	126.79730458680291	100.07190445683133
28.24036914114933	28.24036940028509	28.24036947036771	82.75040753050615	82.7504074943009	82.75040754781321	82.75040745957014	32.97240021993329	35.40822489750255	35.40822490940036	92.36350184881857	90.26700653262091	165.13890097927833	88.643352770033	88.64335284187084	108.87819977015491	108.87819978141476	173.1225164255594	74.93339497467883	115.910939955705	92.72727272727269	116.67647699022464	145.1774775159021	118.85796622822335	101.99999999999997	127.5	243.08775097077884	135.10071478338216	158.1034259280428	227.91695413325132
79.55480077005168	28.24036923126951	28.240369368012608	96.54922481736412	82.75040751839887	47.82869095136445	34.35013941366253	32.97240022061686	35.40822488234622	92.1459615626039	144.52929173409245	35.40822491974387	35.40822488484514	35.40822494785931	52.76150836684883	108.3473371229619	108.34733719309992	94.3127279664048	74.93339511418472	115.91093988505378	116.67647667894181	101.00382608610681	101.00382603368553	101.00382608610684	101.00382661203611	95.625	117.17854127917988	254.7097509063939	254.0942112960296	0.0
79.55480067913831	79.55480064883383	28.24036939066832	47.82869081583456	47.82869090845685	47.828690905367495	47.8286910844333	45.00194485515769	85.86955118344878	88.91492119126411	144.52929173409245	83.88413443830174	35.408224838691865	35.40822489647803	85.8970843480966	85.89708434879813	85.89708434318038	94.31272796582661	85.89708442091532	137.0138748925234	101.00382583493243	101.00382578437043	101.0038258846767	101.00382584090204	101.00382603368556	95.625	117.17854122918652	251.03662442263075	113.36102386870121	221.29466968959895
79.55480050350016	79.55480067359403	79.55480071713092	26.08351197377587	47.82869088700306	47.828690798498	47.82869073244524	34.350139419224575	82.50698408539819	45.00194485515772	45.00194485886729	45.001944830732896	45.00194482219118	45.00194482219118	45.001944862050436	144.52929173409245	85.89708431930845	85.89708434452797	85.89708436354297	137.01387493951327	101.00382583493243	101.00382578437043	101.0038257590895	101.00382584090204	101.00382545533503	117.17854124411568	117.1785412470974	99.39697967923374	104.80774834116175	139.26486143513705
112.82603105762448	79.55480067913831	79.55480064592066	26.349627515305883	26.08351197377587	26.083512183713026	96.00614652392849	78.1804204898279	77.888558543812	82.02521697627517	45.001944830732924	45.001944830732896	45.00194482424607	45.001944830732896	45.00194485886735	45.00194479656602	88.91492119126411	45.001944928109964	85.897084333348	79.33178423292202	101.003825455335	101.00382574451032	79.60183548990227	74.6877708011136	74.58624007612417	91.01074988998496	51.0	51.0	0.36567935727254053	95.95245925754384
210.87192608984435	0.0	79.55480067359403	26.34962747764871	26.349627512942703	26.08351204227617	26.083512076526347	69.21325927012182	76.33652735520687	125.1560289047759	125.1560288830342	125.15602884019358	45.00194478591507	45.00194482053638	45.00194486999618	45.001944855157745	45.00194486257695	45.001944928109964	45.001944910451414	52.783789891490585	52.783789622761674	69.70427134975048	52.783789620438796	78.33081762023389	63.75	43.409468851524764	51.0	51.0	103.44415068951119	224.41615954287295
224.41615954287295	24.712053314999963	4.936035534583652	79.55480058822485	26.349627530589686	26.349627505940646	26.083511995047928	26.083512024797272	26.083512039671888	26.92106629500003	125.15602882290477	125.15602872278271	48.31376324732727	54.889996529391055	45.001944830732896	45.00194486999618	45.001944822191234	45.001944862050465	52.78378961242052	52.78378966383238	52.78378966383235	52.7837896855292	49.424106675131696	49.42410663000001	49.42410661975916	57.66802798806202	43.409468851524764	0.950755108159484	142.78618299482127	254.08031290416284
255.0	24.712053392938373	24.71205331499999	24.71205331499999	4.936035668902889	26.349627501258027	26.349627583530634	74.3615388832099	74.36153888590272	138.0842891597795	138.08428917132184	138.08428916833665	125.15602880206993	48.313763177458014	43.25962349851093	43.25962349073137	54.88999656351288	52.78378962043874	52.78378961242049	52.783789620438824	52.78378965378536	48.70716777164759	49.42410662999998	49.424106638216614	57.66802792607052	57.66802792165012	193.81768016709603	2.984685449917947	154.48957868998275	252.71650950018153
21.981054439851164	112.82603105762448	24.712053337565862	24.71205331910832	24.712053569999966	64.63963038033808	19.388668703964697	19.388668674967704	26.349627759108017	100.76925323183013	100.76925352283445	100.7692533499054	138.084289092125	138.08428937514043	69.40748057844456	76.59195798734376	52.783789291985585	52.78378962043874	52.783789622761674	48.70716766336088	48.70716771447536	49.42410662999998	49.42410658585115	57.668027933675944	43.33125309236979	43.3312531186028	199.0402210403547	8.098710851003972	172.22085158430724	251.27544554115798
231.54036530433115	255.0	26.36208725726206	24.71205318218054	50.11591743760036	45.57848135606994	53.5097087605547	54.41932601574163	26.921066246994428	28.43611602786862	28.436116175589916	100.76925334990534	100.76925339253134	100.76925337769217	138.08428911292793	48.707167403376786	48.7071675934026	48.70716763376021	48.70716762003019	48.70716759836486	49.42410662999998	45.65831909807039	45.65831915768075	43.33125309236979	43.3312531186028	69.94802710171192	37.54600569256246	254.95196617843342	163.02130493394162	2.503573397508518
207.2775479383234	12.87682358414736	15.306379599817006	48.68326851398106	0.0	58.72796046483822	58.72796046483819	58.727960474373646	58.72796056777656	28.436115947190586	28.43611602786862	28.436116175589916	28.436116203171707	28.43611622257464	28.436116290823264	46.61144160870742	46.61144152148225	46.611441533092176	45.65831913052324	45.65831909148051	45.6583190682652	45.658319084433515	45.65831907033936	45.65831907033936	71.99616450855797	25.94767772596174	215.64793121209675	15.5639372242822	252.9642160219402	123.95852165637791
149.2387895026393	227.88144054961313	50.852469013865004	28.743041690255836	0.0	6.41167321596609	58.727960453350846	58.72796046289963	58.72796046289966	58.72796047033435	58.72796045546494	58.72796051507234	168.24054202238392	46.611441533092176	46.61144147786965	46.61144151605663	42.10487033174451	42.10487035965431	42.104870378407384	42.10487035965431	42.10487037452356	35.35495538398135	35.35495537976621	35.354955396626735	185.3239164562707	25.947677583643525	25.947677551569484	5.0467096062257895	0.7857636528495107	234.4736838672404
10.116728996484397	10.04792453629662	12.45977753853677	17.765628853234233	28.62556558094232	255.0	29.94592309886704	255.0	96.27562641868838	58.727960419857084	58.72796046289966	58.727960474373646	58.72796049344464	46.61144146470892	46.611441408016645	42.104870406624116	42.10487036382878	42.10487036739377	50.52963889311229	35.35495541055863	35.35495538415185	35.354955342322	130.04808610065737	57.682052275129564	25.947677562684618	25.947677562684618	25.94767752696606	149.1639938022853	188.80356397352304	0.0
1.0891770274374721	10.034452028115055	10.384545770118763	12.203301727616406	71.1327604788899	20.057182133969405	109.7799322656598	255.0	50.852469013865004	42.768578068619036	255.0	185.3239164562707	58.72796046289963	58.72796049344464	193.81768016709603	218.2595563091814	218.2595562557148	35.35495537133596	35.35495537094852	56.19929737101498	52.97999711158431	16.830239016551758	0.4359830659515751	3.8660302669552493	191.9817856261043	25.947677529339302	25.94767733279764	252.78011953426704	2.13371391468786	0.0
