254.91661000652135	252.2113289785185	254.99929354107974	253.61484723022272	247.4849094424029	247.45475100661056	239.91007316511633	253.22916666666666	244.8	226.66666666666666	201.11336260882985	250.44642857142858	238.850316592593	226.66666666666666	209.8799651201037	248.625	248.625	251.6145603832023	248.625	250.35535714285714	249.20454545454547	252.75089217780797	224.24088024492278	224.24088024492278	246.78715784741695	244.31704454844032	253.0049906091266	254.9933911311744	254.98351556265018	253.88785302371454
252.64177828458125	254.99845909233784	230.65601759739974	228.33333335	248.62637363736263	239.91007499954117	249.20454545454547	243.17725211045655	231.7576814044656	194.85573847215798	103.2184183021248	229.929449325	70.8170917169063	250.3636362213843	250.3636362213843	198.63289068239933	195.66256830601094	225.83189203605613	251.42795883361921	251.51081247400407	236.1277194951385	219.42123133650904	180.96529459257607	232.45581602831976	235.58377812808948	240.7070623301226	245.5543296624256	254.9154011479592	254.99339113117745	254.9963474781341
253.07824212000986	254.840625	250.3910614717493	252.96	228.73161711203332	243.17725207886932	217.8105314726772	217.81053166022258	233.83376947972155	248.359375	97.03306543476097	225.25425466690334	164.70746100293417	219.58452801112182	158.7336178043594	175.31795767413192	252.22315534106718	251.94438754608768	248.02823519008734	209.37542614681286	219.97035185896902	252.90377176015474	223.98648648439098	242.25	231.4927676762045	239.3065375754013	254.7779791626201	254.94593998234774	254.98968737135243	254.99980271792228
140.2177684328748	254.840625	228.73161711203332	56.0254807058887	52.03286016136596	253.56103356103355	218.7500000625	233.8337694525211	232.23171595517843	91.79999999999998	253.56103356103355	225.80394593754855	233.75	253.4065775950668	225.80394593754855	172.53788745307958	162.64149814407375	165.25818335373984	196.2396078191457	215.0749508045652	215.48743830752275	237.63608897500842	253.0737038896695	248.80714285714285	242.25	253.13684377146407	254.94128601527152	254.77797916267136	254.84960204081634	252.04649541954686
236.18440411172838	6.062988144502242	23.409474657272966	254.196262297727	24.16093875213832	249.23076923076923	211.86798423037135	249.23076923076923	219.54545475288222	199.29245198387127	233.71192873666521	249.23076923076923	233.75	190.93403342362421	200.680473495	159.375	211.88151867840145	166.4977728285078	166.49777282850778	201.20882858228677	248.02823518982856	248.02823518883122	224.999999989819	224.999999989819	118.99999998300001	247.62755102040816	254.65038666567364	254.77797916259357	254.97912546096092	182.46666666779998
44.58542285756991	53.54339394256891	44.587860450080115	32.68141908192078	221.1881876766675	123.75614965920636	178.23735127499998	219.54545463811985	210.40120465614714	173.84558803077033	142.6506972746716	233.75	248.8181818181818	204.0	170.0	170.0	127.68037794274369	211.88151867035631	211.88151867035631	205.57145481036613	238.73561915919834	163.20430599052312	237.8740740740741	232.60135135135135	118.99999998300001	118.99999998300001	241.7295918367347	255.0	253.84981435756745	251.850670188195
51.618158923582286	1.0105037128715821	72.73610073036065	210.85944533052094	178.23735113097945	178.23735116789447	212.37780316945341	210.4012043613304	171.00221046712278	184.84821703125	214.46176166652586	96.23681426310512	106.68277528477736	106.68277528477736	132.33339335148878	191.7333244827528	210.02413484213784	205.31578305238105	205.31578309136367	187.4123476757569	181.58327859155384	211.88151867840145	249.16091001878615	249.16091001819535	239.25503351690352	195.8798882618592	244.1625	255.0	242.87936659450943	251.85067018798946
40.1449224757213	176.4931429632772	253.9767734859039	178.23735102	178.23735110500002	178.23735111252194	178.23735113455692	200.01809964985026	169.57782977605723	171.00221065220265	220.1770338946926	184.11929211310135	119.64968152866243	106.68277528477736	173.56441032806615	214.68095981066477	214.68095981066477	164.63739685917298	220.5851205434338	181.58327853526262	240.32504346384547	255.0	188.3833100273206	107.57693860302297	214.6610169239529	214.6610169462712	198.64468864271902	251.59303044647186	242.87936659286507	182.46666666779998
201.22045147484124	164.6783000062283	132.79801467418923	235.3846153846154	235.3846153846154	156.57332678317027	200.01809964985029	200.01809964674504	200.01809966479738	178.23735101999995	166.67917034032092	184.1192921163201	86.0279995816272	119.64968152866243	154.25850149125824	119.64968152866237	237.534795555522	171.13622822787102	68.77433039013553	68.77433039013553	215.2611201706124	238.46541786743515	238.6046511627907	188.3833099907998	240.64205688100705	205.416666663125	153.0	212.92756539235413	248.67296006944446	242.28632478677883
5.4874420960425425	47.16701687711432	61.59523476630912	235.3846153846154	198.4557764193122	186.08927052513167	200.01809964985029	200.01809963771885	200.01809964674504	200.0180994136229	166.67917027705292	86.02799857754741	86.02799846710408	86.02799877521494	154.2585015341361	182.22442462838302	182.22442462838302	174.593356849539	221.8168686834619	221.81686866997975	202.43040326396462	237.5524065067919	237.55240650985286	166.99464588375	128.8977834442588	247.9074268882811	231.8851890421436	233.30729166666666	248.0407020766339	254.53940625
2.4706752801448033	30.64236838616847	247.67136083028888	186.0892707540482	186.08927066430186	186.08927064011823	186.08927062205782	200.01809964985026	200.01809964985029	200.0180994136229	93.49999991585	86.02799756732523	86.02799888379042	86.027998928969	86.02799937697083	136.67932547612492	136.67932547612492	113.29869418593415	188.9158785052199	221.81686865980308	221.81686865829397	105.9458373947221	104.07063420211696	104.07063433344416	222.83239161368175	128.89778334882095	246.738	231.37996219281663	248.67296006944446	254.949848874229
0.03510685713499129	48.738431440417145	235.3846153846154	91.33890667777152	201.8661993465279	186.0892706280264	137.15809363600292	137.1580935191319	186.08927055606267	186.08927069116817	93.49999991585	77.40209033377539	205.29143435232794	205.2914343925163	106.98418765320403	106.98418811784222	106.98418813660996	106.9841876532034	106.98418855824067	155.04505043922217	154.58198345348694	154.58198346845208	154.58198345348694	154.58198350321047	154.5819836003929	227.8	233.30729166666666	245.2227027027027	244.99315956221199	254.94593998234774
201.22045147484124	194.2674012294443	222.0369719422112	155.65596279056598	137.4154498232051	137.41544968358897	201.86619904478775	201.8661990415468	201.86619904478775	201.86619904478775	201.86619906885218	137.30769218999998	106.25	106.77769653974636	119.0044434755807	119.004443464416	142.14959081320268	106.98418811784222	106.9841871224377	106.98418795742049	154.58198338860814	154.58198340248168	154.58198347511322	154.58198352569843	154.58198351836575	234.73972602739727	225.88341346153845	23.472859258009237	124.44	250.79799677346526
27.130852961737986	222.0369719422112	100.41801648163428	100.41801648163428	137.41544972564537	137.41544973966415	137.41544973966415	137.41544974090453	201.8661990415468	201.86619900696724	234.6	107.77568139329088	107.77568139329088	151.31901104795355	151.31901133376738	106.7776965343152	71.23695253940281	94.46594479556344	123.16219026976452	209.32835820895522	194.49152544021115	154.58198310752596	154.58198346845208	154.58198348592637	154.58198351836575	180.625	186.58536585365852	166.3497239729562	223.97081537713407	107.93023255813952
247.84466381200207	203.68556874069378	100.41801648163428	100.41801651407366	100.4180166460406	100.41801689247401	137.4154497012944	137.41544976770172	120.0480368434807	76.05555890942463	106.36587960409491	140.9605331234972	116.68791524121241	103.68098866623265	103.68098895204642	127.5	118.74241622372699	85.93526404409926	209.32835821236355	78.61660065135425	78.61660084090906	117.58455023229828	117.5845502590955	154.5819833539594	154.58198360039285	178.22580643790326	177.39130434782606	212.7390209134517	250.79799677346526	80.14285714285714
247.84466381200207	203.68556874050307	100.4180163996071	100.41801652488675	100.41801653154789	100.41801653154792	100.41801659751832	189.19129091943176	221.14053054553818	99.45738512955148	99.910715727459	106.04001087315072	122.76649052193446	70.24952385815368	70.24952374778763	127.5	70.24952374998333	70.24952369584605	70.24952367705663	135.99555653558397	117.58455029870561	117.58455027229888	117.58455026033585	117.58455027435463	117.58455017679489	209.1	177.39130434782606	186.58536585365852	12.773044689726078	2.2296276162746267
203.68556895391401	203.6855687211468	203.6855687532368	100.41801647430157	100.41801654651306	100.41801654651306	100.41801661139183	151.98450845699625	140.99709168535156	140.99709168024452	100.87557391041727	0.0	70.24952352394422	145.8729146891776	145.87291466794477	209.54562203423401	209.54562206849022	135.99555652441933	186.60681591200367	76.87225356996672	204.0	66.41165443684355	117.58455031641103	66.3927165098711	187.0	180.625	163.66109332222845	152.48098887049963	0.09425635904631235	41.018866618270096
203.68556895391401	203.68556872776935	203.68556877978776	154.81981194024922	100.41801649678953	202.8074074361022	144.40378108305407	151.98450848230829	140.997091677483	102.66314776622559	91.20133690567161	140.99709164697202	140.99709166938004	140.99709169322009	189.19129093199567	186.7287014510791	186.72870145121658	114.20078158275984	186.60681588761983	76.87225359418127	66.4116540799244	54.981900586377094	54.98190035014974	54.981900586377066	54.98190035014974	175.3125	94.99424144864417	59.28675747115935	245.21147220982422	0.0
203.6855687211468	203.68556874069378	203.68556870256197	202.8074074308607	202.8074074361022	202.8074074409716	202.80740746119335	147.98446729971667	85.89680039187351	88.20431658293188	91.20133690567161	91.20133690567161	140.997091728024	140.99709168892804	141.3905174283307	141.3905174379932	141.390517434833	114.20078163349834	141.39051753540485	88.32082972294708	54.981900335202624	54.98190035325496	54.98190036228118	54.981900350149715	54.98190035014974	175.3125	94.99424143016324	109.46614450010648	135.53676829636032	12.773044689726078
203.68556872776935	203.68556874050307	203.6855687532368	48.26781203322804	202.80740737174082	202.80740746244877	202.8074072254634	144.40378104240986	81.63655706034913	147.98446729971667	147.9844672908951	147.98446734944412	147.9844673213555	147.9844673213555	147.9844672932669	91.20133690567161	141.3905174140209	141.39051743096428	141.39051743096428	88.32082965967905	54.981900335202624	54.98190035325496	54.981900236693974	54.98190035014974	54.98190035014974	94.99424142021834	94.99424141781807	143.54236289614025	56.39415899309108	143.63957901917178
160.36885391609667	203.6855687211468	203.68556870256197	91.30116214391177	48.26781180431158	48.267811874670144	105.17154182237533	78.12322646314797	77.8584361508245	79.45281904691595	147.98446734944412	147.9844673494441	147.9844672942723	147.98446734944412	147.9844673119154	147.9844672370897	88.20431658293188	147.9844673472016	141.3905174478375	130.78381339072064	54.98190035014974	54.98190035014974	115.08066843767966	117.284260165956	155.47681147249148	43.64195790399651	51.0	51.0	0.1069519755820636	253.71875677625346
247.67136083028888	166.88213328978782	203.68556874050307	91.30116208594768	91.30116211121592	48.26781186617356	48.26781189710451	69.3630382052643	75.81510386346864	50.35830164016966	50.35830137286851	50.35830153020257	147.984467278444	147.98446728207358	147.98446734851154	147.98446729971667	147.98446732411412	147.9844673472016	147.9844672932669	158.97874799431216	158.9787477879994	179.9210662548113	158.97874783645693	146.81266251300656	132.88840838813314	157.48733978256283	51.0	51.0	64.06165156763444	8.629038483830954
84.91559138168168	24.712053314999963	44.60132369552284	203.68556877978776	91.30116206480812	91.30116211146128	48.26781189348836	48.26781185407657	48.267811884079265	81.76161389999999	50.35830143074273	50.358301422804516	112.17560493469531	146.19464365918486	147.9844673494441	147.98446734851154	147.9844673213555	147.9844672932669	158.97874765693535	158.97874770627607	158.97874770627607	158.9787477062761	119.4728761127266	119.472876165	119.47287616809913	81.16257411904058	157.48733978256283	242.64247046514924	244.6959440111755	77.28646016805646
84.91559138168168	24.712053392938373	24.71205331499999	24.71205331499999	44.60132358417587	91.3011620952361	91.30116204366854	121.14727231295626	121.14727236371547	54.054621505300474	54.05462151524691	54.0546216078811	50.35830152932391	112.1756048415944	107.44781298556475	107.44781300303569	146.19464365472572	158.97874770627607	158.97874765693535	158.97874764118566	158.97874758168672	151.20035194273365	119.47287616499997	119.47287614964162	81.16257405239091	81.16257405476344	140.10294706507483	103.75688966767717	224.36375982302704	238.10356980485233
57.00451224450569	160.36885391609667	24.712053337565862	24.71205331910832	24.712053569999966	56.02979374815186	43.11848132159855	43.118481329643686	91.30116204656039	38.90892331996545	38.90892343300146	38.90892334653694	54.054621666222516	54.054621454265	69.3392675839618	75.99455126791989	158.97874739480721	158.9787475760952	158.9787476381232	151.20035196890686	151.2003520645732	119.47287616499997	119.47287605386788	81.16257404078627	79.23017742061734	79.23017743405833	141.78920337296245	29.111194032130953	208.59355077838606	122.50796565375506
23.641365145726525	84.91559138168168	57.90674862821123	24.71205318218054	49.82839978653095	37.20921758767528	54.78327328606426	54.82499734691228	26.921066246994428	124.52538875971348	124.52538898251717	38.90892326007247	38.908923304686255	38.90892329895655	54.05462141159731	151.20035170892277	151.20035185399456	151.20035192418743	151.20035196890686	151.20035196890686	119.47287591	81.16257405239091	81.16257411904058	79.23017742061734	79.23017743405833	69.94802710171192	37.54600569256246	125.49010572877069	204.44145219406607	226.5102995652303
34.627166852756886	21.940630097621295	82.01756543918532	20.222993288046553	129.19444777909052	34.13937862506566	34.13937866223165	34.139378635795765	34.13937873158778	124.52538900126348	124.52538903819527	124.52538910346024	124.52538908569184	124.52538910487107	124.52538910944003	89.9593036574984	89.95930367443171	89.95930368150411	81.1625740707652	81.16257406673321	81.16257401906608	81.16257404078627	81.16257405476344	81.1625739888924	255.0	25.94767772596174	130.1795741236988	6.602773631655566	233.3305715432578	254.98442152079951
22.084905109412404	27.36547678241695	255.0	0.0	0.0	29.20324528899195	34.139378602827065	34.139378635681595	34.13937865182254	34.13937862386251	34.139378679782595	34.13937863385874	58.04042123387288	89.95930365023523	89.9593036828984	89.95930365758926	67.53314987564406	67.53314982665728	67.53314982665731	67.53314982665728	67.53314981471712	85.46352163795305	85.46352162776381	85.46352148610944	185.3239164562707	25.947677583643525	25.947677551569484	25.828515856265028	0.25288560141984817	6.602773631655566
10.128651216780952	7.699961064102723	12.489610924201656	10.062662140590362	25.302399445579	255.0	29.758445128717398	34.24016530082338	129.19444777909052	34.13937864106191	34.13937865182254	34.139378660573044	34.13937865725592	89.95930365749842	89.95930365023523	67.53314975549878	67.53314979756351	67.53314980328142	22.644759041485145	85.46352158676393	85.46352161317063	85.46352153409441	13.10051519620339	82.91372115739233	25.947677562684618	25.947677562684618	25.94767752696606	27.236093356837472	48.87698473322172	0.0
1.0943398691592279	9.915167694773828	10.259018083085465	12.489610924201656	2.6787698547820185	18.097182744643646	12.537951930644226	32.57536585338528	34.24016530082338	32.57536585338528	32.57536585338528	14.214236831995947	34.13937865182254	34.13937865725586	8.19095797599445	98.22993639910536	98.22993656628282	85.46352160738536	85.46352162637402	39.937665713655775	37.48256684261065	8.185530333365051	7.017645759209984	1.8758060462973276	82.91372115739233	25.947677529339302	25.94767733279764	3.688884154765219	18.361662082509895	0.0
