254.95993721267916	254.74300831777776	254.75907522691634	254.92338519165227	245.54469673999444	254.10554842247595	254.19614145855297	253.22916666666666	163.2	244.8	47.492024752489044	201.875	181.5125280247342	214.2	171.54965757630458	246.5	221.0	230.15753557610162	221.0	220.575	231.8181818181818	233.62633970837368	146.73911238624572	146.73911238624572	248.74875298967797	184.4596831042613	253.8049588952575	254.37260755720808	253.51690736210648	253.95013058467637
254.97369880241143	254.3726043749773	252.59890991319168	246.90476189666666	243.5243327967033	254.1961402334286	231.8181818181818	242.94774797295037	249.701493062962	45.03219831279338	224.42215248279194	147.421875	253.87617311702817	250.3636362213843	219.06818169371127	159.75587390286734	230.03415300546447	242.91837024037696	227.590051457976	212.9208931319929	241.19041681535708	227.81980462604525	235.83766663609035	225.97811266166482	234.48489495107884	240.95365988292747	239.56716889881693	250.352625	254.37260755725725	254.96531405247813
253.59017908051771	254.71666666666667	253.98244216487072	199.92	231.79632520868742	242.94774805040439	250.77947973466738	250.77947846999407	233.4623872373061	248.359375	249.23414717014447	130.91336481435542	32.771153257761114	151.77615932590805	31.200622971601348	134.43790730877234	223.03267425103044	216.45227365833676	221.08824056730492	195.525226316432	219.56963626064496	223.92649903288202	155.0675675780451	229.5	231.21677658381438	239.09048486729597	250.3539741650548	252.02576229412645	254.37260437471207	254.39778257515727
140.2177684328748	250.46666666666667	228.73161711203332	108.32850384890347	188.29092071344695	253.56103356103355	246.651785828125	233.46238721020063	231.85729857153154	163.2	124.73566973566975	222.65090708231924	148.75	220.29064748201438	222.65090708231924	209.5655888854286	189.73070362959643	125.471406400696	213.47432148338766	215.92865089180484	215.54766765545864	239.5048828798408	221.40854750763003	241.8857142857143	229.5	235.735048499434	248.93331838380493	250.35397416541542	254.32555102040817	210.23137480798772
1.011342414230569	225.31098035691525	246.89609529546007	244.70808939663974	27.305236870345908	249.23076923076923	245.01658857689807	93.46153846153848	218.98538990705856	243.3976299826569	0.0	218.07692307692307	148.75000000000003	93.38755667849912	111.5625	201.875	181.28846924833988	88.88084632516706	88.88084632516703	200.21175264971203	221.08824055777905	221.08824055843922	121.15384614836407	250.96153845018273	153.0	233.14285714285714	250.95668454142012	250.35397416378777	250.47849012914764	214.2
169.96724417673767	182.40824423876583	126.4849113139133	252.3010782067613	184.2629204831935	0.0	56.57143124999999	218.98538965929345	209.73372795289885	237.29706023405592	104.4114454004301	233.75	190.4	102.0	204.0	153.0	23.03669029628665	181.2884691954601	181.2884691954601	215.69682691018681	189.86995276500892	255.0	223.26666666666668	249.8310810810811	229.5	229.5	255.0	170.3868912152936	251.05096296296296	204.2098291296338
254.78692907628846	90.89484856199587	160.4620876523013	152.27139137912008	56.57143117793993	56.57143117793993	211.71803185941212	209.7337278637175	236.5744871809016	233.5604791125	113.14138915514471	15.047775418230515	17.516396272005494	17.516396272005522	96.12480775434562	174.41721322555216	219.23066448962985	220.55162555380076	220.55162555107535	189.25385383662308	212.03069738645462	181.28846924833988	155.92407141694895	155.9240714165371	213.58389258161344	106.84357541750217	219.3	132.78106508875737	169.28980663642875	204.20982912368035
3.5099523785726205	179.49359557919456	234.3306469071706	56.5714311225	56.57143116500001	56.571431122567446	56.57143120250862	199.23926391246349	236.20994753097474	236.57448694056797	220.1770338946926	228.53259203886267	84.8195329087049	17.516396272005522	102.46634199467582	161.8871652437	208.44358262185	147.8899724520083	161.30701732826242	212.0306972685147	168.8151806280036	78.46153846153845	86.22308179352865	255.0	116.6949152159983	116.69491525423729	220.90659340821176	117.68820084513564	169.28980663067938	252.45
1.1975378069390388	141.80186548151391	76.80777539026147	58.84615384615387	58.84615384615384	232.85780693054096	199.23926391246349	199.23926354492465	199.23926347950794	56.57143124999999	157.00172225134662	228.532592004885	12.795344971363534	84.81953290870487	198.25735943225774	84.8195329087049	164.82807856537454	172.0248433248429	174.3619196689565	93.72383933791295	197.17143562730914	72.01729106628241	212.4418604651163	86.22308188027841	86.2209135184732	116.875	229.5	220.62374245472836	192.744140625	175.3125
254.22331618658734	149.7558909766815	4.177531697722316	235.3846153846154	197.50178962797062	76.86834869678364	199.23926352689648	199.23926357763304	199.23926354492465	199.23926373068238	157.00172224574237	12.7953457995132	12.795345762919027	12.795345395208585	198.2573593264634	211.10326300595744	211.10326300595744	169.92524694023143	169.47240199079965	169.47240201420874	159.58773664140898	121.2351165520711	121.23511655308766	80.21934157875	130.1832987844445	102.11120249411857	114.63059313215399	155.390625	150.85495619482396	250.002
2.801054563067197	7.279842266412317	120.63919940618567	76.86834869678364	76.86834864864738	76.86834867179687	76.86834867378178	199.2392627557624	199.23926333411293	199.23926322833347	140.250000014025	12.795345738977261	12.795345346233063	12.795345748980594	12.795345738976948	95.76942568787001	95.76942568787001	79.30752272421768	165.0444554153599	169.47240194343877	169.4724019581521	107.04831687345609	105.24196369299415	105.24196367036387	100.53734713615177	130.18329899469532	122.80799999999999	71.70368620037806	118.22387695312503	252.54487268327395
205.5238711275561	242.30779987373023	235.3846153846154	148.735254891581	201.8661993465279	76.868348633663	220.73842143303133	220.7384214593106	76.86834866228082	76.86834881751298	140.250000014025	11.534610442339925	130.08527787244424	130.08527788731965	73.92271015502422	73.92271084632642	73.92271112183658	73.92271160524274	73.92271073074639	161.70330325227178	57.450972040219256	57.450972002302564	57.450972093731565	57.45097208569405	57.450972020809616	75.83030303030304	86.66015624999997	103.96444444444444	103.86712749615972	252.02576229412645
172.2250082088957	21.50232235869504	42.40528844360006	17.22864807885489	209.0666605193031	209.06666059163246	201.86619904478775	201.8661990415468	201.86619904478775	201.86619904478775	201.86619906885218	63.75	148.75	50.12880970753483	54.11807289091661	54.11807285573474	141.7244343636644	73.9227083270377	73.92271102890689	73.9227103652282	57.45097196259442	57.45097199304911	57.45097203041928	57.45097211626586	57.450972010819356	74.94396014943959	75.19230769230768	110.06581692653515	199.92	193.63292126930145
229.17370783322613	222.0369719422112	197.5490279891807	197.5490279891807	209.06666042565013	209.06666043112648	209.06666043112648	209.06666041474278	201.8661990415468	201.86619900696724	142.79999999999998	93.72383937307688	140.9605332114484	187.29577305656386	187.29577282124365	50.12880973350559	10.539814904708123	64.4294910723412	195.3367793596111	79.92537313432837	47.54237286377477	57.45097202080959	57.45097200230259	57.45097199876312	57.4509720108193	95.625	181.7479674796748	209.28823174833508	252.56883534422641	107.93023255813952
120.72361422467131	28.240369389527643	197.54902798918064	197.54902800123688	197.54902797919044	197.5490279791904	209.06666045435287	209.06666044207907	48.43567764252737	113.14138915514471	106.85932910668353	57.47784929317484	116.39518576530455	67.70422717875635	67.70422694343614	215.22259966043086	118.00832925645787	58.23064019090137	79.92537312836379	79.61124408828908	79.61124398863632	45.93333955792093	45.933339585257215	57.45097202080956	57.45097202080956	65.80645161290326	38.80434782608694	101.40168585269382	193.63292126930145	80.14285714285714
120.72361422467131	28.24036935081861	197.54902797919044	197.54902796958072	197.54902799769738	197.54902799769744	197.5490280069509	85.00346569491339	113.91063488374635	99.26645008420769	99.76197351477381	111.44773415560013	62.48025312703518	45.96224807494312	45.962247937704944	215.22259964143456	45.96224791653677	45.962247862399664	45.96224748784971	200.88192714426526	45.93333954564713	45.93333957205385	45.93333956887352	45.933339574349844	45.9333394806969	71.4	38.80434782608694	181.7479674796748	12.773044689726078	108.39038691803475
28.24036914114933	28.24036940028509	28.24036947036771	197.54902788373414	197.54902790626844	197.54902795978074	197.54902803740558	82.71907300907691	70.4881958131399	70.48819581938812	92.27022052224171	88.77123324384903	45.962247693707525	101.1344241680703	101.13442414104989	91.8689659683848	91.86896593204881	200.8819271090834	59.27165446608345	101.82718811450519	46.363636363636346	67.30116391693065	45.933339408367544	67.31436293267592	45.333333333333314	47.8125	106.26474510841899	154.08110340284514	0.4948916900226834	13.330879257182346
203.68556895391401	28.24036923126951	28.240369368012608	153.66218338819027	197.54902791430595	84.85992465208011	76.00186573934451	82.71907301200986	70.48819580040481	61.06211464643181	0.0	70.48819584658509	70.48819581726141	70.48819586107544	85.00346573505908	80.2919780441645	80.29197804061576	148.79149030575675	59.271654525634034	101.82718806039139	67.30116398254157	55.76073626931762	55.76073666588701	55.7607367716665	55.76073724423762	42.49999999999997	36.5581561143874	111.65642725413434	243.91727859046458	0.0
203.6855687211468	203.68556874069378	28.24036939066832	84.85992469635244	84.85992465208011	84.85992467991318	84.85992464703469	84.18538008181295	86.00300903266009	97.43948926410053	0.0	90.88935871319453	70.48819584658509	70.48819582703595	112.85638844420819	112.85638845399555	112.85638846693811	148.79149030598987	112.85638851239801	97.99827775425766	55.76073652049206	55.76073645507532	55.76073642236699	55.76073647310352	55.76073666588704	42.5	36.55815606810825	26.320969811208556	51.377396260171196	221.29466968959895
203.68556872776935	203.68556874050307	203.6855687532368	76.86834869678364	84.85992465208011	84.859924737966	84.85992484479425	76.00186576626874	81.61135757607173	84.18537999773184	84.18538002569176	84.18538000430252	84.18538003672441	84.18538003672441	84.18538002074541	0.0	112.85638845253962	112.85638847373852	112.85638847373852	97.99827774865335	55.76073652049209	55.760736455075346	55.76073642236699	55.76073647310355	55.760736087536515	36.558156103447885	36.55815606335727	249.63456987858703	52.37908801807171	197.09599337999805
18.523745751178723	203.6855687211468	203.68556870256197	33.970578274329256	76.86834869678364	76.86834881751298	118.46248729205203	78.4086777062818	77.40683232220962	79.38408020547399	84.18537990750056	84.18537990750056	84.18538001855069	84.18538010110447	84.18538002569176	84.18538003718828	97.43948926410053	84.18538010303467	112.85638842483067	24.99631542116208	55.760736087536515	55.760736376711776	35.354023881044014	25.146106171434468	31.134109439487986	44.36117547080008	102.0	51.0	10.507889396725346	49.91609111780261
5.079067937768031	166.88213328978782	203.68556874050307	33.97057811094041	33.97057814505803	76.86834867378178	76.86834866228082	69.31097635158838	77.13009552021077	6.7791408685400825	6.779140378697662	6.779140550948711	84.18537999746326	84.18538001161104	84.18538002549028	84.18538003977241	84.18538005365161	84.18538010303467	84.18538006914639	40.83220574095381	40.83220546520039	33.228069350313774	40.8322056158286	38.625324945374985	26.610799454988467	152.09197823830402	101.99999999999997	51.0	158.82942727054603	109.68656380318882
163.41933966788224	56.57143124999999	85.01075034504274	203.68556877978776	33.97057816211688	33.97057817162272	76.86834864864738	76.86834867179687	76.868348633663	34.163521979999985	6.779140470848574	6.7791403893867255	94.21692419410135	91.90565383411018	84.18538000430249	84.18538002549028	84.18538003672444	84.18538002074541	40.83220545720073	40.832205485647734	40.83220548564768	40.83220548564776	19.308782038136854	19.308782070000007	19.308782038136854	30.959623473118512	152.09197823830402	4.333813239552171	7.726427325836255	171.2119027445571
0.1316384024820536	56.57143117793993	56.57143116500001	56.5714311225	85.01075030400375	33.970578120269465	33.97057809520953	63.545049324478896	63.54504934840253	34.87087939095241	34.87087938520176	34.87087944728657	6.779140490401915	94.21692415253716	82.90907382333222	82.909073795746	91.90565380942806	40.832205485647734	40.832205457200786	40.83220548564776	40.83220548919962	22.085523134125282	19.308782070000007	19.308782038136826	30.959623416422374	30.959623405088962	85.74827458338453	1.4397609417177364	255.0	251.09773191080097
121.15163272382838	18.523745751178723	56.571431122567446	56.57143117793993	56.57143124999999	56.35745938409704	73.71153075166015	73.7115308045399	33.970577966209646	5.1591446960264875	5.159144746591892	5.159144919520969	34.87087943633611	34.870879417781794	69.33227017744485	73.56809937354714	40.83220514144887	40.83220535546687	40.832205465200445	22.085523195034654	22.085523407519105	19.308782070000007	19.308781935777432	30.959623399757334	10.994849581363127	10.99484950794377	77.29153778670101	0.4028932333776254	117.34921522900441	138.76453692722265
12.428065240033305	0.1316384024820536	2.8530464607342196	56.57143120250862	49.83087781785375	53.273374844219745	47.67511866527809	54.79241974799828	57.47784929317484	119.00911140581064	119.0091114034617	5.159144804234927	5.159144794136694	5.15914494358131	34.87087925039768	22.085523065042594	22.085523121163334	22.085523216615258	22.085523195034597	22.085523195034654	19.308782070000007	13.677418935710364	13.677418887864206	10.994849581363127	10.99484950794377	69.94802710171192	37.54600569256246	24.135555600111303	168.7223355389067	253.04262857092527
157.21032663105916	1.4511191847293219	80.34473943220732	96.00614652392849	129.19444777909052	13.828282497814257	13.828282497814229	13.828282497142425	13.828282495798817	119.0091112583342	119.00911140581064	119.0091114034617	119.009111362488	119.00911134701724	119.00911134082659	12.903815491161453	12.903815397591387	12.903815387991841	13.67741918307621	13.67741895203801	13.677418959633428	13.677418931258671	13.677418889700078	13.677418889700078	6.562921269940745	25.94767772596174	122.88526471473514	15.5639372242822	230.51941403628632	202.14628006029017
16.102765160686914	47.10353266366175	20.548416842969345	21.50232235869504	17.22864807885489	157.65802098999836	13.828282503860578	13.828282522308342	13.828282490026396	13.828282459495085	13.828282520557735	13.828282519390655	148.8355049372947	12.903815387991841	12.903815350806354	12.903815389046656	16.79294900166647	16.792949015802208	16.792948997049223	16.792948987672702	16.792948889186903	13.81231093794824	13.812310936301486	13.812310942888473	114.8177353377092	25.947677583643525	25.947677551569484	6.846154386468413	229.7907360031211	6.602773631655566
10.145180153763192	10.079824177253272	12.323445877814322	21.742031287779838	25.28912253695242	20.548416842969345	30.230582513960883	20.548416842969345	96.27562641868838	13.828282522308399	13.828282490026396	13.828282497142425	13.828282495798817	12.903815347162976	12.903815325454048	16.79294895583817	16.792949014462863	16.79294897270421	23.039629580620925	13.812310912925682	13.812310912925625	13.812310837996478	13.10051519620339	82.91372115739233	25.947677562684618	25.947677562684618	25.94767752696606	72.04480593444131	204.47613946587467	0.0
1.0839598344171293	10.116728996484397	10.148486736187465	11.269621475881195	48.635636238366715	14.039459378276007	85.46758721613247	32.57536585338528	20.548416842969345	42.768578068619036	32.57536585338528	114.8177353377092	13.828282490026396	13.828282495798817	85.74827458338453	53.792655790764	53.79265590530355	13.812310933007979	13.812310912925682	4.581176273566285	4.258839687263361	0.9724626355313717	6.750581826472853	0.21518073622831935	191.9817856261043	25.947677529339302	25.94767733279764	89.59316725587618	95.12940955674526	255.0
