254.7680107691119	253.8436554037037	156.3933215835943	242.75407877604167	228.55313697319448	221.63560869891828	197.22670885163296	94.69298245614033	0.0	250.46666666666667	216.7696628532247	37.946428571428584	148.02999638710537	236.86666666666667	218.51899378381574	234.6	231.2	69.27546768814136	231.2	74.67857142857142	227.1818181818182	249.79432368191613	232.47384560480594	232.47384560480594	246.38365021832024	248.30483292425805	252.80818106291156	189.26613478664564	250.2887486622028	254.66153414762513
254.99182528159542	164.83008564707143	253.7397869676337	237.82828283	237.05461206593407	197.22670991191222	227.1818181818182	211.06417768850466	197.77173656688777	210.95247794162793	211.4944926174926	107.43055548000001	56.44703202705767	219.06818169371127	212.11363624311724	207.8323336466587	54.46038251366116	132.23744183022967	81.93825042881647	211.61652149857775	235.0421590099428	223.16046023612304	242.48092579160053	233.45453364168387	235.00539434120046	240.94276719084627	246.38027463137806	127.48698979591836	189.26613479574712	253.9232187484644
254.9817737299516	253.368	243.99187404621193	0.0	0.0	211.064177840328	161.43732540009648	161.43732458597293	189.27991005649363	69.0625	0.8474451110710959	89.25514176819777	183.23113913393632	118.63681908024435	177.09921968184773	185.97335272083578	69.44302834232022	111.15116755428105	92.92643641521175	211.59928139510615	220.4012805991761	222.44680851063828	206.7567567707268	250.7499999915	231.61176063324407	239.17191434361405	151.71527932974328	137.48405468867088	207.0978422306936	254.70394548544718
140.2177684328748	252.77866666666668	231.79632520868742	230.93871888866016	150.7526790063538	124.73566973566975	169.03409081249998	189.27991000807532	190.25880733936668	0.0	47.78883278883279	105.74344501406799	21.25	71.42096608427545	105.74344501406799	188.82758970749774	223.31653253572753	175.8795501643313	234.84232160970444	214.10522586332087	215.19260107953392	233.12019540735477	228.577621288633	213.78367346938776	250.7499999915	220.50996943533536	173.3940133136324	151.71527931913442	248.3380957934194	254.67689432123655
180.49029923352117	44.86160177194333	217.7314024242	215.8970257057761	191.13798730265924	93.46153846153848	154.56116272960065	33.46153846153845	161.57024802421674	149.40251062821352	136.10041138515055	65.7692307692308	21.25	61.066451334623224	77.91666677999999	37.946428571428584	238.6071141877596	179.27616926503342	179.2761692650334	200.4480505340839	92.92643636159943	92.92643637014498	219.23076920931084	229.94505493959525	212.500000017	209.20408163265307	192.24019970414201	151.71527930081749	252.18385108482707	247.9166666712
254.217207768334	0.17778382018059347	28.900128181028634	248.67778189075648	236.5100247306916	120.75808965853332	0.0	161.57024793975955	146.06456951396234	113.17249293330602	253.07133094454957	42.5	51.00000000000003	0.0	221.0	187.0	145.2242676236412	238.60711411181077	238.60711411181077	203.54817233468503	165.60153012737564	242.92728708474317	88.7777777777778	241.21621621621622	218.571428586	218.571428586	220.6530612244898	254.0714610832954	146.64773662551443	254.31714586828573
122.72667852827564	27.487811776394807	254.20884245080512	255.0	0.0	0.0	146.69148769123416	146.06456947909015	109.51594320333479	126.53651788125	13.843390520179213	112.70647511751514	123.67103900586815	123.67103900586815	142.8433886250591	103.87484021602094	130.72790529047438	181.2239766921412	181.22397671129156	188.12338899337493	218.63812082832857	238.6071141877596	145.04663782883682	145.0466378230651	222.82550331831786	227.04259776219214	238.17	248.96449704142012	251.30530357312009	254.3171458679562
4.419853298542904	51.99499317482113	231.9949747827424	0.0	0.0	0.0	0.0	130.00347238254443	107.70519244554609	109.51594352389287	30.409637072258334	148.61639044167748	130.1167728237792	123.67103900586815	74.7655760985775	177.0962131565541	182.87510831578982	167.53329161608798	40.56594418581321	218.63812081454162	179.64184823902525	215.76923076923077	223.8187996297748	235.6113312960353	238.43220338133295	238.43220338694914	232.64913658088022	239.89336787199733	251.3053035727673	249.7959183636
78.83827681885765	240.89324561341067	73.00519675106477	19.61538461538464	19.615384615384613	91.36393172335852	130.00347180419385	130.0034723717515	130.00347249651676	0.0	110.43232220709547	148.61639038826485	101.83241476496801	130.1167728237792	56.497573203826164	130.11677282377917	67.28227127015415	168.72070550220099	158.61905933014486	150.89668592843498	152.480912662204	87.44956772334294	118.25581395348837	223.81879963178523	216.2482045379739	236.40625	233.7500000085	242.42957746478874	239.18470594618054	252.3182091346154
69.1657053487946	2.5426194928480186	4.591267192320629	58.84615384615387	112.40527535984714	7.957619221915365	130.0034723825444	130.0034723093689	130.0034723717515	130.00347224534232	110.43232220521156	101.83241474694208	101.83241526553945	101.8324150129119	56.49757331714716	176.47291325421062	176.47291325421062	170.59778684988044	54.180473257451894	54.18047330531459	189.48931386658862	111.31393593828611	111.31393594991039	213.03258481875	207.5717793479087	154.43587781879387	207.82691640725807	215.04557291666666	234.7105016833943	253.88922
87.76928250873644	113.38406304323078	190.0374214309038	7.957619221915365	7.95761931294922	7.957619278776036	7.957619295839606	130.00347180419388	130.00347209336914	130.00347224534227	40.07142861550713	101.83241486837798	101.83241484885312	101.83241515460537	101.83241523030728	143.503976766583	143.503976766583	123.69174220304387	49.11977590850077	54.1804732094524	54.18047323563451	181.22958145912904	185.0395291502902	185.03952933238637	248.54673820307625	207.57177923093104	201.042	201.85491493383742	233.646240234375	119.65235195468813
218.24221031826556	254.13665261719314	58.84615384615384	6.8353554814729875	20.20053371559115	7.957619261689416	80.16764513063205	80.16764525472999	7.957619332801727	7.957619309846791	40.07142861550713	91.76448025096667	120.19437453064057	120.19437452959252	117.26867416641096	117.26867459971706	117.26867416641068	117.2686741664103	117.26867382280707	158.8595226044285	202.12782296520345	202.12782293616775	202.1278230187158	202.1278229904378	202.12782291913578	145.37575757575758	206.19140625	181.8703903903904	181.70014880952382	137.48405468867088
37.42943886822411	103.19355321156286	13.619868011328208	23.03024490733773	80.13923079500566	80.13923081740714	20.200533413851048	20.200533561480455	20.200533615011125	20.20053371559115	20.2005336166215	42.50000008500001	21.25	118.25806141474521	95.05681470766797	95.05681469565934	141.1089261300209	117.2686733400727	117.26867362971353	117.26867449987202	202.12782293388182	202.12782294468377	202.127822975644	202.12782294468377	202.1278229965251	119.84682440846822	144.15264423076923	245.34863590674888	0.0	5.915597588826927
45.77682358138915	42.40528844360006	52.87217711049959	52.87217711049959	80.13923078874382	80.13923071838562	80.13923071838562	80.1392307304989	20.2005336270025	20.200533623542213	30.599999999999966	123.31856626171214	161.8871652522563	144.7554134113691	144.75541357436353	118.2580614569176	84.6301721852792	104.03520292193548	215.51873051162187	72.31343283582086	155.5932203521689	202.1278226727023	202.12782293616777	202.12782295410813	202.1278228895004	154.0625	67.03252032520328	224.5936169642667	124.24651032328526	107.93023255813952
190.17039623937848	8.731528031414541	52.87217700347492	52.872177045891874	52.87217708086425	52.87217732729766	80.13923077010898	80.1392307600805	30.69624992476713	13.843390520179213	106.22481813108593	0.0	116.37086048567966	110.24458642563647	110.24458658863091	137.25442073134028	118.19473574422017	94.8648218917258	72.31343284945422	156.77195672342503	156.7719568125	174.86076923991953	174.8607692695011	202.12782291913575	202.12782316556923	145.32258063145161	138.58695652173913	167.15282553226234	5.915597588826927	80.14285714285714
190.17039623937848	8.73152804552069	52.87217708086425	52.87217702435598	52.8721770638322	52.872177063832254	52.87217705531623	25.909530942661092	21.55494761687791	100.2529990933991	100.05410981194237	0.0	43.125549004837524	78.44793776331298	78.44793747392592	137.25442068186766	78.4479376242895	78.44793762428952	78.44793707457171	159.94318530434063	174.860769229891	174.86076925629774	174.86076928161438	174.86076921125618	174.86076920499437	137.7	138.58695652173913	67.03252032520328	221.29466968959895	252.34921078511826
8.731527656174563	8.731527937604568	8.731528106632453	52.87217705531623	52.87217698128421	52.87217703479655	52.872177066118184	11.284807693924591	12.19774721299612	12.19774724036543	92.3334780948434	87.95157045036524	78.4479376800922	70.68515208006696	70.68515208435767	89.83859427344268	89.83859431268715	159.94318529233203	53.20029300857499	122.30087770997145	78.81818181818181	141.1109595920127	174.86076918259286	144.2601186105868	96.33333333333334	143.4375	248.16464451852698	6.348122327200258	251.88076101355185	61.36985660050672
28.24036914114933	8.731527857851972	8.731528219034516	73.19225182909892	52.87217700956222	14.05643554320855	13.22726079885058	11.284807716437086	12.197747196237827	93.18370675941995	80.88657374489713	12.197747204144605	12.197747206083164	12.19774726495487	25.9095309675171	89.71813657362677	89.71813659552757	77.457794890824	53.20029307498905	122.30087763931058	141.1109596507361	124.99652775465765	124.99652790663083	124.99652775465768	124.99652819580615	90.3125	186.0892707540482	11.036877651581534	24.760368666179716	0.0
28.24036940028509	28.240369389527643	8.731528023705607	14.056435562108334	14.056435543208579	14.056435559385278	14.056435553939195	18.99741319719641	85.83274542158739	87.89708904445689	80.88657374489713	85.7420946814324	12.197747285196641	12.197747205436968	69.30699592016703	69.30699590267616	69.3069959016058	77.45779486206635	69.30699603961799	144.56767779478844	124.99652775465765	124.99652762824849	124.99652769063113	124.9965276174556	124.9965276174556	90.31250000000003	186.08927066430186	40.337244585911264	85.63719151544902	248.62582479382831
28.24036923126951	28.24036935081861	28.24036947036771	7.957619221915365	14.056435543208522	14.056435536112929	14.056435537600919	13.227260794312087	81.01422254887777	18.997413197196465	18.997413198762416	18.9974131480393	18.997413192834387	18.997413192834387	18.99741323762953	80.88657374489713	69.30699590956701	69.30699589923077	69.30699591824575	144.56767779290453	124.99652750348326	124.99652762824849	124.99652769063113	124.99652761745557	124.99652819580615	186.08927062205782	186.08927064011823	48.41626248405893	53.40507026741952	200.55605856513972
87.91144043345099	28.24036940028509	28.24036939066832	21.52921327435797	7.957619221915365	7.957619309846791	82.194350033393	78.29692990394716	77.3657327074429	78.28431982765272	18.997413051237345	18.997413244841198	18.99741318087419	18.997413244841226	18.997413219782658	18.997413230417777	87.89708904445689	18.997413297599792	69.3069958644833	95.78715872564749	124.99652761745557	124.9965276174556	87.76441188730556	86.33335393728197	69.96046091508899	119.25967668097965	0.0	51.0	12.23012641980472	34.445693058894136
228.38343534127276	124.36046747174288	28.24036935081861	21.529213309395175	21.529213266710713	7.957619295839606	7.957619332801727	71.47709520034596	76.23585181628266	61.19699501750685	61.19699494471237	61.19699457462144	18.997413147406377	18.997413200328424	18.99741320346044	18.997413239237005	18.997413200328452	18.997413297599792	18.997413237629473	36.342766256699605	36.34276597830751	58.36161540657767	36.342766147716816	82.05058541728434	59.79627581153014	48.1583967987535	0.0	51.0	22.238733179389072	240.59879354807882
205.89625858704557	0.0	2.806721110289743	28.240369368012608	21.529213304410348	21.529213266705995	7.95761931294922	7.957619278776036	7.957619261689416	22.21791310499998	61.19699465412768	61.19699456408759	44.21351605777099	31.09093833684136	18.99741314803927	18.997413203460468	18.997413192834358	18.99741323762953	36.34276597118739	36.34276601753592	36.342766017535894	36.34276601753595	46.016296440949844	46.01629640500002	46.016296440949844	61.0467700418414	48.1583967987535	113.30072630731627	169.20846037799663	7.014447257297803
239.08100158428996	0.0	0.0	0.0	2.8067210382068595	21.529213262880035	21.529213181341788	99.71050696779218	99.71050696005057	60.681122805636335	60.68112278981724	60.68112288058245	61.19699458858295	44.213516184571546	17.025773843411145	17.02577387550093	31.090938369593715	36.342766017535894	36.34276597118739	36.342765952445546	36.34276599966799	40.133156510652015	46.016296447500025	46.016296440949816	61.04677008029577	61.04677005780178	238.4120983124766	101.6354808587763	46.664896784925844	199.4518668682523
0.29554791942459246	87.91144043345099	0.0	0.0	0.0	56.00595387099165	16.392885812240365	16.392885888189255	21.52921325140207	47.50011043351773	47.50011025075099	47.50011042368004	60.68112277590555	60.68112272135963	69.26591095581398	79.19540727730484	36.34276565719463	36.34276588735503	36.34276597830751	40.13315654544411	40.13315646354394	46.01629632000001	46.016296239444245	61.04677009120283	52.22487923624803	52.224879243404416	35.58829175712836	74.23067814129095	243.33932672391785	155.5318472788109
120.77111913672243	239.08100158428996	43.22553916160251	0.0	50.86318440550417	63.58809709791427	53.936296744405695	56.39059949426576	0.0	31.75995323619452	31.759953246101077	47.50011036603706	47.50011041486496	47.500110407870125	60.68112266508163	40.13315628545999	40.133156487098006	40.13315647924668	40.13315650211342	40.133156480448065	46.01629632000001	54.45416954274279	54.4541696040971	52.22487923624803	52.224879243404416	69.94802710171192	37.54600569256246	116.8494034733121	255.0	152.84146452720807
94.22031412092491	53.012474679126996	2.330990529184561	31.1293849709553	96.27562641868838	39.167437047604835	39.16743704760481	39.16743703331335	39.16743707906221	31.75995309990688	31.75995323619452	31.759953246101077	31.75995322463305	31.759953291509333	31.759953218852218	58.91325992970667	58.91325989279659	58.91325988765098	54.45416972338151	54.45416952413581	54.45416951206565	54.45416952882465	54.45416953820231	54.45416947233127	155.65596279056598	25.94767772596174	193.87358549182335	125.19123819261998	23.7398690489498	0.44562222922937167
252.4992823994239	205.15757614030687	42.768578068619036	103.19355321156286	23.03024490733773	0.04101978511107518	39.16743695323282	39.167437035607236	39.167437035607236	39.16743704056563	39.16743709521268	39.16743704886446	181.71698242193048	58.91325988765098	58.91325987434158	58.91325989246701	47.46693604331193	47.466935977305866	47.466935977305894	47.466935977305866	47.46693596199745	32.91721831244806	32.91721827812171	32.91721823301589	255.0	25.947677583643525	25.947677551569484	128.8546771793016	7.068100505670941	15.5639372242822
10.097345073404398	12.391964673409348	12.534009275536334	20.30910127236686	26.613133527771197	50.852469013865004	29.25325540857139	50.852469013865004	197.41229054437125	39.167437057128524	39.167437035607236	39.167437058090684	39.16743707906221	58.91325992970664	58.91325988765098	47.466935910574364	47.46693594994076	47.46693595395968	69.41706698274473	32.917218302448845	32.91721830244879	32.91721815423466	226.96813904043208	191.9817856261043	25.947677562684618	25.947677562684618	25.94767752696606	142.31733819913933	225.36577355914758	0.0
1.1098442464780476	9.977481621169574	12.426134676372072	12.444244699773833	90.32251369092145	19.33078732987579	128.46619801621193	42.768578068619036	42.768578068619036	39.19820460146647	42.768578068619036	255.0	39.167437035607236	39.16743707906221	238.4120983124766	232.52687782316477	232.5268777373379	32.917218209468984	32.917218302448845	98.64935608484927	94.10876497274987	35.891583134868824	6.9681486463474585	8.254419758477638	0.0	25.947677529339302	25.94767733279764	142.44384167729004	161.4082100811013	0.0
