254.89339286266895	253.8078018874074	254.54508673770917	170.3977966439852	215.09828203119702	132.99385521334136	115.42512002337662	187.8015350877193	214.2	226.66666666666666	246.5141752430957	182.14285714285717	228.19290855899663	199.46666666666667	254.6603569585575	216.75	208.25	224.2479527934029	208.25	233.68928571428572	214.4318181818182	238.868317658658	233.25439651583142	233.25439651583142	252.3295272226714	248.64979028814946	254.34513651426232	254.6130826738406	253.91168264351023	252.96730708089444
254.96410386750713	254.8511620572271	252.16393172112984	237.56410254666667	217.34995774175826	115.42511723927186	214.4318181818182	105.53388656143315	122.37296084385966	243.29213839665954	194.79992003446	213.617580765	208.3467577714148	229.49999986960228	222.54545441900825	253.75222535223452	215.28688524590166	224.32342399778784	225.29373927958832	224.50624178779157	245.6151910079261	227.95863055433853	233.708254256825	195.40807144415612	234.6283070392438	240.96849648405646	228.12510428534625	253.2190331632653	254.6130826738648	254.87142818893489
254.99007371751088	249.2625	232.75461970291641	238.68	255.0	105.53388648860374	85.02196903690228	85.02196809375613	83.37049203492268	152.734375	238.03924760284048	206.0369138693475	228.85590445181265	204.79571312322855	223.71780607631194	252.58115882473803	224.79035452553532	222.328451454322	226.2229282336548	175.16066720192504	220.35495774852131	235.7640232108317	218.2432432465029	240.4285714395	231.84606056686343	240.95664697259218	251.63421563865347	251.50938712551417	254.4393435598688	254.8961833502561
140.2177684328748	246.42916666666667	229.62439512960856	152.27476496647466	169.2922376181091	200.3950103950104	81.7307693125	83.37049211144091	92.59175550501931	214.2	154.8024948024948	223.11014447724094	127.5	171.8065775950668	223.11014447724094	188.32051409393358	159.74392518102366	250.47452373176182	194.39611183172184	213.49690796732966	215.09726316721137	227.10180013651092	236.49222874721218	234.70408163265307	240.4285714395	238.52515925710523	250.6054840660907	251.63421563892456	253.38461057892545	254.96713402826708
69.26464635461491	195.608309269541	79.09811290829674	87.65702481186065	199.50823728411316	166.15384615384613	64.63616938748856	120.0	61.52097912304794	85.22872726736767	83.84380254436152	145.3846153846154	127.50000000000001	166.16339205682772	179.132231445	182.14285714285717	206.93442853081598	180.60133630289533	180.60133630289533	199.89879242328962	226.22292822589523	226.22292822623947	217.30769230555168	231.2937062895342	232.333333356	231.32142857142856	250.29622395833334	251.63421563774543	253.5999437190737	252.9851851872
63.46350482445388	254.9722719756807	113.76152453873442	253.06332019415478	3.3956989510570565	238.61760967444502	101.47470229499999	61.52097909088923	51.33287731637054	53.798436026253256	43.32662410799958	106.25	136.3090909090909	153.0	170.0	136.0	197.00893609374089	206.93442858204827	206.93442858204827	225.77006804804182	195.2630314369539	217.94414724086153	235.35555555555555	236.2934362885135	236.454545436	236.454545436	239.7780612244898	254.0714610832954	253.48665020576132	254.83424579929417
10.064894911717829	0.357211468094647	12.840324371535843	116.32252764054141	101.47470222504387	101.47470222504387	48.554350919051274	51.332877296292594	51.07858201896008	53.53396878749999	93.93366886594421	169.01293917770556	178.9489126682775	178.9489126682775	243.57968535481984	187.91881272565786	192.8239972861437	199.76499499350018	199.7649950071734	188.16256483171406	192.0596612353021	206.93442853081598	236.3522011914095	236.3522011907852	243.36241606654994	240.99162011311464	238.425	248.96449704142012	253.917800589926	254.83424579932873
232.55849520365325	10.52412979631248	69.6169418007776	101.4747021675	101.47470221	101.4747022250439	101.47470226911383	41.95971650454689	49.75242122751675	51.078582468278455	81.25765782058014	116.99887110327157	240.9235668789809	178.9489126682775	155.63523051100827	145.81552308719893	156.23892466642175	126.27965313233861	181.28275543949394	192.05966119828406	193.45175398925971	215.76923076923077	243.2547470418822	195.48863286616103	249.23728813940247	249.23728813271185	244.72527472519945	254.73181289227566	253.91780058982266	253.651239669
1.0163781033699024	10.064894911717829	5.794800387301024	78.46153846153842	78.46153846153848	37.96842459069737	41.959717082897356	41.95971658774789	41.95971665769599	101.47470254999996	90.86560668266262	116.9988710654724	158.6298627832034	240.9235668789809	151.29927597034524	240.92356687898098	173.0808256697057	168.79202166235578	186.23161403111493	178.97368871000114	183.05933568477252	204.6613832853026	215.58139534883722	243.25474702421207	252.36282677372614	250.2777777825	240.4285714395	247.01063524074448	254.98155381944446	254.55603038939904
77.81992079494776	0.7727859635799632	25.648060747451126	117.69230769230771	27.969761547618162	61.54312464535451	41.95971650454686	41.95971655277387	41.95971658774792	41.95971640652152	90.86560670010903	158.62986195904557	158.6298614314082	158.62986179562952	151.29927603549982	183.72060036263946	183.72060036263946	170.20914719085775	177.09134302829744	177.09134302679047	189.9875011932639	213.6047291631729	213.604729164964	242.13203540625	246.71453865556433	242.22634508348793	253.93860561914673	254.55729166666666	254.93152294317076	253.922625
57.539721176677716	237.7532713357456	38.67583053029398	61.54312464535451	61.54312466606723	61.543124691208334	61.54312470324399	41.95971592619634	41.95971650454686	41.959716406521494	102.00000011219998	158.62986120855203	158.62986184809455	158.62986181418236	158.62986193241056	134.84153349025962	134.84153349025962	239.45067762285683	184.22335600145493	177.09134299186354	177.0913430144294	236.69560226611438	239.71394088344505	239.71394088113516	112.74555838188226	246.7145387952284	246.738	253.07183364839318	254.85243055555554	251.24927823168815
24.370211063214043	0.9103955944555082	117.69230769230768	86.14439282093167	57.89956527410712	61.54312470377886	34.96780225161967	34.96780232371253	61.543124732188744	61.543124840907666	102.00000011219998	144.972496543158	99.72624751518595	99.72624756943833	237.8818289976095	237.88182878315033	237.88182899760847	237.88182899760886	237.88182913256492	158.57114167926983	233.52328117256783	233.5232811880327	233.52328122608017	233.5232811934099	233.52328134540326	240.16363636363636	253.22916666666666	250.76888888888888	250.5341541858679	251.50938712551417
9.524607084844774	4.496901491118507	57.70016904383286	71.99616450855797	29.131232152806405	29.13123201063715	57.89956527410712	57.89956531029941	57.8995653746872	57.899565424977226	57.8995655426331	115.90909102500001	127.5	119.5022900971131	109.89997755206326	109.89997750009513	141.7747801694129	237.88182815332814	237.8818287408703	237.8818296740418	233.52328112806936	233.52328110934744	233.52328118740064	233.52328123256416	233.5232812170663	223.56164383561645	238.14302884615384	111.43278081841248	238.68	236.75811407004795
166.369992083963	90.53745299102215	21.47671888995839	21.47671888995839	29.131232182629077	29.131232179156	29.131232179156	29.13123214375628	57.89956531029941	57.89956534406261	91.79999999999998	80.80183696608975	107.77568139329088	153.05626290815334	153.0562629253638	119.50229006001581	135.0876526914637	232.0955111329934	144.53241243581266	171.26865671641792	229.06779660797184	233.5232810989698	233.5232811880327	233.5232811680609	233.5232811100416	244.375	182.4390243902439	235.2848562005392	254.5118783524931	107.93023255813952
38.70289315363749	39.25226473762433	21.476718782933688	21.47671883193911	21.476718901030182	21.476718901030182	29.13123214375628	29.131232172209764	97.78041814478013	93.93366886594421	106.35795776380522	93.72383928884992	118.63623903975173	101.9437370746362	101.94373709184663	140.19813658749513	118.71292485681576	225.4755662585664	171.26865670363668	228.6570246371267	228.65702476704544	225.86876782779024	225.86876785624372	233.52328109896982	233.52328109896982	238.5483870967742	232.82608695652175	149.6419020955072	236.75811407004795	80.14285714285714
38.70289315363749	39.25226466749447	21.476718654596766	21.47671881259936	21.47671881196726	21.476718811967288	21.476718890652563	92.3314892333201	68.77725920590521	101.0455395195452	98.55846473207865	109.92258585779851	105.93164169003978	220.03184044994651	220.03184031721096	140.1981365087248	220.03184022971826	220.0318403379926	220.03184050999818	145.10002249990484	225.86876785624372	225.86876785624372	225.86876782084403	225.8687678173709	225.8687678471936	209.1	232.82608695652175	182.4390243902439	153.21763052366597	191.41283705082031
39.252264797433156	39.25226460687247	39.25226478431094	21.47671876743587	21.4767187739198	21.476718827432165	21.476718871930643	75.16967363299116	87.36937952332045	87.36937952098324	92.6459914788079	96.12931267363032	220.03184021765944	97.83937168066944	97.83937171040733	112.79998992858546	112.7999899248581	145.10002244793674	142.74091078864356	158.0572678162519	185.45454545454544	221.40950525075823	225.86876798936282	224.1683534318727	209.66666666666666	233.75	168.85560717906833	20.907863163504715	253.28263410571086	98.26847607708874
64.64853741862933	39.25226467723496	39.25226470771992	16.205722243244935	21.4767188065901	47.82869095136445	73.26852218953752	75.16967364574899	87.36937949415025	89.9731360729782	84.50391060456437	87.36937951180064	87.36937952568587	87.36937955249061	92.33148925218319	103.62905343217903	103.6290534584071	108.89972516733471	142.740910652036	158.05726773993166	221.40950545356347	213.04028359347848	213.04028349545314	213.0402835934785	213.04028407380366	196.5625	186.0892707540482	14.066861781454577	76.77442694834352	0.0
64.64853778186273	64.64853780580447	39.252264706433294	47.82869081583456	47.82869090845685	47.828690905367495	47.8286910844333	90.95892595972126	85.89281369705924	92.39109415394947	84.50391060456437	87.43806789526002	87.36937951180064	87.36937952105745	96.24801197278407	96.24801197205025	96.24801196727552	108.89972519604393	96.24801204382555	164.134393299891	213.04028334230404	213.04028341225205	213.04028344722616	213.04028349545314	213.04028349545314	196.5625	186.08927066430186	116.73350154175091	132.28979561587315	201.42729657638873
64.64853783384575	64.64853775452465	64.64853780176057	61.54312464535451	47.82869088700306	47.828690798498	47.82869073244524	73.26852216959603	82.55868243991	90.95892595972126	90.95892596721924	90.9589259076547	90.95892593879094	90.95892593879094	90.95892596992724	84.50391060456437	96.24801194358969	96.24801196726551	96.24801196726551	164.13439331733736	213.04028334230406	213.0402834122521	213.04028344722616	213.04028349545314	213.04028291710262	186.08927062205782	186.08927064011823	137.07357861981626	149.27984492466925	241.1034172094028
61.85100739304778	64.64853778186273	64.64853777026994	71.5747892722355	61.54312464535451	61.543124840907666	46.13888988861973	78.20549775856745	79.66050151832462	78.21236538311024	90.95892600445666	90.95892600445666	90.95892594017462	90.95892600445666	90.95892596721924	90.95892593539782	92.39109415394947	90.95892602130846	96.24801195625827	173.68141747254353	213.0402834954531	213.04028349545314	190.22993524381513	181.38784067912516	182.77285353352815	225.83554158220244	153.0	51.0	165.51335837002517	254.54517979836575
10.066268225781045	9.870999779467041	64.64853775452465	71.57478925422808	71.57478920381871	61.54312470324399	61.543124732188744	68.72938667568073	76.76535456611978	107.0861690328492	107.08616924922114	107.08616921256586	90.95892591964554	90.95892593267666	90.95892598971315	90.95892595972126	90.95892597471723	90.95892602130846	90.95892596992721	111.98172627136361	111.98172603742839	158.152046203132	111.98172607192404	146.81266251300656	156.21875296127538	152.85527221511694	153.0	51.0	24.583488549795163	224.41615954287295
77.96092223893342	101.47470229499999	41.55124625603807	64.64853785368791	71.574789178614	71.5747891561636	61.54312466606723	61.543124691208334	61.54312470377886	66.67001877000001	107.08616910037077	107.08616908349026	107.90715604822421	88.55026939139063	90.95892590765467	90.95892598971315	90.95892593879094	90.95892596992721	111.9817260154893	111.98172598513682	111.98172598513676	111.98172600683361	149.18179627075352	149.18179626	149.18179627075352	209.3416809939929	152.85527221511694	71.73854003128704	163.75459940522046	249.73679566515293
36.059571905415794	101.47470222504387	101.47470221	101.4747021675	41.55124614378366	71.5747892340766	71.5747892210837	70.7540701521371	70.75407019518073	200.76343369537966	200.76343365914477	200.76343360252176	107.08616914970108	107.90715598968649	101.98918237171242	101.98918237161777	88.55026939801411	111.98172594174318	111.98172591557184	111.98172594174324	111.98172580349319	127.50000000000001	149.18179626	149.1817962707535	209.34168090192964	209.34168092966064	112.45529623877391	237.82490059459593	254.2616779795624	202.76778529278076
7.670449095032353	61.85100739304778	101.4747022250439	101.47470222504387	101.47470254999996	56.02826765475015	48.06557146918402	48.06557141795176	71.57478892401983	85.16011778605017	85.16011789638546	85.16011789638546	200.7634336594842	200.76343343265282	68.90427256187024	77.4570110844725	111.98172567185867	111.98172581156234	111.98172588755213	127.49999999999997	127.50000014965886	149.18179626	149.18179611405213	209.34168091556654	162.66827563836955	162.66827565462836	6.2759917347307805	70.56845747731066	241.58409193843238	148.35816150147897
124.7490906925994	36.059571905415794	39.507078433977796	101.47470226911383	49.33964808757818	45.57848135606994	53.21239558996376	55.53426646934514	93.72383928884992	119.78191353614295	119.78191353705097	85.16011783874237	85.1601178026767	85.16011790278932	200.76343360167655	127.49999987000794	127.49999992517056	127.50000000000003	127.5	127.49999999999997	149.18179626	163.68336180385927	163.68336183631212	162.66827563836955	162.66827565462836	69.94802710171192	37.54600569256246	126.30283731647376	147.84033087127938	141.526884606873
199.74500103842993	2.4327238942572365	30.352409228515853	34.45519416436085	7.641790887951288	39.73665475343785	39.73665475343782	39.73665477628455	39.73665482197819	119.78191339229005	119.78191353614295	119.78191353705097	119.78191349253896	119.78191348023995	119.78191347073698	142.94740192553144	142.9474018564399	142.94740186449653	163.68336204230079	163.68336181703896	163.6833617876328	163.68336180917606	163.68336179345025	163.68336185932128	155.65596279056598	25.94767772596174	88.24327491163638	110.61924454525348	1.8732124602380225	254.9946472884028
7.604874518215524	8.361180189870879	0.0	4.496901491118507	71.99616450855797	90.92686411933232	39.7366546964806	39.736654753325524	39.7366547694665	39.73665474221502	39.73665479671797	39.73665481488558	80.49344861407988	142.94740186449653	142.94740182189412	142.94740185533638	154.19721211707724	154.1972122618335	154.19721226183356	154.1972122618335	154.1972122737433	106.71544941336447	106.71544940064149	106.71544945153326	54.61283193544992	25.947677583643525	25.947677551569484	253.37091612771488	0.08933731011072155	255.0
10.027891512690303	9.881180017674751	12.006645064126559	18.962938508112416	26.05630261054546	30.374465792951497	30.37053590908988	30.374465792951497	56.758671672870065	39.73665471566332	39.7366547694665	39.73665477628455	39.73665482197819	142.94740163753448	142.9474018019588	154.1972122278139	154.1972122345768	154.1972122476323	175.83037275341667	106.71544940383032	106.71544940383032	106.7154492785429	157.14576639789462	140.59270130226656	25.947677562684618	25.947677562684618	25.94767752696606	112.28588834783989	248.94271405574344	0.0
1.1078841659308694	9.990957245601976	9.730291894704095	11.173345409889066	7.288462425917714	31.180783135928834	24.370596505537435	64.2375798748107	0.0	45.684891360443885	64.2375798748107	54.61283193544992	39.7366547694665	39.73665482197819	112.45529623877391	103.23340046942357	103.23340046527665	106.71544937519562	106.71544940383032	174.79626563094064	170.4999480572726	127.48676121897573	128.49044757825666	29.34187898923338	255.0	25.947677529339302	25.94767733279764	63.96336827783435	204.19181311937925	0.0
