254.99119910381165	254.3781435762963	254.99628251417428	245.5712721264161	213.78269613871055	227.02991455829326	226.97756398246642	249.78070175438597	244.8	250.46666666666667	136.23954344275734	218.57142857142858	249.84208242578225	141.66666666666669	183.21780831776647	221.0	153.0	248.9646980282451	153.0	251.72142857142856	197.04545454545456	250.21145746725827	192.70819633805422	192.70819633805422	247.718982496249	224.21234962379933	253.42324426513682	254.99274272511485	253.85269745765657	254.11100245133787
254.96595702434803	254.99945803206998	252.2429502513078	242.40740742	194.59706961263737	226.97756377269695	197.04545454545456	178.07065924656746	203.53702860577545	130.4411028180769	122.70322826048152	246.969674895	235.85876299007356	191.24999989133522	52.15909087945511	171.3414855791384	240.60109289617486	243.3465027359681	248.58490566037736	244.77717700157558	238.62114020521886	227.99406306599118	234.08314264170775	229.76956502812604	235.50967800545266	240.68450439740405	243.1463831456107	254.9578469387755	254.99274272511764	254.99177140409182
253.57040581776303	250.46666666666667	241.22905030530632	252.96	231.79632520868742	178.07065918502093	197.93454357949597	197.93454283850951	151.97611922740134	239.0625	99.62673405983179	245.45837827670314	101.8974761406972	238.61765210519937	97.51468622966362	146.05116614773488	245.5268728658571	244.65792707906596	247.78861643232435	203.39270022229795	219.75473213595538	244.642166344294	193.83445947255638	219.3	231.46170350420977	236.205699747352	254.7636033178487	254.8314709653783	254.9878368481072	254.98138233224068
251.09549485182453	214.2	227.54798063576987	71.62240674342115	53.68404752423558	250.75883575883574	177.08333342187498	151.97611931898481	156.7998350699325	244.8	124.73566973566975	255.0	170.0	232.63967112024665	255.0	198.33333331997687	86.28131656263932	136.64925757163746	147.65767839029553	215.05683527607786	214.9107832852149	230.90473125737392	244.747376603627	246.88163265306122	219.3	238.0793548679035	254.50792088989456	254.76360331790096	254.74153769262807	254.57565284178187
140.59791759160635	7.263783821226525	34.14888452054788	249.76025176083706	39.14809045548509	241.15384615384616	163.62252744822973	93.46153846153848	122.18750025825992	180.4864376544677	189.98391202358113	204.23076923076923	170.0	224.82993306655726	229.57063704	218.57142857142858	161.89980065071842	129.01447661469933	129.01447661469933	203.19503726411216	247.78861643198314	247.78861643100055	155.7692307621824	248.07692307723633	229.5	244.59183673469389	254.5743189102564	254.76360331781814	254.5552321088467	252.45
173.95938853757903	87.05516897789383	245.54254466642095	35.82756641392473	45.47148514399376	231.64357025170204	178.23735127499998	122.18750006109371	106.76494483140974	149.43482596641974	116.1165739008876	212.5	207.70909090909092	204.0	221.0	85.0	74.73206173713169	161.89980052049242	161.89980052049242	210.40444990832927	194.37258107884287	194.3263464665393	251.9777777777778	244.66216216216216	246.499999983	246.499999983	250.31632653061226	195.57350933090578	254.96418106995884	253.38574217685093
44.960999582386876	116.32747844751836	125.37083612703486	190.01904804098882	178.23735113097945	178.23735116789447	105.50871650462531	106.76494489101287	146.08474575414107	134.71960175625003	134.02854290821654	52.09961240166692	59.32688988608905	59.32688988608908	105.87760647595894	242.59211188491574	254.20763533872832	242.69294037761966	242.69294041569938	186.5782865379421	157.78452794620355	161.89980065071842	247.29753117465202	247.2975311733252	210.50335566937864	232.38477653306725	232.05	158.43195266272187	247.67993554547624	253.38574217682364
20.572534746935474	189.3423182754697	103.44299430447097	178.23735102	178.23735110500002	178.23735111252194	178.23735113455692	91.58903072901549	144.41338121413025	146.08474571319164	190.8199153710995	138.7624615629605	94.02335456475586	59.32688988608905	201.5044668473055	93.72383930849986	161.8871652437	157.15108145615466	226.08571783039523	157.78452785924406	211.4744753079074	98.07692307692307	205.65870151052013	157.55865663070597	226.9067796601379	226.90677966101694	249.16208791391327	252.27218946433376	247.6799355442903	254.7166666644
109.50728293252925	32.77476952091942	0.027576411845046778	58.84615384615387	58.84615384615384	129.21679514254959	91.58903072901543	91.58903079596615	91.58903084961935	178.23735101999995	89.30786528079727	138.76246150351574	45.30018758531506	94.02335456475583	199.72554390104858	94.0233545647558	214.4593524099818	171.27345933987715	208.4435826545536	174.3619196689565	209.50072884851346	217.52161383285303	243.8372093023256	205.65870149098433	242.61993680071242	233.75	244.8	247.30382293762577	254.937744140625	251.73076923076923
42.11712776048586	108.90092301222427	103.30380890330599	215.76923076923077	71.18007395666561	94.99424144864417	91.58903072901549	91.58903076913961	91.58903079596615	91.58903084961929	89.3078653018498	45.30018679091617	45.30018743726828	45.30018772668001	199.72554384246857	196.95768830545472	196.95768830545472	165.97016768691685	221.0926068730404	221.09260685378783	178.49999998557502	233.44709039074291	233.44709039056218	208.33176099	229.7097806101008	246.677371229654	251.43253555176898	254.00390625	254.5780418400272	252.9345
4.064867737258055	8.76549280647589	131.24308211199946	94.99424144864417	94.99424143016324	94.99424141781807	94.99424142021834	91.58903072901549	91.58903072901543	91.58903034727044	163.6249999228625	45.30018657659656	45.30018743726828	45.300187665710354	45.30018802431326	117.33950031718052	117.33950031718052	88.2034599674268	227.23911626387644	221.09260683161125	221.09260685385163	209.02208548071815	213.63031911665402	213.63031914893617	200.99246411704777	229.7097806215722	250.002	251.98724007561438	253.81944444444446	254.84797560073184
0.5312912707309749	85.96984293674686	215.76923076923077	166.5464306113797	164.1671677880119	94.99424141164548	112.5154719688388	112.51547198713595	94.99424140600541	94.99424149254489	163.6249999228625	40.735434091745645	80.37671222477218	80.37671227983597	82.49185147509465	82.49185156505195	82.491851475094	82.49185292531317	82.49185232450972	159.39144711900042	176.4471771266804	176.44717710235156	176.4471771266804	176.44717713767005	176.4471772413359	242.73939393939395	247.91666666666666	251.7266066066066	253.52906586021504	254.8314709653783
40.591073170777605	50.33831008208182	42.40528844360006	155.65596279056598	87.03228976750984	87.03228970752801	164.16716718453165	164.16716729272787	164.16716728511167	164.1671673354017	164.16716740492876	174.47368413	170.0	77.21520160986921	81.87748357444059	81.87748354385366	142.94843356688517	82.49185093522973	82.4918517687978	82.49185170966553	176.44717705262468	176.44717703285937	176.44717711569075	176.44717715607612	176.44717709371142	232.1357409713574	247.13341346153845	253.7241426901992	252.96	221.49376277210195
0.010382155062302445	194.24785373032108	78.55282301331329	78.55282301331329	87.03228976760488	87.03228978763048	87.03228978763048	87.03228978008184	164.16716722720582	164.16716728644678	163.2	46.793371970183046	161.8871652522563	168.9998092830649	168.99980946666992	77.21520157307168	37.32670440488124	72.1204678196199	85.30539153629084	201.71641791044775	198.81355929566217	176.447176748469	176.44717710235156	176.44717711019592	176.4471769866867	239.0625	255.0	169.92052393891262	238.61514576914144	255.0
58.66147145950404	28.240369389527643	78.55282290628861	78.55282288980408	78.55282300509757	78.55282325153101	87.03228981969195	87.03228982768172	160.88554189423417	134.02854290821654	104.59854980075454	140.9605331234972	145.63775098899555	86.00019053333008	86.0001907169351	197.01851554249407	123.84845351273665	65.28272043776923	201.71641787636446	191.24999989133525	191.25	167.96771017231828	167.96771021991816	176.44717699490243	176.4471772413359	224.83870969112903	227.2826086956522	216.11387846308378	156.321649120114	255.0
58.66147145950404	28.24036935081861	78.55282275866412	78.55282288430928	78.55282289764844	78.55282289764844	78.5528229671406	141.9815789663882	134.0559400507985	99.32916502292233	99.42255824550486	106.76383164667132	151.90162119235669	51.984792504499126	51.98479246797035	197.01851547573813	51.98479261168944	51.984792611689585	51.98479202826263	173.12251645614631	167.96771018030807	167.9677102067148	167.96771021236952	167.96771023239512	167.96771023249016	219.3	227.2826086956522	255.0	29.93654701159801	131.730160669086
28.24036914114933	28.24036940028509	28.24036947036771	78.55282284392388	78.55282287331963	78.55282287331963	78.55282294737529	132.26363501982087	153.2576407787451	153.25764076579676	95.44200247295578	127.05367825871421	51.98479237003937	131.67714950354102	131.67714955742068	139.81802961681612	139.81802966985103	173.1225164255594	177.16680194702337	181.60856299401257	199.36363636363635	177.88206629755274	167.96771029247202	181.73241905735023	215.33333333333334	212.5	88.45356938862028	159.43979976671082	233.5477558032394	29.889132743283
167.277400676434	28.24036923126951	28.240369368012608	43.58216608874008	78.55282286232995	103.2802619365448	125.00794171864072	132.2636349866688	153.25764075412258	88.3347526061876	81.95209442485177	153.25764078503005	153.25764076886057	153.25764076816716	141.98157898857255	126.44152157377917	126.44152158592027	154.43956174140084	177.16680198598561	181.60856288142855	177.88206624721232	163.41096915038065	163.41096927098454	163.41096965272953	163.41096927098454	217.8125	48.26781180431158	255.0	238.99815114067943	98.57694873568684
167.27740033956917	167.27740032441693	28.24036939066832	103.28026186356792	103.28026189363717	103.2802618929594	103.28026195174243	146.67351988069214	85.74412469303812	93.91133475155155	81.95209442485177	86.17444576780304	153.25764070397804	153.25764077425038	131.09455730736374	131.09455731313057	131.0945573144553	154.4395617919589	131.09455732863836	165.69213469815023	163.41096915038065	163.41096920403385	163.41096923086042	163.41096927098454	163.41096927098454	217.8125	48.26781189348836	254.39370649335686	41.384005517021706	221.29466968959895
167.27740037830705	167.27740033679703	167.27740029528698	94.99424144864417	103.28026187218342	103.28026175568664	103.2802618316963	125.00794171995855	81.54275841723322	146.67351988069214	146.6735199138031	146.6735198873178	146.67351990787898	146.67351990787898	146.67351992844021	255.0	131.0945573008113	131.0945573192902	131.0945573192902	165.6921347192027	163.41096915038068	163.41096920403385	163.41096923086042	163.41096927098454	163.41096927098454	48.26781186617356	48.26781185407657	0.4902709794588702	39.69901573814931	252.7108889525248
41.412324077903634	167.27740033956917	167.27740032296032	136.11272018028114	94.99424144864417	94.99424149254489	72.71854381881928	78.213870031049	82.45529916247841	79.20295291307673	146.6735198873178	146.6735198873178	146.67351989594383	146.6735198873178	146.6735199138031	146.67351996956262	110.20681453349508	146.67351994952156	131.0945573286384	135.30228754739267	163.41096927098454	163.41096927098454	167.3009176937459	150.89668593840264	190.23297040861996	167.45124870442655	204.0	255.0	130.2176339891783	115.06878323973896
22.27312754484248	108.28624857065597	167.27740033679703	136.11272005624153	136.11272003523146	94.99424142021834	94.99424140600541	69.24818252334458	77.03959173377757	24.990985603734117	24.990985413098656	24.990985579115886	146.6735198870142	146.67351990487344	146.67351992905478	146.6735199227327	146.67351990487344	146.67351994952156	146.67351992844021	148.1240594428753	148.12405952993515	174.2886395401884	148.12405954487286	159.58773660153548	183.51582814125817	255.0	204.0	255.0	143.75835208615996	61.85100739304778
55.57213740917237	178.23735127499998	101.05556721311771	167.27740029411245	136.11272002472646	136.11272004127105	94.99424143016324	94.99424141781807	94.99424141164548	111.70237081499997	24.99098545870538	24.990985374372713	204.53091286935663	141.82883159621434	146.6735198873178	146.67351992905478	146.673519907879	146.67351992844021	148.12405950091522	148.12405954487284	148.1240595448728	148.12405954487286	158.04613340298386	158.046133375	158.04613334761132	182.63327647904939	255.0	254.9853265896639	20.283456800058815	58.499287762309166
20.20113026226909	178.23735116789447	178.23735110500002	178.23735102	101.05556720322323	136.112719971766	136.11271999321133	101.84662819631808	101.8466281978138	39.570839805326614	39.57083974679645	39.570839807555785	24.99098533401863	204.53091272058873	176.45997790885662	176.45997787522106	141.82883159727868	148.1240595448728	148.12405950091522	148.12405947978243	148.12405961699505	144.85801906230057	158.04613341750002	158.04613336606883	182.63327639228152	182.6332764130995	61.04660656008079	0.06979182267320994	79.30906048257529	1.0404322095983787
16.389114567462627	3.287065818830939	178.23735111252194	178.23735113097945	178.23735101999995	55.98113147483869	93.10019934928158	93.10019947950758	136.11271976325085	19.128809538294263	19.128809843295528	19.12880967036645	39.5708399108762	39.570839989833644	69.30740317287581	76.30527742865095	148.12405944287525	148.1240595448728	148.12405952993515	144.85801879422536	144.85801889226695	158.04613329	158.04613325013224	182.6332763816479	147.80618759730925	147.80618758968274	91.30080526054337	249.4395763809403	90.25699793323776	198.2842371871903
6.584740379297273	0.0	5.930056525947293	178.23735113455692	48.66948242646154	55.98979194288006	53.525551116670954	0.0	140.9605331234972	255.0	255.0	19.12880967036648	19.128809630918738	19.128809778306135	39.57083961792026	144.85801853424124	144.858018677966	144.85801874939966	144.85801875089464	144.8580187292293	158.04613329	118.02504270578888	118.02504267863137	147.80618759730925	147.80618758968274	165.75165402282317	255.0	151.0018753117359	6.380203215310644	253.63640209775426
58.05373913922273	12.91012711775005	3.4704710308660935	85.82750764983939	83.83151515604055	22.749620132254677	22.74962013225465	22.74962014353804	22.749620240436798	255.0	255.0	255.0	255.0	255.0	255.0	94.5938492685294	94.59384919033613	94.59384919323381	118.02504291177755	118.02504272555842	118.02504271936763	118.02504270278556	118.02504272311089	118.02504265723985	0.0	255.0	99.45231163669624	15.5639372242822	219.95077451718208	252.81564206277883
21.000256765045947	39.764016747076	27.01249382867556	50.33831008208182	155.65596279056598	35.37769330823883	22.749620105035888	22.74962013926472	22.74962013926475	22.74962014214472	22.74962013638472	22.749620177507325	27.42969990839248	94.59384922450269	94.59384915123945	94.59384919054375	120.09655319595223	120.0965531899908	120.0965532087439	120.09655321812036	120.09655318843025	135.84668159599354	135.84668157979746	135.84668146217044	14.214236831995947	255.0	255.0	87.67377724138251	33.477908305190056	23.81396105688802
10.082536590982954	10.165642094409293	12.238003402994053	22.831236547079044	26.213918457396147	34.24016530082338	29.75129566174317	34.24016530082338	96.27562641868838	22.749620182307325	22.74962013926475	22.74962014353804	22.749620166104933	94.59384898053244	94.59384916196493	120.09655316349466	120.09655322269612	120.0965532112742	107.65714079904538	135.84668154758657	135.84668154758657	135.84668158978968	30.704048922865496	51.55725119257383	255.0	255.0	255.0	6.953321141241048	125.80805367606811	0.0
1.088383262551332	10.102655770518737	10.431363289795996	12.402771183424647	0.2750347166196434	17.450488300933273	2.755932010396407	30.374465792951497	27.01249382867556	42.768578068619036	30.374465792951497	14.214236831995947	22.74962013926472	22.749620166104933	61.04660656008079	42.86044887816081	42.86044887925743	135.84668154740535	135.84668154758657	60.88761006454766	57.47404361748687	30.141800690389545	38.15043222602682	12.317505367405943	191.9817856261043	255.0	255.0	3.079785969132274	2.3211033552103117	255.0
