254.97901813874154	254.86888179555555	254.90778441435074	254.9989802152338	254.96858705281375	254.9831499248798	254.98027017696148	255.0	252.45	199.46666666666667	177.1404968640809	255.0	246.35759724384314	244.8	254.9704298798074	214.2	248.2	237.017310487602	248.2	228.225	250.36363636363637	226.09900445514566	127.31967841494124	127.31967841494124	254.77627814018706	164.65253930348226	254.9460555901305	252.63844816037948	253.2050989366095	254.9867922425685
254.9782941581541	254.70480562489792	252.83542795959778	249.21768709333332	254.9618748379121	254.98026997279695	250.36363636363637	246.6590531808567	254.8625903342596	170.73156300447727	180.42670017611778	241.552734375	247.40982989770743	219.06818169371127	253.8409089466813	254.846757306333	240.60109289617486	246.94671105322598	233.71355060034307	224.5402396133273	253.63150637745974	236.26578323793103	237.0708154991446	54.53970401095782	235.6215634674777	240.91229303451993	104.7866027613994	252.188625	252.638448160806	252.96
217.24238865251377	248.472	248.0515334799129	254.745	229.42295426159714	246.659053258888	254.85865143415478	254.8586514348676	239.6192713175412	255.0	244.92646094497758	239.02674105869497	139.52450532629535	231.8219734719757	134.0318469454577	254.7165368020104	229.01977197167503	225.22736583367472	201.91873994626536	60.31459870412431	219.2053578178303	230.83172147001935	254.13851354791476	229.5	231.5919928026215	239.04813810202774	243.75581360716092	253.20080267781313	251.13056021743813	254.6711356506343
140.2177684328748	254.81866666666667	231.79632520868742	247.63336197351822	235.92141297317562	124.73566973566975	254.783163140625	239.6192713540905	238.15504136654266	191.25	255.0	240.73869815131272	255.0	226.9054470709147	240.73869815131272	216.60091419459843	168.7186834373607	254.37641628743134	200.106038925663	214.8510134549771	214.98024086610502	199.08480780410446	227.62045364733376	204.0	229.5	233.78678074959907	251.3313915606358	243.75581360798293	244.8	14.99699980798772
3.1246565860574833	249.4404117643018	24.619377638530835	123.11761078204805	249.52037443717487	93.46153846153848	254.7404890059049	255.0	228.5064934857202	254.48536055848837	188.08897489739712	231.92307692307693	255.0	212.5252106167392	219.140625	218.57142857142858	181.28846924833988	74.58797327394211	74.58797327394208	200.76626261334243	201.91873993014534	201.91873993198496	253.84615382312913	51.92307692072745	233.749999983	204.0	235.78177220304624	243.75581360404374	251.9794023728947	253.2291666678
170.52099099910305	125.71838285989477	254.30669801375154	146.38888636721484	254.4010876518891	131.2230288115517	255.0	228.50649349956907	221.2252906267285	254.20967400846735	126.44733599069374	255.0	199.36363636363637	229.5	136.0	204.0	105.47990265961545	181.2884691954601	181.2884691954601	249.5184141754316	186.33073171779665	148.4284995380355	131.5925925925926	51.68918918918919	127.5	127.5	153.0	138.93263541192533	195.2769090077732	22.83959344679917
228.3522775997422	200.29234430457413	3.466473530644862	8.393281136725903	255.0	255.0	222.9941369533123	221.22529026154103	254.17675542685498	254.35277525625	255.0	76.8157586201701	86.17362789092161	86.17362789092164	253.26323062726473	193.3237892294656	228.82877251874396	231.75743961964952	231.75743962326797	150.52331597235232	168.56169068685514	181.28846924833988	120.97682689483347	120.97682689451395	206.39597311973222	212.79678771008665	205.01999999999998	104.11242603550295	15.583671520649318	22.83959345356749
128.5705878127114	133.20232027056593	107.89034418043747	255.0	255.0	255.0	255.0	212.81956816212735	254.16013105825297	254.17675542866888	255.0	168.02821121592257	252.8343949044586	86.17362789092161	190.5500969535771	213.35867437267314	153.0000000263363	36.39117287478226	172.37055608721616	168.5616906959434	178.1189964436757	58.84615384615387	5.679189431508689	83.84712598538911	8.644067713099673	8.644067796610187	5.137362637400258	25.063078514840214	15.58367149778789	191.25
202.89826237181325	28.615838442008766	0.011471694506411723	255.0	255.0	254.00710626628594	212.81956816212735	212.81956772222435	212.81956781979835	255.0	253.99302298547235	168.02821117840924	67.82420793356869	252.8343949044586	213.2255482698685	252.8343949044586	177.4185998223944	171.33792988418128	74.68777076672924	181.3878407038249	140.96053314752146	221.19596541786743	51.279069767441854	5.679189472002008	16.99511632878452	5.3125	127.5	5.130784708249507	15.607774522569485	10.114182692307708
207.9992855848432	144.76542932041866	179.03191848523608	58.84615384615387	213.7876293926265	255.0	212.81956777656035	212.81956767343732	212.81956772222435	212.8195675686239	253.9930229661375	67.82420820491453	67.82420771191059	67.82420810093967	213.22554817941773	233.07398820152648	233.07398820152648	169.80259700404417	145.13720533395775	145.1372053284135	142.10668755215724	90.44524568170388	90.4452456824622	3.203598915000015	105.96091685382197	34.300116672723476	46.966701352757525	10.514322916666657	67.09895606055522	245.20392
130.3518219305874	247.5240865174999	255.0	255.0	255.0	255.0	255.0	212.8195670054263	212.81956758377683	212.8195675686239	140.250000014025	67.82420728081632	67.82420812859692	67.82420819360652	67.82420836660393	54.544102711375274	54.544102711375274	252.59397791290235	77.60527378765988	145.13720526869048	145.13720528153763	86.59611518203414	83.73952273879658	83.73952290558512	130.31311965840962	105.96091705012881	57.52800000000002	90.02126654064273	15.607774522569485	253.7058094178277
238.64859563673588	144.84537846979214	58.84615384615384	157.94099164555496	255.0	255.0	253.24736434600038	253.2473640117913	255.0	255.0	140.250000014025	60.973946658528774	217.3969216976008	217.3969217202768	252.33596066200676	252.3359613505577	252.3359616288189	252.33596211222527	252.33596154953122	159.7639870050058	3.3447937563538517	3.3447937925212727	3.3447938098662178	3.3447937380485087	3.344793711454315	10.199999999999989	10.514322916666657	15.011051051051027	14.99699980798772	253.20080267781313
202.89826237181325	255.0	255.0	204.3177098185135	253.3995375057376	253.39953745711807	255.0	255.0	255.0	255.0	255.0	159.375	170.0	41.29101373529889	241.82066886677262	241.8206688481943	146.50396062749914	252.33595946109116	252.3359619738	252.33596210464992	3.344793808462356	3.344793709838058	3.3447937746593084	3.344793833054837	3.344793704245319	23.816936488169375	10.11418269230768	24.68243109783856	223.125	246.15183076135602
252.3742955002105	42.40528844360006	251.65520640277933	251.65520640277933	253.3995374576905	253.3995373970776	253.3995373970776	253.39953738740448	255.0	255.0	153.0	140.9605332114484	80.80183696608975	218.8034856457472	218.80348590576378	41.291013731131955	55.99924287845383	251.28353964462266	100.79866018427325	57.089552238805965	8.644067775732566	3.3447934650207856	3.3447937925213296	3.3447937570558395	3.344793597220672	5.312499999999972	213.53658536585365	90.25884815551504	173.115442339594	107.93023255813952
71.64630217699172	255.0	251.65520629575468	251.65520624294416	251.65520628854574	251.65520653497921	253.39953742701462	253.3995372758517	144.00449740997308	134.02854290821654	106.56745262570544	174.36191973458108	73.0563693734967	36.19651409423622	36.1965143542528	14.120184700142545	119.08937426996454	249.84647696410713	57.08955223454555	61.818181686467	61.81818186647723	1.6004627241482865	1.6004626125955213	3.3447937114542583	3.3447934650207856	24.677419354838747	49.891304347826065	1.40629431411827	246.15183076135602	80.14285714285714
71.64630217699172	255.0	251.65520628854574	251.6552062253407	251.65520620747867	251.6552062074787	251.65520629016197	96.43373806974296	123.80324627575328	99.27429185828908	97.02736979793687	108.45418903743513	139.98432603767907	249.02325497384456	249.02325487318586	14.120184735183841	249.02325501801135	249.02325496387414	249.02325484798652	13.179331151805684	1.6004625729853785	1.6004625993921593	1.6004626029223914	1.6004625423094865	1.6004624942623877	30.599999999999966	49.891304347826065	213.53658536585365	221.29466968959895	116.79301660517044
255.0	255.0	255.0	251.65520616694516	251.65520619013375	251.65520624364615	251.65520619153764	94.12538693483052	79.33457441325717	79.33457441221401	90.95824598773734	85.33022114357715	249.02325493876074	66.254408868219	66.25440892378302	102.83761397364688	102.83761396835465	13.179331133227407	41.35877427142202	1.046320933464017	13.909090909090935	51.591720661279425	1.6004625428819281	51.121052111349826	5.666666666666657	5.312499999999972	97.05900835444504	0.03174782305148938	189.81677395493273	139.84587441571952
28.24036914114933	255.0	255.0	174.80554684086482	251.65520626195146	93.74087836933353	84.58389260864087	94.12538696952842	79.3345743835325	94.21086252722796	79.57382311928222	79.3345744035066	79.33457441611489	79.3345744429819	96.43373807738502	88.32292499606768	88.32292497146042	35.40283656474776	41.358774265378685	1.046320834378207	51.59172061332697	42.18043243137609	42.18043241622317	42.18043243137609	42.18043299457369	5.3125	26.08351197377587	155.8007823352902	0.12697520275830243	0.0
28.24036940028509	28.240369389527643	255.0	93.74087823702345	93.7408782835183	93.74087831766212	93.74087847893952	65.61048844569746	85.58857184845277	87.57785146817758	79.57382311928222	89.60214338651483	79.33457432245456	79.33457441191209	61.20693931010109	61.20693929072664	61.2069392920034	35.40283659432512	61.206939430942754	1.0069770338625688	42.18043243137609	42.18043227777565	42.18043232656271	42.18043222343965	42.1804324162232	5.312499999999972	26.083511995047928	46.256188793452196	14.501454480757559	0.0
28.24036923126951	28.24036935081861	28.24036947036771	94.99424144864417	93.74087830497211	93.7408781932908	93.74087807358615	84.5838926109991	81.33039208540788	65.61048844569743	65.61048847212615	65.61048845647207	65.61048844401867	65.61048844401867	65.6104884799663	89.60214338651483	61.20693928413547	61.206939313037196	61.20693929402222	1.0069770145275925	42.18043218020165	42.18043227777565	42.180432200975474	42.18043222343965	42.180431837872646	26.08351204227617	26.083512024797272	22.822177939893436	0.28702076069092186	253.48411900311186
174.5436573622112	28.24036940028509	28.24036939066832	115.8199970664244	94.99424144864417	94.99424149254489	96.63717152127967	52.237994392197265	83.50677189632535	78.36107708061164	65.61048835967011	65.61048835967011	65.61048844090249	65.61048835967014	65.61048847212612	65.61048850346046	87.57785146817758	65.61048853457353	61.20693925580812	4.359295564821252	42.180431837872646	42.18043212704791	12.652608774853093	2.670230682120831	3.7481474326474995	32.23400763370353	127.5	51.0	125.70335954028613	225.76423798366272
255.0	234.11525312908103	28.24036935081861	115.81999712700846	115.8199971091307	94.99424142021834	94.99424140600541	70.29523972057282	75.28183363462765	38.611523040148825	38.61152278213379	38.611522768916984	65.61048841127712	65.61048845651433	65.61048846733118	65.610488487738	65.61048845651433	65.61048853457353	65.61048852836723	27.803256663164177	27.80325652962918	9.677266562510539	27.803256409364224	15.78879622322603	3.2035989290706937	190.17849080644163	127.5	51.0	37.10334911184191	84.91559138168168
124.55217517777325	76.76264897999997	93.02746385330246	28.240369368012608	115.8199971001919	115.81999711589208	94.99424143016324	94.99424141781807	94.99424141164548	98.84502881999998	38.611522742921835	38.61152269663879	114.01562909076574	57.33636445294559	65.61048845647201	65.61048846733118	65.6104884440187	65.61048847996628	27.803256474223417	27.803256452757807	27.80325645275778	27.8032564744546	2.237350663244314	2.23735070500004	2.237350718616881	1.3868096937476935	190.17849080644163	157.03067741733878	221.27584796881155	213.8846622121881
12.88781470953765	76.76264894285057	76.76264889500001	76.7626488525	93.02746388303811	115.8199971406259	115.81999719145904	55.81354880899292	55.81354881764838	244.3303147117596	244.3303146443592	244.33031457544865	38.61152261229759	114.01562902697654	28.875299570104318	28.875299560208703	57.33636447134225	27.80325640936414	27.803256474223446	27.803256409364224	27.803256396094355	6.240816872915474	2.2373507475000167	2.2373507001593396	1.3868097440306144	1.3868097474484102	61.04660656008079	0.44993632309413556	114.21168947722197	37.58581121804687
239.7459833729219	174.5436573622112	76.76264888747806	76.76264890593558	76.76264897999997	55.95918202563317	73.71153075166015	73.7115308045399	115.81999694292946	29.69718278271597	29.697182767968002	29.697182854432555	244.33031465451847	244.33031436871713	69.44537575261603	76.11754686234627	27.803256063659234	27.80325640936414	27.80325637975301	6.240816537412115	6.240816566272258	2.2373506200000293	2.237350553470833	1.3868097472095826	14.501093907098323	14.50109380660615	0.0	231.3056777432507	201.53078989884105	16.266936782487903
0.011963686372098437	124.55217517777325	3.9759478544051774	76.76264886544314	49.79231112428468	54.53369803286128	56.92876261452889	59.345294536900184	74.68777074986073	160.9419798997403	160.94197978519816	29.697182767968002	29.697182720986063	29.697183017021473	244.3303146180565	6.240816407420056	6.240816569934992	6.240816568714138	6.240816580742774	6.2408166024081595	2.2373506200000293	1.3868097440306144	1.3868096937476935	14.501093907098323	14.50109380660615	69.94802710171192	37.54600569256246	93.20916524513882	24.751586233090734	253.82570964064817
254.99561169473355	84.87810368086045	112.51268876329485	163.21075120682684	96.27562641868838	11.165253849617812	11.165253849617784	11.165253861463981	11.165253810824538	160.94197965995892	160.94197962125844	160.94197978519816	160.94197974832554	160.94197970886552	160.94197967261817	2.1566877153594817	2.156687715765429	2.156687738193625	1.3868098445965131	1.3868097470901546	1.386809769172146	1.3868097472095826	1.3868097474484102	1.3868096815773754	23.03024490733773	25.94767772596174	254.67019086577358	0.0	136.05018174436384	4.697832795078909
60.98467595044656	22.133524288101512	27.01249382867556	50.33831008208182	40.333365616098604	240.13955440195852	11.165253817333792	11.16525375976164	11.165253824325532	11.16525385802089	11.16525385519401	11.16525391881558	38.54828210210687	2.1566877069247425	2.156687715968417	2.1566877071009856	5.726203424825172	5.726203475529502	5.726203494282601	5.726203503659065	5.726203430643096	1.6004626335150647	1.6004626029223914	1.6004625428819281	82.77595861339341	25.947677583643525	25.947677551569484	202.99345179226572	68.44634723361386	15.5639372242822
10.11756920565233	10.111087396777464	12.493392916937012	19.26984262266842	25.46243654233905	27.01249382867556	30.059335879579322	35.642129522906544	181.2440328297536	11.165253813564902	11.165253824325532	11.165253861463981	11.16525388515646	2.1566877153594533	2.1566877069246857	5.726203474266157	5.726203493959304	5.726203472853911	16.482439950232504	1.600462572985407	1.6004625993921024	1.600462494262331	0.0	191.9817856261043	25.947677562684618	25.947677562684618	25.94767752696606	253.82020168305922	101.60444692740145	0.0
1.0766887420503224	10.201304320022984	9.86988955130579	12.493392916937012	0.7711250885674019	19.70517608571899	5.475794403267173	34.24016530082338	35.642129522906544	34.24016530082338	42.768578068619036	3.5893330247928077	11.165253824325504	11.16525388515646	0.0	48.014272457048975	48.01427258156721	1.6004625417370448	1.6004626125955213	0.15363032283553935	0.14265494018724212	0.018325191320769818	11.983179055864923	3.7061614009422783	107.61725697287685	25.947677529339302	25.94767733279764	177.1698975381532	244.13968863092907	0.0
