254.93613243137398	254.94403292740742	254.99924993384192	254.4118380076325	241.14688128633267	250.86805549879807	250.0238480071015	255.0	252.45	253.86666666666667	162.5403593014437	242.85714285714286	248.93301766562124	236.86666666666667	194.33027826229633	221.0	170.0	251.54228868381932	170.0	253.63392857142858	185.45454545454544	222.0742963858628	204.44258135454322	204.44258135454322	247.49349179058873	232.48833540089623	253.32099653577745	254.99955662229425	254.98498162545815	254.24980222230354
252.41389354613764	254.99996079514395	229.49762455129098	251.22222220333333	241.30036631593407	250.02384652594128	185.45454545454544	236.44946444718227	239.1849897673195	156.24888124578	93.49086894605409	245.555555565	96.85978923082732	255.0	246.30681818675748	182.55461073050824	251.9808743169399	225.17328845205043	251.86535162950258	251.82730088478988	237.98491178187706	228.50091224509967	179.06766971236328	230.47471165869857	234.13495450363996	240.87218749741544	243.84094858754358	254.99268176020408	254.99955662229468	254.99953182772484
254.79973700208868	250.46666666666667	251.86592181036272	254.745	224.93448351310875	236.4494645137094	238.0615114515479	238.06151102258525	223.37545132103116	255.0	43.18521884777758	243.77883430526128	125.47267904532927	236.73213752358907	120.348305573261	157.7127883759279	252.15070883386792	252.02273658336748	252.51252908536622	205.05092279475286	219.63319145130762	252.53384912959382	180.91216217438597	237.9999999915	231.52780279902942	238.91203634070163	254.96432542155503	254.95793019034454	254.99925616732554	254.99984799952995
255.0	226.66666666666666	229.42295426159714	29.395418577050293	19.46831532664322	255.0	230.208333421875	223.3754511660466	221.90993267187935	252.45	246.13899613899613	224.01981599433827	212.5	252.07523124357658	224.01981599433827	223.96238838409027	103.44938716112082	147.9645686549004	158.58036054699596	212.5229674026964	215.28504932586574	240.39357301758443	253.2680356114102	251.87755102040816	237.9999999915	253.22975635087698	254.9436995734553	254.96432542159326	254.96176593086213	248.1308803763441
75.2602505964077	8.664954063580097	253.72379340196488	248.82598610733757	233.27454869094205	255.0	225.42718487013747	230.76923076923077	204.386363726641	222.42499600774684	237.81336440806518	248.07692307692307	212.5	221.3980447347213	226.666666695	242.85714285714286	200.67713795230458	141.50890868596883	141.5089086859688	201.45403317461324	252.51252908665003	252.51252908537677	173.07692306909155	245.76923075810998	229.5	251.53061224489795	254.9345106015779	254.96432542158075	254.9825468987869	252.45
0.7789090752752088	14.40825998288895	88.85232475490616	0.6510064537509379	162.6948705272112	170.9243754622728	255.0	204.3863636198027	192.68559348961392	206.19334304261986	227.00637581013893	255.0	244.8	229.5	238.0	187.0	93.71078040242944	200.6771378704278	200.6771378704278	209.1450153844407	239.2730463743834	182.25363355128246	253.74074074074073	246.95945945371622	244.8	244.8	252.39795918367346	251.866181156122	254.99378143575674	245.30585731414948
65.91281543215439	195.7854152262369	166.63056939525293	210.85944533052094	255.0	255.0	194.68216283801056	192.68559331546936	204.3143297614335	202.35895642499997	183.35567747190316	67.08061251635039	75.69899896444596	75.69899896444599	116.05947048982318	185.30560724691298	213.0422346022134	211.1155407652984	211.11554077238708	187.8772915766699	161.17521964387018	200.67713795230458	249.97943878230257	249.97943878157488	243.87583888525575	176.2918994388786	178.5	241.42011834319527	227.7285748388637	245.30585731517553
3.654436763368267	1.0883635532104847	15.472886446238618	255.0	255.0	255.0	255.0	179.74546374846506	203.36903091300164	204.3143295921816	255.0	197.88351226375323	103.76857749469215	75.69899896444599	198.30665385007	107.7756813816674	161.8871652437	159.18432998510983	236.3359110872079	161.17521959531237	241.40216196127653	196.15384615384616	153.1899601705347	138.16998792674127	185.84745759503303	185.84745762711864	226.04395604561205	249.9143778075271	227.7285748459994	254.592
7.904985333532835	122.72667852827564	48.689855270441456	196.15384615384616	196.15384615384616	194.7013006337663	179.74546317011448	179.74546368606113	179.74546379449447	255.0	140.23071153481115	197.88351214346935	58.86864900937249	103.76857749469212	152.953456145597	103.76857749469218	237.8689683482323	171.3627165665855	204.0000000456158	174.3619196689565	226.78254990732788	229.6469740634006	245.93023255813952	153.1899600885692	236.2467681650565	185.9375	246.5000000085	230.88531187122737	252.69422743055554	232.421875
0.03510685713499129	70.80444226703389	125.76380040954211	255.0	173.19886057295872	145.77907817165195	179.74546374846506	179.74546363184447	179.74546368606113	179.74546354332	140.2307115494355	58.868648205805016	58.868647983609236	58.86864849341788	152.95345619783112	192.49608468518616	192.49608468518616	173.73197982788525	238.49483538145898	238.494835357145	115.33074784631978	239.47677343618983	239.47677343926696	144.16343476499998	158.7544656636548	247.9074268882811	239.40339923764307	243.93229166666666	251.14277615540348	232.05
43.428057394940254	113.42865360852349	236.78965824745816	145.77907817165195	145.77907808376273	145.77907803167864	145.77907805172396	179.74546317011453	179.7454634592898	179.74546354332	112.20000001122	58.86864732407625	58.86864840029557	58.86864847506081	58.868648409863795	123.50106272092756	123.50106272092756	97.68935818234971	237.08042657571613	238.49483533980614	238.49483534558357	132.2691794778671	132.31345263126912	132.3134526127297	201.21682640919573	158.75446579892628	235.008	234.63374291115312	249.93421766493054	254.947799805794
0.6364558592752019	120.15969243194175	255.0	83.39410816681246	255.0	145.77907805534517	174.99915222139677	174.9991523865463	145.7790779917599	145.7790781263448	112.20000001122	52.920030867832736	70.48580888296851	70.48580892210882	91.69396120144276	91.69396226449115	91.69396216825487	91.69396265166128	91.69396306182892	160.00273455694492	115.9446423363126	115.94464239237593	115.94464238982496	115.94464240927903	115.9446424297258	234.39393939393938	236.29557291666666	248.36336336336336	248.1308803763441	254.95793019034454
109.50728293252925	138.4777707241397	169.76514915475138	204.3177098185135	159.62102864270048	159.62102883030155	255.0	255.0	255.0	255.0	255.0	170.000000085	212.5	86.50877950541533	71.10918593975526	71.10918592690271	141.8799116967691	91.693961634669	91.69396123132088	91.69396146218045	115.94464244818712	115.94464237370104	115.9446423703709	115.94464237370104	115.94464233146277	234.73972602739727	232.421875	83.30375569255577	254.745	253.760847894783
98.39521803356237	255.0	139.05535766853723	139.05535766853723	159.6210286820044	159.62102863257203	159.62102863257203	159.6210286327215	255.0	255.0	224.4	123.31856626171214	189.1592832044682	163.50685872698114	163.50685892346706	86.50877956351428	48.556486701982664	80.44899822051141	89.91231498324638	213.13432835820896	185.8474575996481	115.94464193685886	115.94464239237595	115.94464236064388	115.94464233146277	201.875	183.8211382113821	81.29866680853152	223.97081537713407	0.0
236.95534697979915	139.03703093488934	139.05535766853723	139.05535763935615	139.05535757027425	139.05535806314117	159.6210286723316	159.62102853370726	155.84667300204057	183.35567747190316	106.10398186913247	174.36191973458108	117.14697860503617	91.49314107653294	91.49314127301886	185.48148460321	107.83520790771479	72.95030552541976	213.13432832327356	103.52789242413189	103.52789262784088	95.37897146629274	95.3789713672785	115.94464242972575	115.94464242972575	191.9354838846774	182.93478260869563	114.63113334796938	253.760847894783	0.0
236.95534697979915	139.03703092269996	139.05535757027423	139.0553576296291	139.05535760762405	139.05535760762407	139.05535762629898	190.0919531780553	206.35640540607352	99.20480974512728	99.56292990135069	104.10421220579474	148.34590517393252	58.65491758856297	58.6549176534601	185.48148452426187	58.65491752409275	58.65491752409278	58.65491727398532	183.8908140730973	95.37897132766844	95.37897135407513	95.37897136742797	95.37897131799562	95.37897135729955	183.60000000000002	182.93478260869563	183.8211382113821	0.0	254.99898076153664
139.03703095246834	139.03703093928408	139.03703095147625	139.05535762629898	139.05535761017507	139.0553576636874	139.05535755181288	151.2732263096275	184.0745260101018	184.07452600392398	88.04896396968152	58.6344051369438	58.65491699678876	176.90281945730885	176.90281949856322	202.4524640974873	202.45246408073226	183.89081406024476	191.4808605842622	109.81082448692675	204.0	89.12168287244847	95.37897116969845	90.04125316909543	198.33333333333334	185.9375	171.60589183318757	31.64468310787825	14.937671229571151	250.04863345952123
255.0	139.03703089392366	139.03703092609982	126.71829849754218	139.05535759072097	182.96470463394695	148.67792270245837	151.27322633072808	184.0745260228067	0.0	92.39109415394947	184.07452596757574	184.0745260373559	184.07452603259736	190.09195322896323	190.16706991839786	190.16706998775737	177.14994667622642	191.48086061323184	109.81082446472323	89.12168281742882	75.25453645667997	75.2545365407102	75.25453645667994	75.2545368298855	185.9375	145.77907817165195	244.25156229131485	110.8707987404276	116.60688921279043
255.0	255.0	139.03703093229205	182.9647046866806	182.96470463394695	182.96470465123627	182.9647045803476	185.7517221474091	86.17050620296328	90.17154161668532	92.39109415394947	100.04719903843704	184.07452596757574	184.07452601409582	167.43266675816125	167.43266675962707	167.43266676317307	177.1499467171878	167.43266677319662	114.76928845056449	75.25453645667997	75.25453631393884	75.25453636815556	75.25453625153497	75.25453625153494	185.9375	145.77907808376273	254.86162734622923	15.780004513474665	50.806252099826764
255.0	255.0	255.0	145.77907817165195	182.96470463394695	182.96470467031003	182.96470436768152	148.67792271314175	81.6382305479681	185.751722063328	185.7517221206805	185.75172215380934	185.7517221185522	185.7517221185522	185.75172213169606	92.39109415394947	167.4326667889507	167.43266676398022	167.43266676398022	114.76928846518885	75.25453620550553	75.25453631393887	75.25453624256832	75.25453625153494	75.2545368298855	145.77907805172396	145.77907803167864	235.17376256148574	198.3543866094879	188.37325329192674
109.68656380318882	255.0	255.0	129.72825985365694	145.77907817165195	145.7790781263448	110.60810845521519	78.30255474947941	78.43700757459854	78.16400025226696	185.75172215380934	185.7517221538093	185.75172213028418	185.75172215380934	185.7517221206805	185.75172201278085	90.17154161668532	185.75172214351375	167.43266677319662	122.2073107923546	75.25453625153492	75.25453625153494	128.1873365368344	122.29379250748696	168.66836947295656	63.30253837082324	229.5	0.0	227.7389275645975	133.46337460344134
180.58643794340912	234.11525312908103	255.0	129.7282598031119	129.72825974372608	145.77907805172396	145.7790779917599	69.32470209477188	76.16270644867487	33.08469006446717	33.08469005441222	33.08469004308728	185.75172211056235	185.75172209395194	185.75172212457588	185.75172210536851	185.7517221359925	185.75172214351375	185.75172218009703	164.7655155633492	164.76551566019012	179.9210662548113	164.76551569236284	120.06668313401676	144.16343474247608	154.38923522375688	229.5	0.0	112.02232565376298	1.804639302562009
11.534791858763072	255.0	39.96811162035797	255.0	129.7282597140332	129.728259716916	145.77907808376273	145.77907803167864	145.77907805534517	107.775681405	33.0846896833622	33.0846897183435	105.09338418754959	183.33968142566837	185.7517221538093	185.75172212457585	185.7517221185522	185.75172213169606	164.7655156279098	164.7655156055756	164.76551560557556	164.76551562727244	133.33408001004548	133.33408006	133.33408006541805	103.32634699406913	154.38923522375688	6.152481239826386	38.751798740191276	219.04303222815852
61.85100739304778	255.0	255.0	255.0	39.96811150607175	129.72825964854553	129.7282596249544	52.47229492204775	52.472294934293416	44.81841834978178	44.818418339683745	44.81841832704319	33.08468966941456	105.09338405768136	211.29103751147903	211.29103756652285	183.33968143992317	164.76551556218197	164.7655156279098	164.76551556218197	164.76551575703104	151.20035194273365	133.3340801025	133.33408004696048	103.32634702414089	103.32634699198945	21.479235177439392	126.9359753827961	249.00544334436842	0.9427338287080431
191.48052596267587	109.68656380318882	255.0	255.0	255.0	55.88948215687168	54.32286204769542	54.3228621295722	129.72825944343415	25.395162736213678	25.395162623604506	25.39516271006906	44.8184184527604	44.818418504881095	67.68531388793906	76.44125006164273	164.7655155633492	164.7655156923628	164.76551551031383	151.20035196890686	151.2003520645732	133.334079975	133.3340800679517	103.32634701810946	84.16600997984926	84.16600994796335	166.68555654616765	254.86003080368377	121.52670754857627	187.3914783783543
68.62399803122551	61.85100739304778	8.999420909349595	255.0	49.90906888663196	18.121030076621196	53.938533887083	55.59753955031593	174.36191973458108	121.34249176507916	121.34249153055936	25.395162681247513	25.39516267617313	25.395162597331307	44.81841816237551	151.20035170892277	151.20035185399456	151.20035192418743	151.20035196890686	151.20035196890686	133.33408022999998	86.04414254342885	86.04414256048847	84.16600997984926	84.16600994796335	255.0	0.0	64.32512301123083	53.473541303712125	13.298635205641887
97.19264404219075	46.112900204949995	44.91782213597409	77.8898443600911	181.2440328297536	26.118563917084344	26.118563917084316	26.11856392820411	26.11856395044356	121.34249150748175	121.3424914865974	121.34249165150248	121.34249153525252	121.34249159395134	121.34249155958014	81.60855137284054	81.60855138820196	81.60855140635223	86.0441426609832	86.0441425531804	86.04414253489901	86.0441425496108	86.04414254247163	86.04414247660057	110.95474892207613	0.0	38.44165191665658	57.48914993072401	21.498207192914265	16.75181176410797
53.29916153969526	67.51370071486292	32.57536585338528	138.4777707241397	204.3177098185135	18.475568933553035	26.11856381700673	26.11856389789304	26.11856389789307	26.118563933481482	26.118563926868518	26.11856398922808	30.53306325700217	81.60855140635223	81.60855139588267	81.6085513921777	78.59989545248536	78.59989531067089	78.59989532942396	78.59989531067089	78.59989527326098	95.3789714092012	95.37897136742794	95.37897153452096	3.5893330247928077	0.0	0.0	23.692177113763307	188.94732160689261	0.0
10.135492879757237	115.08528340400338	12.402771183424647	16.075081572747962	24.570910206947076	35.642129522906544	29.86747008882392	35.642129522906544	46.96371222022785	26.11856388713241	26.11856389789307	26.11856392820411	26.11856395044356	81.60855122884206	81.6085512812767	78.59989534958899	78.5998953180671	78.59989530313169	33.73227413051805	95.37897132766841	95.37897135407513	95.37897135729952	0.0	107.61725697287685	0.0	0.0	0.0	0.21145334226645218	3.369245762246152	0.0
1.0854151604826257	10.090807340686126	10.066576978315055	11.965817281693404	0.38041786435411495	18.097182744643646	3.4206288731132304	34.24016530082338	32.57536585338528	27.01249382867556	34.24016530082338	3.5893330247928077	26.11856389789304	26.11856395044356	21.479235177439392	105.9722919766937	105.97229190291253	95.3789712838815	95.37897136727852	18.310224460716057	17.084438441033	4.487574184300769	1.6081190789036555	1.0244457327783323	20.283443501017388	0.0	0.0	31.835787159425394	0.01218266729213724	0.0
