254.8992361140395	254.71666666666667	254.9430333185444	254.51824229250673	254.61519114684256	251.41789362980768	251.2132109731871	244.0953947368421	252.45	163.2	183.4434091576565	255.0	252.4414539647927	253.86666666666667	244.97395963538335	212.5	240.833333339	239.71416365019064	240.833333339	227.67857142857142	251.13636362863636	217.74351324019892	181.48777699206283	181.4877769920628	250.83553579836442	215.52978745724425	254.28316753284304	246.53175417599635	253.06895822678842	254.5631663073316
254.97983517139141	254.6863611516035	252.92023387125084	246.5	251.03021978021977	251.2132087266628	251.13636362863636	234.26755802042922	240.60905991604994	177.02735972863567	204.33070903080971	251.015625	208.3467577714148	0.0	173.86363626485021	238.45770658672183	230.03415300546447	251.10409103476454	233.2761578044597	229.10827161287085	245.03876421472677	227.5555166838697	237.52791353713286	213.49642084573307	234.81100551285073	240.77199106125397	230.22809991690582	252.07270408163265	246.53175417752487	242.35934857074858
251.27869633445226	247.91666666666666	243.60335196619457	254.745	224.93448351310875	234.2675580568687	241.116989917747	241.11698793022697	220.15020550831431	227.109375	168.87847069923424	250.26518098541447	145.85868643081054	244.75330333615753	140.22138418276802	226.35812615574275	156.48615842811597	177.5911511675543	173.438339023578	178.518632065354	214.84125535892326	156.3539651837524	255.0	153.0	231.53131743312866	239.68387293678956	228.65556896570584	253.1266132658329	240.5810896950592	238.2495025370389
251.09549485182453	254.21296296346668	231.39608952371393	228.75786875480384	254.71669687412484	0.0	232.421875	220.15020545199928	218.80655207012694	163.2	246.13899613899613	149.46636631971415	255.0	171.8065775950668	149.46636631971415	208.4435825761354	237.8319294015185	217.9673538703104	244.0773178432996	213.95727317906	215.18587102647246	165.76858794231998	152.36328893587773	161.3265306122449	153.0	232.9896731671035	231.10682543154684	228.65556896758375	220.5893377759267	246.65994623655914
10.23745440178834	138.50393874856545	146.0213118184659	195.8709408072024	188.25653323511673	0.0	228.0564302775286	230.76923076923077	199.94318194996254	226.66466582055656	210.81187036535118	173.0769230769231	255.0	236.07228130985408	239.0625	201.875	83.84712598538911	118.12917594654792	118.12917594654789	200.57255325648833	173.438338997661	173.4383390012529	248.07692307723633	155.7692307621824	234.6	237.6530612244898	205.88295118343194	228.65556895835445	213.48620624264663	253.368
114.79491001181518	160.62796892040296	22.015071525948997	4.434471416870224	129.42896957319687	40.49408609295486	255.0	199.9431818454468	187.62437012959788	212.36361763572063	146.39286740455321	191.25	136.3090909090909	229.5	102.0	238.0	110.91755194916442	83.8471259811086	83.8471259811086	224.37491442362054	184.92935546394685	136.35578662277868	103.88888888888889	0.0	193.8	193.8	124.89795918367346	138.93263541192533	165.45267489711932	242.35449639005586
253.72837045112968	213.02746730304278	225.25782505153552	126.91899350810232	255.0	255.0	189.56134465136623	187.62436993766954	210.69915293520182	206.05485661875002	255.0	81.43918690168081	91.10286503279252	91.10286503279255	190.50506628255047	104.62863045115245	162.33824845677265	201.05483116437327	201.05483118097797	190.1066723540693	143.1339518469192	83.84712598538911	139.3234028075677	139.3234028071997	51.342281870580166	227.93296088710989	220.99999999829998	104.11242603550295	222.12819288613034	242.35449639042452
116.34478942558093	45.27510783650021	91.49720707628475	255.0	255.0	255.0	255.0	174.10085687461526	209.86123803104473	210.69915247094943	164.95577479194338	147.1053489926254	179.92569002123145	91.10286503279255	213.1919436960543	194.89592360746497	150.8966859316828	129.6470015432165	171.5316569821207	143.13395185934223	96.96911351913963	58.84615384615387	143.71446606440145	64.45845728142442	177.20338980413675	177.20338983050846	174.6703296716093	141.8585639287922	222.12819288299147	240.312
1.3567993636209223	210.84315739670626	242.03888944295662	196.15384615384616	196.15384615384616	202.1730134283347	174.10085687461526	174.1008566920314	174.1008567185933	255.0	243.8777067628378	147.10534890549735	72.1165136505195	179.92569002123142	232.17090874028406	179.92569002123145	121.2623583048898	170.8396380667932	130.07602309131408	182.8751083066917	100.44666069175571	183.71757925072046	47.09302325581393	143.71446605277401	106.65900602209558	180.625	102.0	51.30784708249496	156.14000108506946	229.25480769230768
224.0102766769382	124.33675562992292	203.30234130297802	0.0	166.0982574665381	255.0	174.10085668183177	174.10085667875052	174.1008566920314	174.10085646741882	243.87770677902054	72.1165140007792	72.11651424820593	72.11651424451819	232.1709086885816	208.67544032764334	208.67544032764334	168.66777690991213	116.0185003039814	116.0185003271551	161.88716524290066	106.22505450276708	106.22505450365779	138.43777078124998	165.85953589599802	93.41887420385214	148.8605619146722	119.42057291666666	186.52294317075626	250.46666666712
83.72704390691922	0.6344325250133238	31.382279135819488	255.0	255.0	255.0	255.0	174.10085571791421	174.10085658544	174.10085646741882	224.40000002244	72.11651305637349	72.11651383151957	72.11651416964378	72.11651414216104	99.71109944780204	99.71109944780204	174.36371440628145	58.70090847062758	116.01850024751249	116.01850029941411	138.8168538756463	139.39917808277937	139.39917794970987	84.15691764219832	165.85953580240601	137.088	179.68100189035917	156.14000108506946	254.06130789548405
224.0102766769382	238.02365974940568	0.0	244.03803622588327	134.92552669983712	255.0	183.14276674526943	183.14276694017087	255.0	255.0	224.40000002244	64.83948613468712	227.2878250394044	227.28782507800395	168.65044839123718	168.650449471328	168.6504493580489	168.65045129167424	168.65044932581208	160.08486776874457	106.63227675168889	106.63227678097431	106.63227680520126	106.63227682595817	106.63227681532439	92.72727272727272	119.42057291666666	124.56456456456456	124.44796466973887	253.1266132658329
1.3567993636209223	255.0	169.76514915475138	204.3177098185135	164.73378353286859	164.7337833613243	134.92552639809696	134.92552647917762	134.92552649867702	134.925526548967	134.9255265408837	191.25	148.75	69.4876882401112	255.0	255.0	142.45884911648903	168.65044758186144	168.65044862823186	168.65044959591518	106.63227676044721	106.63227676379935	106.6322767844444	106.63227676379935	106.63227674293063	68.0211706102117	91.94711538461536	146.05113847320024	199.92	145.884990057276
125.61782321734148	0.0	148.36772336409405	148.36772336409405	164.7337834848154	164.73378346517535	164.73378346517535	164.73378344208106	134.92552647917762	134.92552649974633	91.79999999999998	189.1592832044682	57.477849466180345	184.05484203591627	184.05484243679922	69.48768824016275	59.577592257712155	154.10524453096195	67.90646787538591	68.50746268656712	60.50847455978885	106.63227656889092	106.63227678097431	106.63227677406599	106.63227663590595	69.06249999999997	101.58536585365854	0.474533175399813	255.0	255.0
91.41100953616265	139.03703093488934	148.36772325706937	148.36772322593401	148.36772318467564	148.36772343110908	164.73378348169115	164.73378342589518	180.02651824055465	113.14138915514471	106.51634604556676	174.36191973458108	115.40181192844224	70.94515756320081	70.94515796408373	57.9814844575059	118.54677314673611	142.74128072728786	68.50746268145468	110.11363615618546	110.11363636363635	90.26621657410479	90.26621655791894	106.63227681532433	106.63227656889086	90.48387096774195	116.41304347826085	94.16590893979387	145.884990057276	255.0
91.41100953616265	139.03703092269996	148.36772318467564	148.3677232155556	148.36772321902566	148.36772321902566	148.36772323620062	53.84018237857964	68.77725920590521	99.2958962617171	99.6319683627263	112.28926481732589	165.551917321458	125.72298921401625	125.7229890709813	57.98148452426187	125.72298905946454	125.72298900532735	125.7229890572008	0.0	90.26621651830885	90.2662165447156	90.26621653482465	90.26621651518462	90.26621646713141	81.60000000000002	116.41304347826085	101.58536585365852	255.0	195.913075640131
139.03703095246834	139.03703093928408	139.03703095147625	148.36772323620067	148.36772319479874	148.3677232483111	148.3677232395528	99.84617441302538	78.62343020892664	78.62343021386468	90.8284334190354	87.45453339598498	125.72298882263627	110.64841058908985	110.6484105747802	41.45088246387317	41.45088251102621	0.0	50.20320631415177	59.012578400628286	41.72727272727275	95.28352993514739	90.26621663867573	96.48472538694736	56.66666666666666	69.06249999999997	10.961963774116725	7.749268093056202	10.306004106574647	254.98793548860036
0.0	139.03703089392366	139.03703092609982	119.60592595868448	148.36772317404183	47.82869095136445	83.89399917241317	99.84617441217543	78.62343019675302	87.45453339598498	105.8274397143222	78.62343023060617	78.62343020257543	78.6234302211002	53.84018237820874	36.1454119147119	36.14541194176368	26.000637568570454	50.20320636451868	59.01257834941174	95.28352973629433	80.89914353258118	80.89914341455997	80.89914353258118	80.89914428208581	53.125	26.08351197377587	77.58719960252859	30.055112475717834	98.57694873568684
0.0	0.0	139.03703093229205	47.82869081583456	47.82869090845685	47.828690905367495	47.8286910844333	47.71517976509165	85.53563718409166	122.35959306696776	105.8274397143222	85.2687776917058	78.62343014955417	78.62343021191901	38.08509762675686	38.08509761131543	38.085097624577145	26.00063751145089	38.08509770778497	11.122293220979486	80.89914328140677	80.89914330796856	80.89914332124948	80.89914331816826	80.89914312538474	53.125	26.083511995047928	97.42101324315735	244.03567560547776	50.806252099826764
0.0	0.0	0.0	76.86834869678364	47.82869088700306	47.828690798498	47.82869073244524	83.89399918816682	80.93917215072321	47.71517968101057	47.71517972698439	47.715179744157666	47.71517973510092	47.71517973510092	47.715179726044255	85.2687776917058	38.085097615102086	38.08509760942218	38.085097628437154	11.122293237162182	80.89914328140677	80.89914330796856	80.89914332124948	80.89914331816823	80.89914312538474	26.08351204227617	26.083512024797272	32.94193994150618	64.20797315537968	5.166516994076687
1.3052392164147761	0.0	0.0	163.69883785608823	76.86834869678364	76.86834881751298	80.84247868682462	80.85071412061274	75.03979071009269	78.27608294260864	47.715179744157666	47.715179744157666	47.71517971383068	47.715179744157666	47.71517972698439	47.71517970793079	122.35959306696776	47.7151797953324	38.085097620217596	32.29988995954315	80.89914312538474	80.89914341456003	50.1790711629514	37.25229623106847	39.37139434026247	69.12116644818241	102.0	255.0	183.52260988347086	3.5980779882573586
31.382279135819488	60.66363235609373	0.0	163.69883791405232	163.6988378887841	76.86834867378178	76.86834866228082	69.54289322496112	72.91592363133654	41.316864918817714	41.31686492174106	41.31686508216998	47.71517961266255	47.71517968887713	47.71517969674369	47.71517972305111	47.7151797309177	47.7151797953324	47.715179726044255	34.154801047480476	34.15480121743113	29.773877192028664	34.15480109547988	44.72161308883929	33.651332828012954	75.84013941839467	101.99999999999997	255.0	0.6308337386921323	224.41615954287295
43.773118886396276	56.57143124999999	220.85050326632762	0.0	163.69883787615004	163.69883788853872	76.86834864864738	76.86834867179687	76.868348633663	127.5	41.31686486447629	41.316864817766714	44.62651196268553	36.52669652135117	47.71517974415764	47.71517969674369	47.715179735100946	47.715179726044255	34.15480116078092	34.15480118226708	34.15480118226708	34.15480116057029	24.712053282193295	24.712053314999963	24.712053337565862	20.805559276797595	75.84013941839467	45.646613888219406	90.77302530070358	249.59595360329385
250.24171802047954	56.57143117793993	56.57143116500001	56.5714311225	220.85050309048563	163.69883790476393	163.69883795633143	49.30528971657256	49.305289745960636	100.86031440223809	100.86031436394538	100.86031440741868	41.316864859425976	44.62651194334359	20.817747680259316	20.817747734387837	36.52669652508973	34.1548010954798	34.15480116078092	34.154801160570315	34.15480108762944	19.700280982126145	24.71205331499999	24.71205331910835	20.805559272672554	20.805559253302647	85.74827458338453	19.908315936063758	199.12235346833435	114.83229444528482
224.07154795140391	1.3052392164147761	56.571431122567446	56.57143117793993	56.57143124999999	55.5848870339928	171.1528740146109	171.1528740188914	163.69883795343958	31.810218162223777	31.810218137934726	31.81021822439928	100.86031441529022	100.86031432207926	69.24084636877114	75.89254439052942	34.154801047480476	34.1548010954798	34.1548010675549	19.70028109979299	19.700281258319848	24.71205331499999	24.712053182180483	20.805559271676657	40.61237519461852	40.61237517936547	19.845186134859404	161.27428344538998	250.44510287449066	177.72773281923617
4.378220495143353	43.773118886396276	254.46859158947257	56.57143120250862	49.94008579898244	45.57848135606994	51.83991955502262	55.76040453554407	57.47784929317484	52.10023138083719	52.1002317441953	31.81021819557776	31.810218249868342	31.81021839538832	100.86031426168338	19.70028109979299	19.700281120222996	19.700281166255337	19.700281143123675	19.70028109979299	24.712053570000023	20.805559272672554	20.805559276797595	40.61237519461852	40.61237517936547	165.75165402282317	255.0	239.5674236995617	103.83194171346773	0.039232415041141167
254.5110845511823	205.19504157195541	36.85321394152996	109.5644364013875	255.0	20.076324425579855	20.076324425579855	20.076324412215826	20.076324385487823	52.10023156733385	52.100231659319036	52.1002317441953	52.10023173318035	52.10023177995643	52.10023177011104	16.9399090306367	16.93990903382536	16.939909037289056	20.805559416096145	20.80555928086372	20.805559270610075	20.805559271676657	20.805559253302647	20.805559187431584	23.03024490733773	255.0	181.6604580077656	57.48914993072401	16.818707991125734	188.3063277225489
135.92604999670613	23.739873973315355	20.548416842969345	21.50232235869504	17.22864807885489	127.92890330469076	20.076324397192195	20.076324412330678	20.076324396189733	20.076324398731316	20.076324458212042	20.076324413475106	17.244664251024034	16.939909006020173	16.939909035419703	16.939909007404964	24.655831024596864	24.65583106947588	24.65583106947591	24.65583106947588	24.655831049647475	17.677477691990674	17.67747768988309	17.677477880724638	114.8177353377092	255.0	255.0	2.2165553671352427	179.23418333410262	244.19078624604646
10.095322370964567	10.445527826175635	13.42394460581545	19.96821715426725	23.91451685241472	20.548416842969345	29.96136212986397	35.642129522906544	46.96371222022785	20.07632441771105	20.076324396189733	20.076324436993133	20.076324459819745	16.939909030636727	16.939909006020144	24.655831007777067	24.655831043384836	24.655831045472382	37.138088565628834	17.677477665669244	17.677477692075968	17.67747759194077	52.10880364579657	75.25205516395567	255.0	255.0	255.0	191.0715101830504	0.014124506593674369	0.0
1.0430838346209157	10.178322593745833	9.977024141160456	13.42394460581545	0.06771263029216357	255.0	1.08306981196219	27.01249382867556	35.642129522906544	27.01249382867556	37.841467812178905	3.5893330247928077	20.076324396189733	20.076324459819716	0.0	4.53030343603578	4.530303456616622	17.67747768566798	17.677477705279358	15.022192894660094	14.004174916128477	3.8911108227341913	0.7436748669015003	8.77919534407198	20.283443501017388	255.0	255.0	248.0958898368478	230.05228240899837	0.0
