254.251779966395	254.61435185185186	254.99406176545267	254.51824229250673	254.61519114684256	251.41789362980768	249.7308849787697	244.0953947368421	252.45	250.46666666666667	252.180935170883	255.0	252.98769681844232	250.46666666666667	190.76391337166592	233.142857138	242.857142862	247.911331913142	242.857142862	238.60714285714286	251.688311685	241.47883752808596	252.10811364522547	252.10811364522547	228.67235492122768	254.69202919831997	241.5034944378074	252.67441030461146	254.59586851845233	254.94448902222476
254.90309520482242	254.93225400874636	250.2194437448657	245.08333333333334	251.03021978021977	249.73088655995952	251.688311685	243.33705919522012	240.60905991604994	250.34088040054218	239.90004810681168	251.86618107	247.40982989770743	234.71590895754778	246.30681818675748	178.93436862894728	215.28688524590166	242.75693228497565	242.02401372212694	242.99294559150982	199.65295672783418	228.09715294457882	225.67230758122903	248.04655735259112	235.66136494738456	240.9128915265435	253.62344829479085	253.94617346938776	252.67441030512353	251.25462179874032
254.94263320788465	253.1265306128	248.7318435865355	254.745	224.93448351310875	243.33705923307033	237.34643561917684	237.34643416505452	234.0930518571742	227.109375	245.371046114195	251.27587886467649	242.58962377990366	246.27220590548953	238.71999665854307	153.89812605037594	194.21010881209693	208.93076607947563	202.19258995513735	239.92663201964538	219.11046833853493	195.81237911025147	252.70270272552045	153.0	231.57508488270744	239.22105858676656	243.8702714943897	254.32563406551316	251.0267891604163	251.0037089176461
255.0	254.42176870706666	229.62439512960856	254.88102668351596	235.47017943246664	200.3950103950104	232.421875	234.0930517972926	232.49350600302532	130.05	246.13899613899613	70.77244403017275	255.0	226.9054470709147	70.77244403017275	204.7133218861922	223.31653253572753	144.25223380750333	234.84232160970444	214.85474963555157	214.30857352240736	180.23702590726424	191.50372891835747	192.55102040816328	153.0	245.03689190386385	246.40065946745804	243.8702714952037	239.7063723448563	246.65994623655914
10.23745440178834	249.906869770907	146.0213118184659	252.56883534422641	233.53486678275038	166.15384615384613	228.0564302775286	230.76923076923077	219.9375001449588	221.47567122077533	241.82851539113963	207.69230769230768	255.0	238.8693619958863	241.42011831	182.14285714285717	83.84712598538911	227.92873051224944	227.92873051224944	200.6199840130775	202.19258993911154	202.1925899409343	240.38461535835364	197.30769229876435	215.33333332200002	234.18367346938777	234.04339250493095	243.8702714913046	239.0313924559328	248.8296296256
80.48422639891965	253.0496803619756	248.19101683041006	148.36227429568825	26.742035511648282	212.24334937945096	255.0	219.93750002999144	210.86905513828916	204.82103838437328	4.783745446734287	191.25	199.36363636363637	229.5	221.0	221.0	218.60489567911122	83.8471259811086	83.8471259811086	152.6730644914727	209.9686296085946	126.14845323138465	149.22222222222223	103.37837837837836	183.60000000000002	183.60000000000002	161.32653061224488	247.57168866636323	211.12181069958848	245.83582360610143
236.75735366740943	172.61857640004672	100.48304133548888	246.164632961593	255.0	255.0	212.8399093291456	210.86905518186362	202.89547997997462	206.05485661875002	255.0	197.21180242782648	205.003451846738	205.00345184673802	112.68204481855759	131.9858817224241	72.25686222199826	151.74116652210606	151.74116653244295	188.05805700768946	138.11427189195433	83.84712598538911	170.86612808814485	170.8661280876935	222.48322139639544	208.93854748786399	225.8571428586	230.85798816568047	228.79021246120791	245.8358236063686
250.66432234966862	149.4149038402714	93.66801891487975	255.0	255.0	255.0	255.0	200.56472591553467	201.9269142679908	202.8954800947812	164.95577479194338	172.18942688072028	100.52016985138005	205.003451846738	216.52998258371935	199.3544379689672	180.3436444172616	213.05021883465602	190.34569950483348	138.11427181829043	132.84324187175866	176.53846153846155	155.13607921381862	48.06557146918402	187.57627116358518	187.57627118644066	174.6703296716093	181.3491155412019	228.79021245870518	235.008
1.3567993636209223	166.68778361846182	243.01249336570828	196.15384615384616	196.15384615384616	193.0472147643718	200.56472533718414	200.56472547879946	200.56472558039718	255.0	243.8777067628378	172.1894268271585	188.84215730276327	100.52016985138002	197.71043792411643	100.52016985138005	155.11571795322413	172.04090260714082	120.0666830622028	154.42664362926922	128.8077268757491	183.71757925072046	130.81395348837208	155.1360792177354	143.57943118992958	180.625	76.5	51.30784708249496	156.14000108506946	229.25480769230768
248.85524447058503	102.31214739563453	248.34073059457432	117.69230769230771	199.1241474105822	255.0	200.56472552996766	200.56472542800063	200.56472547879946	200.5647253292227	243.87770677902054	188.84215816307858	188.84215751897585	188.84215741703412	197.7104378965775	105.88615912275921	105.88615912275921	167.6955921590685	145.45079695744354	145.4507969844513	168.79426600738702	135.47543182961596	135.47543183075192	138.43777078124998	127.98837654175605	140.94916129525848	126.57127991675338	119.42057291666666	163.8570373602766	251.66938775556
138.49839228948878	246.0158418331459	31.382279135819488	255.0	255.0	255.0	255.0	200.56472533718414	200.56472533718414	200.5647253292227	224.40000002244	188.84215606321703	188.84215751897585	188.8421575910464	188.84215751093393	204.73643881189915	204.73643881189915	94.51968257319442	90.76439687714449	145.4507969270812	145.45079693996644	105.16725831178431	103.24418831929333	103.24418833489486	211.01216156035954	127.98837640806977	143.92199999999997	139.18950850661628	156.14000108506946	254.79220557741462
183.92637351788036	12.166062746244933	117.69230769230768	253.34169412208962	134.92552669983712	255.0	173.2361069194475	173.23610692975024	255.0	255.0	224.40000002244	175.22917765595815	235.65046470958623	235.65046471039764	88.61162793252933	88.61162913706863	88.61162889934187	88.61162938274785	88.61162824219255	154.805547563056	117.9084532357893	117.90845325533905	117.90845328930163	117.90845327280607	117.908453375466	92.72727272727272	119.42057291666666	124.56456456456456	124.44796466973887	254.32563406551316
1.3567993636209223	255.0	169.76514915475138	204.3177098185135	164.73378353286859	164.7337833613243	134.92552639809696	134.92552647917762	134.92552649867702	134.925526548967	134.9255265408837	196.153846095	127.5	175.15903860834797	224.829555817934	224.82955577702637	140.24868178934634	88.61162787742424	88.6116280962853	88.61162890961177	117.90845323981495	117.9084531952756	117.90845323444742	117.90845319527557	117.9084532317637	107.65255292652552	91.94711538461536	146.05113847320024	167.53500000000003	145.884990057276
238.36790082500806	90.53745299102215	137.09154687526103	137.09154687526103	164.7337834848154	164.73378346517535	164.73378346517535	164.73378344208106	134.92552647917762	134.92552649974633	153.0	161.8871652522563	161.8871652522563	76.11205135426323	76.11205130596943	175.15903861587412	164.7417501390671	77.65085915136396	62.78383277032495	91.3432835820895	86.44067795181701	117.90845288259911	117.90845325533905	117.90845320702036	117.908453124739	69.06249999999997	42.845528455284494	91.82194892731945	174.1680696436964	0.0
0.44125885509492946	139.03703093488934	137.0915467682363	137.09154679297967	137.09154687096748	137.09154711740092	164.73378348169115	164.73378342589518	185.68657067242788	93.93366886594421	106.75269279166258	174.36191973458108	115.34314150540865	178.88794869403057	178.88794864573674	90.30575342128932	118.32041252476947	70.37047896386355	91.34328357527289	77.91666650970646	77.9166666988636	90.26621657410479	90.26621655791894	117.90845312903252	117.90845337546597	74.03225806451613	83.15217391304344	1.717731090124488	145.884990057276	0.0
0.44125885509492946	139.03703092269996	137.09154662453403	137.09154676555255	137.09154674466095	137.09154674466095	137.0915468047244	77.0735321444435	123.80324627575328	99.33960767735223	99.96306077029956	114.21098378185636	169.67847667828923	56.396318302929956	56.39631808319052	90.30575342514217	56.39631820965545	56.39631820965553	56.396317956671	30.17044422297363	90.26621651830885	90.2662165447156	90.26621653482465	90.26621651518462	90.26621646713141	86.70000000000002	83.15217391304344	42.84552845528458	153.21763052366597	252.5695904389683
139.03703095246834	139.03703093928408	139.03703095147625	137.09154680472443	137.09154671069837	137.0915467642107	137.09154676018505	126.70092886051265	96.60471721865815	96.6047172207004	89.9482256770111	89.73097049732576	56.396317706782526	103.14292878420966	103.14292875685635	63.745927475795725	63.74592749579841	30.170444182066035	68.58205537323502	59.012578400628286	69.54545454545453	65.78652836886852	90.26621663867573	65.74530154841457	56.66666666666666	69.06249999999997	1.6583058779103794	0.47511867591691725	0.0848570522678358	205.63076842868628
64.64853741862933	139.03703089392366	139.03703092609982	155.6361843421239	137.09154672719396	93.74087836933353	101.33796076897164	126.70092882294091	96.60471720772563	80.81217805051364	89.88545447522304	96.60471718004806	96.60471719540101	96.60471722959068	77.07353221753581	55.169176275171594	55.16917629988512	38.69308919849257	68.58205538055563	59.01257834941174	65.78652826671748	54.43527467077729	54.43527466281586	54.43527467077729	54.435274662815885	53.125	117.17854127917988	77.58719960252859	1.8969347884132617	116.60688921279043
64.64853778186273	64.64853780580447	139.03703093229205	93.74087823702345	93.7408782835183	93.74087831766212	93.74087847893952	65.82553014303093	85.66122061802952	122.35959306696776	89.88545447522304	85.2687776917058	96.60471718004806	96.60471721730067	53.504939584584776	53.504939582284464	53.504939581522564	38.69308918054708	53.50493957539797	11.122293220979486	54.43527467077729	54.43527452120054	54.4352745719994	54.43527447003237	54.43527466281586	53.125	117.17854122918652	55.163244958520295	22.597730850048038	50.806252099826764
64.64853783384575	64.64853775452465	64.64853780176057	61.54312464535451	93.74087830497211	93.7408781932908	93.74087807358615	101.33796072677532	81.3730183634512	65.82553014303093	65.82553010641652	65.82553009842397	65.82553008592976	65.82553008592976	65.82553012183655	85.2687776917058	53.504939574927505	53.50493960497792	53.504939585962944	11.122293237162182	54.43527441960288	54.43527452120054	54.43527457199943	54.43527447003234	54.43527466281586	117.17854124411568	117.1785412470974	8.250253575694074	4.256268110182418	4.548282082251177
1.3052392164147761	64.64853778186273	64.64853777026994	173.15058120790485	61.54312464535451	61.543124840907666	99.10571010198629	78.41483644826943	74.83612838287928	78.37514650493927	65.82553000162201	65.82553000162204	65.8255300962486	65.82553000162204	65.82553010641652	65.82553014524913	122.35959306696776	65.825530168793	53.50493957539797	47.67748038260481	54.435274084465306	54.43527466281586	40.181997580125085	37.25229623106847	39.37139434026247	43.13890258858555	76.5	0.0	181.48616218331057	22.505542768384515
31.382279135819488	60.66363235609373	64.64853775452465	173.15058110201574	173.15058103592733	61.54312470324399	61.543124732188744	69.29826627563014	77.02809155545407	138.50193701958335	138.50193695400006	138.50193690659114	65.8255300246004	65.82553006980217	65.82553008065446	65.82553010099039	65.82553011184265	65.825530168793	65.8255301702375	47.87072223340161	47.870721961785165	51.000000045615735	47.87072190128413	47.837020649224115	33.651332828012954	30.04076212771622	76.49999999999997	0.0	225.49051823970078	84.91559138168168
43.773118886396276	39.49999979999998	249.146668253396	64.64853785368791	173.15058106192504	173.15058105573067	61.54312466606723	61.543124691208334	61.54312470377886	132.501962445	138.50193686573397	138.50193684390146	61.02994850955022	55.41595659230276	65.82553009842394	65.82553008065446	65.82553008592976	65.82553012183655	47.87072195240651	47.87072194467771	47.870721944677655	47.87072196637456	24.712053282193295	24.712053314999963	24.712053337565862	20.805559276797595	30.04076212771622	252.1076281104466	1.9749806699057615	105.14033949316595
138.33430901407223	39.499999803047444	39.49999980000001	39.49999980000001	249.14666809100714	173.15058097964356	173.1505809037505	75.2761216706478	75.27612167286176	43.03637232186898	43.03637232655035	43.03637231441235	138.50193688674057	61.02994854146584	35.00827867858675	35.008278732943864	55.41595658522999	47.8707219012841	47.87072195240651	47.870721901284156	47.87072198992115	34.71603752596562	24.71205331499999	24.71205331910835	20.805559272672554	20.805559253302647	112.45529623877391	152.27744657975114	168.61490055846141	209.0802607758024
183.9864079869302	1.3052392164147761	39.49999980304747	39.499999803047444	39.49999979999998	56.99752390231424	171.1528740146109	171.1528740188914	173.1505810232802	112.69056566040507	112.69056563419633	112.69056572066083	43.03637236325193	43.03637227799871	69.47523164179697	78.69125733049529	47.87072163389672	47.8707219012841	47.87072181190891	34.7160374584586	34.71603748521616	24.71205331499999	24.712053182180483	20.805559271676657	26.28525593050867	26.28525596160611	152.27139137912008	30.64073353387039	44.58433627414527	122.7538426882142
149.72909303167512	43.773118886396276	156.49041972588992	39.49999982020208	49.82668284796691	54.53369803286128	51.83991955502262	54.467493974647226	41.65169310899307	19.317244490519244	19.317244314726736	112.6905656341963	112.69056561615258	112.69056571221103	43.03637218131425	34.71603732846657	34.71603750559089	34.71603749879935	34.71603750178926	34.716037523454645	24.712053570000023	20.805559272672554	20.805559276797595	26.28525593050867	26.28525596160611	255.0	0.0	251.2991960985408	180.15332081626184	252.4875942887912
94.525755493005	122.12113847663494	83.20390558767983	3.3361451554082464	7.641790887951288	72.30093379908791	72.30093383625385	72.30093380796396	72.30093390004802	19.317244243259864	19.317244212037366	19.317244435669835	19.31724439065991	19.317244426507926	19.31724447997118	25.889113242851835	25.88911319972553	25.889113206142298	20.805559416096145	20.80555928086372	20.805559270610075	20.805559271676657	20.805559253302647	20.805559187431584	71.99616450855797	0.0	250.0899841721592	57.48914993072401	160.1682186424038	96.99937944923516
60.26574978246023	1.0149579609919783	0.0	4.496901491118507	3.603123976254068	72.13765542223041	72.30093379353531	72.30093380437737	72.30093380437737	72.3009338458123	72.3009338275063	72.30093388596819	14.705014595961842	25.889113206142298	25.889113178162404	25.889113187412732	19.29376557211225	19.293765451824356	19.293765451824385	19.293765451824356	19.29376546217358	17.677477691990674	17.67747768988309	17.677477880724638	149.46075717923594	0.0	0.0	243.62544080547806	55.03249705752788	255.0
10.120826049379076	7.805953905370757	13.42394460581545	14.039459378276007	25.311397302619213	0.0	30.06065667251667	35.642129522906544	46.96371222022785	72.30093379361676	72.30093380437737	72.3009338327413	72.3009338257161	25.88911309885333	25.889113081066796	19.293765503826762	19.29376545727291	19.293765458906506	22.36902841504704	17.677477665669244	17.677477692075968	17.67747759194077	52.10880364579657	140.59270130226656	0.0	0.0	0.0	181.85954990010055	190.52234205312686	0.0
1.0750483465268132	10.819774518339756	10.079866998938542	13.42394460581545	0.041889105060420206	18.894066118886855	0.7864057503843185	27.01249382867556	35.642129522906544	27.01249382867556	64.2375798748107	3.5893330247928077	72.30093380437737	72.3009338257161	0.0	0.6741154854128126	0.6741156879358243	17.67747768566798	17.677477705279358	19.07878256060505	17.805217853513284	3.8911108227341913	7.207635768894647	3.1135803300566636	20.283443501017388	0.0	0.0	176.1055540399821	86.6764311122306	0.0
