253.24910790350904	254.7548224237037	254.99894015855173	254.92971928703437	254.74942678971323	254.1654532451923	253.6193970134748	253.22916666666666	252.45	244.8	238.79087227620073	255.0	250.57811775654318	244.8	161.82081026086593	246.5	246.5	251.09572375515657	246.5	249.12589285714284	251.13636362863636	254.32186618532347	254.53571404968508	254.53571404968508	238.65420483578623	254.98018668668675	248.72185101227723	254.95129911934038	254.97842412599613	254.70335872849319
253.19436259348998	254.99688293951007	233.722844558213	247.09302324	253.60976232417582	253.61939834024224	251.13636362863636	253.06120711392256	249.98204549256866	234.4841175579008	253.86210572234674	248.115	70.8170917169063	252.1022725840328	252.1022725840328	150.21700915558768	230.03415300546447	240.1148210859258	250.44382504288166	248.3867890662674	218.5550909502944	227.81980462604525	186.2173749355166	243.52452259988647	234.934098085673	241.1291537936448	251.97213929569153	254.86468574617348	254.95129911934953	254.94089129738455
254.56763946971603	254.71666666666667	254.03923607258275	254.745	228.73161711203332	253.0612070442084	248.5148588202728	248.51485756701987	251.18193430095755	248.359375	163.20519807663527	246.81889367225182	214.6112137553307	240.22405784907738	208.8372299561837	125.16422742383293	245.11347816227175	245.83316263826302	240.8739037083065	230.8858530877801	219.5586311202892	244.39555125725337	241.21621624974435	204.0	228.72705367824776	238.86459619240142	254.15565556613436	254.9134821146064	254.91802973358207	254.9790468249108
255.0	254.71666666666667	228.73161711203332	125.07470181657123	97.63656841388232	253.56103356103355	247.09302321875	251.18193410624517	250.63288988339528	163.2	253.56103356103355	97.09422954102152	255.0	253.4065775950668	97.09422954102152	210.0970037649344	189.73070362959643	116.60169549238722	213.47432148338766	214.79964624046806	215.6577512264818	220.83501016749773	244.31845941918422	239.3357142857143	204.0	252.84246248691008	254.6057775311087	254.15565556622914	254.03776530612245	206.9556807142857
254.91759984187618	64.30085681461068	152.3229076210635	174.1680696436964	193.15949798518565	249.23076923076923	245.54377806959926	249.23076923076923	247.99154359992622	238.7762906118917	42.14523399890922	249.23076923076923	255.0	227.76313693097808	232.05	201.875	138.16998792674127	244.20935412026725	244.20935412026725	200.84016969845476	240.8739037055867	240.87390370502953	224.999999989819	224.999999989819	153.0	243.8112244897959	253.46955823762465	254.15565556593333	254.51871807346683	214.2
105.3687520015022	222.20539282756923	2.8880551291424297	136.5303454294728	87.4481955776956	0.0	255.0	247.99154333699883	245.78424067371313	230.32875811033983	67.69225064046569	233.75	248.8181818181818	229.5	204.0	204.0	178.8228994972303	138.16998786581644	138.16998786581644	177.05404249705742	237.1084158620019	136.35578662277868	222.51111111111112	206.75675675675677	153.0	153.0	227.0280612244898	255.0	250.86067489711934	222.80734029757937
240.89324561341067	11.131739006632756	69.15254292610655	251.83031625082418	255.0	255.0	246.44829298706648	245.78424065763085	229.3324109051113	234.55688205	255.0	147.69236025585516	158.52778736624091	158.52778736624091	88.57725311906847	126.94910701085479	111.95657314291051	129.83250559517876	129.8325056328404	188.6254636859698	154.56779620199623	138.16998792674127	192.32085008907043	192.32085009395104	219.91610730286644	103.28212293919995	218.4499999983	255.0	192.23243414752926	222.8073403029784
62.07982513819269	55.843114472712955	97.82046005166663	255.0	255.0	255.0	255.0	243.1348780994264	228.8300139681055	229.332410961667	220.1770338946926	229.68805643172482	77.78131634819536	158.52778736624091	204.35125690993988	208.44358262185	208.44358262185	196.18862490659916	216.29732151724832	154.56779619368638	210.39353312723512	255.0	106.61928808586865	64.45845728142442	139.7457626843206	139.74576274067797	109.59706963212162	175.537153279277	192.23243414397064	214.2
2.4453002090775158	53.32096436072621	244.76206632835815	235.3846153846154	235.3846153846154	224.2126544065311	243.13487752107588	243.1348776773028	243.13487776492335	255.0	247.48243394267158	229.68805639742413	136.59589220762336	77.78131634819536	189.23791893213806	77.7813163481953	217.5093567494336	170.818805079076	93.72383933791295	93.72383933791295	191.79879071102295	209.80547550432277	211.3953488372093	106.61928810746053	137.79230105632666	113.33333336875	102.0	35.915492957746494	107.43055555555557	171.45299147115384
231.21978371308938	251.72923926748734	13.924775149435163	235.3846153846154	245.48144276652553	255.0	243.1348777138594	243.13487763349255	243.13487767730282	243.1348775137489	247.4824338934481	136.59589259163948	136.59589259458335	136.59589274248046	189.23791893496704	135.64590076582812	135.64590076582812	102.24716920297774	203.6161645311567	203.6161645214781	158.4585581365091	157.498742243837	157.49874225584858	77.39639531625002	35.376291967411646	160.76368991832908	66.30766565556709	77.91666666666669	92.68401344575545	249.76116666678
164.98467223664068	1.9353168261778535	146.07367357634683	255.0	255.0	255.0	255.0	243.13487752107588	243.13487752107588	243.1348775137489	187.00000011219998	136.59589254860595	136.59589259458335	136.59589272356965	136.59589291053496	183.0684154298035	183.0684154298035	72.5452325773546	163.9798557218256	203.61616449202006	203.61616448626654	28.905228749569204	26.462487161287726	26.462487011152064	108.02739790952722	35.3762918800378	115.362	62.18336483931947	107.43055555555557	254.93423147676677
143.39732333320867	15.962114713623691	235.3846153846154	198.5515424910284	201.8661993465279	255.0	209.30601922808296	209.30601920321578	255.0	255.0	187.00000011219998	123.9282645577969	227.2878250394044	227.28782507800395	67.44761407858141	67.44761408125683	67.44761407858084	67.44761407858078	67.44761435890419	159.85493348181757	73.63641955590529	73.63641954864408	73.63641955590526	73.63641961695322	73.63641965450947	67.07272727272729	77.91666666666669	92.89861861861863	92.81165994623655	254.9134821146064
2.4453002090775158	255.0	222.0369719422112	204.3177098185135	210.93075137526648	210.93075118571178	201.86619904478775	201.8661990415468	201.86619904478775	201.86619904478775	201.86619906885218	178.5	148.75	206.2982659631123	159.94318529233203	159.94318530434063	144.0353701832152	67.44761408125683	67.44761424784508	67.44761354526284	73.63641952499972	73.63641949571144	73.63641956620714	73.63641961892813	73.63641958681086	125.75342465753425	66.50841346153845	152.35100957599263	199.92	213.9987611549603
186.93373360660246	222.0369719422112	181.36358041318917	181.36358041318917	210.93075129267967	210.93075126753186	210.93075126753186	210.93075123051693	201.8661990415468	201.86619900696724	234.6	140.9605332114484	140.9605332114484	102.70255335431247	102.70255345945935	206.29826595354731	114.93792934788769	58.65602954455733	81.14737573602014	110.37313432835819	82.1186440315355	73.63641916164255	73.63641954864403	73.63641951784575	73.63641958681083	42.5	60.81300813008133	238.2346410795526	98.96837844281538	0.0
146.17588564921516	203.68556874069378	181.36358041318914	181.36358048215425	181.363580591924	181.36358083835745	210.93075123051693	210.93075121723624	165.44533426782385	113.14138915514471	106.27754261633416	174.36191973458108	115.2184567542327	152.29744654054065	152.2974466456875	127.5	118.83341855983511	52.95355559230305	110.37313430109157	18.450835046334788	18.450834911931793	44.069248782763765	44.06924876948307	73.636419408076	73.63641965450944	35.645161304032285	33.26086956521738	254.6800018281255	213.9987611549603	0.0
146.17588564921516	203.68556874050307	181.36358034549056	181.36358043379286	181.36358045135592	181.36358045135592	181.36358050428856	146.98463510340008	221.14053054553818	98.46455142684081	99.71977108342585	113.8450259030879	155.1264151974076	41.52424459928389	41.524244551181425	127.5	41.52424469944691	41.52424464530972	41.52424458992951	95.05681469565934	44.06924876948307	44.06924876948307	44.06924873246814	44.06924870732033	44.06924862473352	66.30000000000001	33.26086956521738	60.8130081300813	12.773044689726078	202.1382108531405
203.68556895391401	203.6855687211468	203.6855687532368	181.36358038107184	181.36358044409474	181.3635804440947	181.36358047500025	147.1676852940887	132.7306346232466	132.73063461947086	20.47003304250424	90.99103382795874	41.52424444457009	128.69998424055393	128.69998425325858	138.7910382830391	138.79103829201816	95.056814707668	84.69401565332481	28.810778800223915	83.45454545454547	14.952986503350047	44.069248814288215	14.385958072186753	39.66666666666666	42.5	56.448457508971586	249.3656374627439	34.64027563347767	248.54836170287203
203.68556895391401	203.68556872776935	203.68556877978776	230.0241413944625	181.36358038304678	202.8074074361022	136.3843462421043	147.16768526622852	132.7306346148075	96.21196812155677	122.35959306696776	132.73063462665766	132.73063460722594	132.73063459648526	146.98463515636215	124.87279504604396	124.87279505251576	85.3904239295301	84.69401567378483	28.810778784345587	14.952986717928212	11.865122486251096	11.865122478924121	11.865122486251096	11.86512247892415	37.1875	94.99424144864417	110.80176726785152	22.04039682645123	116.60688921279043
203.6855687211468	203.68556874069378	203.68556870256197	202.8074074308607	202.8074074361022	202.8074074409716	202.80740746119335	120.00133149838263	85.85363071244862	94.71404886627016	122.35959306696776	122.35959306696776	132.73063454560565	132.73063461370316	106.09917159158212	106.09917158318316	106.09917157091516	85.39042386810755	106.09917170471581	7.517566106551897	11.865122486251096	11.865122322697175	11.86512236650745	11.865122286140661	11.865122478924121	37.1875	94.99424143016324	166.60788812794956	154.1423602310564	12.773044689726078
203.68556872776935	203.68556874050307	203.6855687532368	76.86834869678364	202.80740737174082	202.80740746244877	202.8074072254634	136.3843462417545	81.04707296823241	120.00133149838263	120.00133152929487	120.00133156195952	120.00133153918233	120.00133153918233	120.00133156480615	122.35959306696776	106.09917154302539	106.09917160326205	106.09917158424702	7.517566057328395	11.865122235076683	11.865122322697204	11.865122240920243	11.865122286140604	11.865122478924121	94.99424142021834	94.99424141781807	75.39224898879814	207.23442806178278	3.4801085866440644
33.88220377222501	203.6855687211468	203.68556870256197	142.1696245817303	76.86834869678364	76.86834881751298	118.67386411885388	77.9896440072794	74.36688104704629	78.28877812847395	120.00133156195952	120.00133156195952	120.00133152805861	120.00133156195952	120.00133152929487	120.00133147085077	94.71404886627016	120.00133159482826	106.09917152958118	45.036322726213285	11.86512190057357	11.865122189748917	18.49316317578979	22.21791304197501	27.0890325898294	8.264966689059122	102.0	0.0	177.57154513892036	6.145034728722862
146.07367357634683	166.88213328978782	203.68556874050307	142.16962460465714	142.16962462207343	76.86834867378178	76.86834866228082	69.11518935313973	74.33364177895629	87.71876995684633	87.7187702775552	87.71877024752922	120.00133150992357	120.00133151816661	120.00133153795062	120.00133154042317	120.00133156020718	120.00133159482826	120.00133151640517	60.51958098441719	60.51958072023504	62.10117080349329	60.519580537883115	35.640705658338675	23.1534104124178	43.409468851524764	101.99999999999997	0.0	93.5563181984048	8.629038483830954
1.3052392164147761	56.57143124999999	136.97512747188574	203.68556877978776	142.16962463078156	142.1696246218327	76.86834864864738	76.86834867179687	76.868348633663	115.33074771000003	87.71877001215614	87.71876999832867	57.78162520903399	113.45074418447322	120.00133156195952	120.00133153795062	120.00133153918236	120.00133151640517	60.519580608460785	60.51958062467031	60.51958062467028	60.519580668063924	16.702894962240606	16.702894909999998	16.70289490686804	12.009708830381271	43.409468851524764	14.134198589213355	4.952162486193856	162.691980618262
1.3052392164147761	56.57143117793993	56.57143116500001	56.5714311225	136.97512750426472	142.1696246418839	142.16962453882215	151.56655382302085	151.56655382067993	31.42941844995815	31.429418500787477	31.42941845596323	87.71876994866076	57.78162515131069	81.97289850379434	81.97289856755299	113.4507442082743	60.51958053788303	60.51958060846084	60.51958060297352	60.519580456053035	42.92879202457516	16.70289499500001	16.70289492532558	12.0097088280001	12.00970878543967	85.74827458338453	230.87097582602587	154.48957868998275	4.60132533239468
222.413411479414	33.88220377222501	56.571431122567446	56.57143117793993	56.57143124999999	56.24141858063987	116.8300120732587	116.83001213418356	142.16962470203754	68.97214740176616	68.97214755774701	68.97214738481793	31.42941837209048	31.42941853725	69.27867277100759	74.96783286357316	60.519580384912246	60.51958053788303	60.519580570358784	42.9287921049598	42.92879227350332	16.70289499500001	16.702894748004326	12.009708827285522	9.308601021561941	9.308600994945465	246.164632961593	254.35128429573737	140.34468469851487	214.87471550199075
42.13365905233397	1.3052392164147761	57.90674862821123	56.57143120250862	49.72884720245963	37.20921758767528	59.219571886480736	56.161868905566905	57.47784929317484	28.43611602786862	28.436116175589916	68.97214732717492	68.9721473746815	68.97214740207573	31.429418309403445	42.92879197496774	42.92879199938034	42.92879209075471	42.92879210495977	42.9287921049598	16.702894740000005	12.0097088280001	12.009708830381271	9.308601021561941	9.308600994945465	255.0	0.0	212.78974283948347	239.1268823842984	156.19447348352037
18.062862453066714	0.023090007500059073	208.33437845369346	20.222993288046553	129.19444777909052	101.82438499542516	101.82438499542513	101.8243850152555	101.82438505491629	28.436115947190586	28.43611602786862	28.436116175589916	28.436116203171707	28.43611622257464	28.436116290823264	24.305794647621838	24.305794556198038	24.305794566236273	12.009709126585221	12.00970884820839	12.0097088268096	12.009708827285522	12.00970878543967	12.00970878543967	255.0	0.0	200.2679777857927	6.602773631655566	226.9944020095231	32.72620075504244
2.882637118177257	19.134411394331096	20.548416842969345	21.50232235869504	17.22864807885489	80.81504873975561	101.8243849656156	101.8243849962549	101.82438501239588	101.82438499300446	101.82438503178727	101.82438503395426	24.775402299494658	24.305794566236273	24.305794510486123	24.30579454737733	8.47109461120806	8.471094534008017	8.471094552761116	8.47109456213758	8.471094490273458	11.948220162124358	11.948220099896105	11.948219983986576	114.8177353377092	0.0	0.0	65.87943038593963	252.19506148391835	6.602773631655566
10.145438584553574	9.814894765960815	13.15281107133245	18.894066118886855	25.64185875944611	20.548416842969345	29.30266152491049	35.642129522906544	129.19444777909052	101.82438500163525	101.82438501239588	101.8243850152555	101.82438505491629	24.30579450362336	24.305794441160714	8.471094532139091	8.471094552892481	8.471094532019436	4.105131391077009	11.948220136761591	11.948220110354839	11.948219982033066	13.10051519620339	82.91372115739233	0.0	0.0	0.0	65.72983986563236	14.687706408147193	0.0
1.0837141353140396	9.915167694773828	10.3285205070965	13.15281107133245	0.2021804573159045	19.543437493556098	2.245069093168013	32.57536585338528	35.642129522906544	32.57536585338528	32.57536585338528	3.5893330247928077	101.82438501239588	101.82438505491629	0.0	25.476430951568545	25.476431026501814	11.948220157850898	11.948220097151506	7.03414733357755	6.543486965729329	0.9073509158087916	27.18420130206067	0.20019041944732408	82.91372115739233	0.0	0.0	5.104768652898883	69.56503492751875	0.0
