254.93153492088962	254.4962962962963	253.91112770521082	254.837214921755	253.11871230765783	253.39061005108172	253.51849090309454	249.78070175438597	244.8	214.2	149.6550417435146	250.44642857142858	244.50671772544342	226.66666666666666	247.96710099012972	226.666666661	247.444444452	213.79667623886877	247.444444452	193.52678571428572	249.84848485363636	250.49656450232402	144.5082647393152	144.50826473931517	251.92408590748013	182.26813597696128	254.54987754450227	231.45052835456	252.99289909021195	254.22146067021757
254.98060509030302	251.4274574924836	252.96380995585028	243.66666666666666	252.71672771153845	253.5184881466302	249.84848485363636	239.20823141788176	246.74823834816317	143.5654559392187	171.77249630885245	238.68	226.93544952044806	217.32954533106275	249.2045451680656	242.46824252924915	170.46448087431693	245.57042063994243	205.93910806174958	185.20825010445316	247.7181693790863	227.418282773096	237.7660961556525	201.68648571749924	234.3295755388084	241.0433314231671	217.66384797519393	240.1805644132653	231.45052835881003	237.0018849767104
252.36461800823614	251.8518518516	245.02793298324147	252.96	227.54798063576987	239.20823140550934	248.14956773907787	248.1495667448586	227.56303640037234	239.0625	68.17503103120785	235.61862930425343	113.67720731559751	228.5767571366066	108.90631153550942	232.5734933855953	193.95157039799858	185.42605489553463	140.0628691923037	160.12840679568015	219.59578706180326	199.51160541586074	251.55405408828068	229.5	231.50680652559168	234.97675434834645	202.90151520621492	245.5156413928625	216.87276424109263	250.95318455008027
255.0	254.77613168746666	231.39608952371393	208.4091249407973	227.54077361946634	0.0	242.013888859375	227.56303624431655	225.9912795783992	48.44999999999999	250.75883575883574	173.5990713410319	233.75	183.7677286742035	173.5990713410319	201.24127984839615	178.6398184185656	224.91843503266244	206.41807057114985	214.9213914276488	215.4496100786207	177.21624237111484	191.2354826934213	149.61734693877554	229.5	232.55655997576304	235.64718241095798	202.9015152098937	211.44900562265724	231.77795878936251
208.65888685864488	15.94682493286362	95.3656618269919	97.86853335750251	52.79685136073482	0.0	239.47930877209814	241.15384615384616	210.31060622884107	238.08668376991253	53.193225683430995	190.3846153846154	233.75	206.72009075868493	214.2	133.57142857142856	181.28846924833988	87.1770601336303	87.17706013363028	200.6994596608829	140.06286915490585	140.06286916055126	250.3846153617473	129.80769230181863	224.4	157.42346938775512	167.9707291281435	202.90151519164198	238.89707653235834	251.328
201.33945973385954	239.87686819217083	236.9862469296316	74.95503821567206	244.39684266467444	60.749579335212275	178.23735127499998	210.310606118906	199.52422535762085	229.293799131629	242.52791129822927	212.5	148.36363636363637	204.0	153.0	170.0	84.10623458518185	181.2884691954601	181.2884691954601	231.12291256175777	184.1784475801357	155.405114183538	0.0	129.22297297297297	140.25	140.25	50.08928571428572	100.51433773327264	0.0	224.75040906078883
248.3266890658553	81.77751750673352	1.2143380838506914	19.845186134859404	178.23735113097945	178.23735116789447	201.55703324189048	199.52422497222761	228.25741539886977	223.71711095625	214.46176166652586	59.39394984596953	67.33690024162925	67.33690024162928	199.86407688325718	112.95404223892447	180.70396294938314	209.62923299089977	209.62923301577135	187.8691910445664	172.6090639989472	181.28846924833988	114.45823410203687	114.45823409499883	218.20469794996566	224.37150837675458	229.5	72.42603550295857	194.85676772499403	224.7504090609273
152.27825375480523	198.74552563411353	164.8041338871638	178.23735102	178.23735110500002	178.23735111252194	178.23735113455692	187.47451821597997	227.73487346795403	228.25741517686188	190.8199153710995	152.8890816601164	190.21231422505306	67.33690024162928	185.77453699865268	211.106188718685	169.9999999780531	111.96834378320787	129.79748547318104	172.6090639296565	132.56450907256055	39.230769230769226	109.28260201692268	95.05150660514275	142.62711861461938	142.6271186440678	141.27747252850753	80.4201257257414	194.85676772899086	203.3625
250.89574501529714	124.83191907854794	253.9530792591256	215.76923076923077	215.76923076923077	222.93277136457692	187.47451763762945	187.4745178972443	187.47451783569034	178.23735101999995	215.1994469831484	152.88908161898598	51.87498758928399	190.21231422505306	207.8016254667244	190.2123142250531	128.9696213977411	171.24870701062582	83.94079968303217	166.66540882178197	91.0714285917928	191.0662824207493	20.930232558139522	109.28260199498226	56.91898874546962	146.09375	140.25	141.09657947686117	96.08384874131946	203.68840144230768
255.0	95.88522629113447	119.03273002736853	0.0	182.9033891502823	186.08927052513167	187.47451783041294	187.47451792802133	187.4745178972443	187.47451808686475	215.19944697339372	51.87498660211682	51.87498658637725	51.87498691289113	207.8016253801495	221.52999294042243	221.52999294042243	170.10938124538194	87.78918512917292	87.78918518245999	174.3619196852641	85.0142545698474	85.01425461332394	104.92599966749998	148.21499875811526	45.01164814566877	106.37530353277833	68.95182291666669	141.5338338613172	252.45
5.561583666325021	231.44387694276705	170.76845414907436	186.0892707540482	186.08927066430186	186.08927064011823	186.08927062205782	187.47451763762945	187.4745179268047	187.47451758451587	140.250000014025	51.87498575347584	51.87498658637725	51.874987085447685	51.874986839263414	77.54758932784421	77.54758932784421	185.09372435003536	0.0	87.78918506636046	87.7891851358066	122.78349843358265	122.07975125542796	122.07975138947654	7.906728940293448	148.21499865090777	122.80799999999999	146.54064272211718	96.08384874131946	248.2884686547436
242.5671366107933	177.27655618981984	0.0	158.9978184238513	164.1671677880119	186.0892706280264	207.6792452773858	207.67924515130244	186.08927055606267	186.08927069116817	140.250000014025	46.63793420786811	211.68113754899636	211.68113753801816	179.80496191707743	179.80496216602947	179.8049624004836	179.80496191707678	179.80496248631124	159.60458010816984	75.84319239314542	75.84319235760546	75.84319233963305	75.84319240037229	75.84319229989276	48.93939393939394	68.95182291666669	69.17417417417417	69.10942300307218	245.5156413928625
250.89574501529714	194.2674012294443	194.24785373032108	155.65596279056598	191.7420572854009	191.74205729578057	164.16716718453165	164.16716729272787	164.16716728511167	164.1671673354017	164.16716740492876	153.0	84.99999999999997	49.05585915625724	214.06125824231074	214.06125816007537	142.56051447130812	179.8049596467402	179.80496261012757	179.80496242836443	75.843192414826	75.84319238646182	75.84319235024367	75.84319238646185	75.8431923714648	31.5018679950187	48.527644230769255	95.40935255559111	69.10499999999999	243.686949518726
254.16053368741305	0.0	179.15680773555988	179.15680773555988	191.742057318406	191.74205726514407	191.74205726514407	191.74205726544295	164.16716722720582	164.16716728644678	102.0	107.77568139329088	93.72383937307688	201.73450103957254	201.73450118749898	49.05585917030811	42.76235157067691	165.63092565926138	107.29334972474328	53.2835820895522	30.25423724747921	75.84319229989276	75.84319235760549	75.84319235554895	75.84319226444009	37.1875	123.69918699186991	65.75657211941717	195.8709408072024	0.0
5.082621911933558	167.27740032441693	179.1568076285352	179.15680764445102	179.15680770010727	179.15680770010727	191.74205730505307	191.74205715862016	136.99037283501818	59.264070933906396	105.94618924899214	140.9605331234972	121.4386692850043	53.26549881250102	53.265498960427465	43.86129975736341	116.36072298351607	154.13511609621526	53.28358206654602	94.2666902873485	94.2666903409091	63.257942841379844	63.25794273455702	75.84319229989273	75.84319229989273	60.322580658870976	88.69565217391303	243.6692485891346	243.686949518726	0.0
5.082621911933558	167.27740033679703	179.15680770010727	179.15680764975633	179.1568076423945	179.15680764239454	179.15680761353815	58.63218494519046	77.30725391540136	99.35011946974126	100.2185174709156	110.2816152552505	135.0025144475253	137.82606300128012	137.82606277759038	43.861299852356495	137.8260629219761	137.826062867839	137.82606293512958	40.93874183992463	63.257942694946934	63.25794272135366	63.25794273485593	63.25794268159399	63.257942714599096	71.4	88.69565217391303	123.69918699186991	255.0	164.20759377740364
167.277400676434	167.27740033956917	167.27740029528698	179.15680761353815	179.15680766036695	179.15680760685458	179.15680758517396	64.80337192289997	50.07832934930411	50.07832935883931	91.47238365448013	84.25021129896797	137.82606268035752	39.54532416090649	39.54532417040511	66.56271893036441	66.56271890433919	40.93874175768926	38.45762241693913	41.35560847756082	18.54545454545456	80.57128171425694	63.2579427042194	81.11370772801325	28.333333333333343	37.1875	96.00218157614873	164.74789700961725	88.57676835021263	76.59356209516034
0.0	167.27740037830705	167.27740029411245	136.94643977418804	179.1568075996277	54.431305929031595	56.201896660748844	64.80337192372806	50.07832933516033	255.0	90.88935871319453	50.07832937572155	50.07832934315431	50.07832936344792	58.63218502042719	55.00239613015708	55.002396153512905	8.449521283031203	38.457622465990625	41.355608371499414	80.57128149274482	67.52548191313525	67.52548207319529	67.52548241548413	67.52548236237058	26.5625	16.608043893600097	28.36398058455123	233.23730985562838	116.60688921279043
0.0	0.0	167.27740032296032	54.431305929990884	54.431305929031595	54.431305919446345	54.43130589835724	33.38243876606063	85.77980429832598	91.66930596161589	90.88935871319453	102.89366742805515	50.07832929466957	50.07832935401004	33.6058076428387	33.60580763170046	33.6058076263208	8.449521262390135	33.60580776841954	39.80055302660631	67.52548216430966	67.52548210275566	67.52548207197873	67.52548216958706	67.52548178402003	26.5625	16.60804395952053	2.9689424335766716	55.29593559673725	29.93654701159801
0.0	0.0	0.0	36.55815588547094	54.431305929031595	54.43130603027768	54.431306131485	56.20189668024457	81.49063148305859	33.38243876606063	33.38243876881242	33.38243873013903	33.38243877220367	33.38243877220367	33.382438765867505	102.89366742805515	33.60580762236512	33.60580765538322	33.60580765538322	39.80055301685164	67.52548216430972	67.52548210275569	67.52548207197873	67.52548197680355	67.52548236237058	16.60804396493586	16.608043924223153	8.479560400626553	28.472926703520443	5.556095851232783
75.06047345752779	0.0	0.0	108.19904657929894	36.5581561143874	36.55815625268963	85.82750764983939	77.25015352885964	80.78633921661009	79.07347601299219	33.38243873013897	33.38243873013897	33.38243875329573	33.38243873013903	33.38243876881242	33.38243889839785	91.66930596161589	33.38243884188634	33.60580759328488	15.604574966209299	67.52548178402003	67.52548207319532	32.19348773704169	19.326099213019546	19.13759923875827	55.57696058657575	25.5	0.0	111.18534465766066	100.14142945926025
170.76845414907436	108.28624857065597	0.0	108.19904649371674	108.1990464770154	36.558156103447885	36.55815609797804	67.44371478508077	75.7363363057988	28.872730355630722	28.872730581111966	28.87273022208558	33.382438664959665	33.38243872952367	33.38243877706782	33.38243876606063	33.38243877156421	33.38243884188634	33.382438814268454	25.753122435066672	25.75312215045051	12.955698699692988	25.75312214732614	38.625324945374985	16.357198730297455	94.90978438246094	25.5	0.0	152.4466730427667	205.89625858704557
7.518509511807622	11.668160204999992	93.98410621549874	0.0	108.1990464686647	108.19904645020998	36.55815606810825	36.55815606335727	36.55815606098176	93.72383933999998	28.87273021304958	28.87273012810499	49.31586490947848	23.840635680166997	33.382438730139	33.38243877706782	33.3824387722037	33.382438765867505	25.7531220454876	25.753122060538885	25.753122060538885	25.753122082235706	11.668160130836071	11.668160119999982	11.668160075463504	10.383181051488805	94.90978438246094	109.94528352295595	242.39858009431532	72.2314855025466
163.41933966788224	11.668160130836014	11.668160120000039	11.668160077500005	93.98410601440219	108.1990463856655	108.19904644361264	103.41628099469321	103.4162810117839	111.84016312020026	111.84016306309877	111.84016306751542	28.87273019178909	49.31586497894554	0.0	0.0	23.84063571550496	25.753122017145245	25.7531220454876	25.753122017145273	25.753121865834487	8.389494442986546	11.668160077500005	11.668160093920989	10.383180998872291	10.383180985995864	167.58900253029617	249.60247301425102	62.161422709415206	252.54241805703202
231.2812774398775	75.06047345752779	11.668160075463504	11.668160093920989	11.668159949999989	55.98972081624302	73.71153075166015	73.7115308045399	108.19904619203206	22.12933786679639	22.12933788725843	22.129337973722954	111.84016294046663	111.84016308076545	69.27997802702603	76.50224118834629	25.7531218355617	25.75312214732608	25.75312200057428	8.389494300186811	8.389494433138964	11.668160204999992	11.668159914413224	10.383180984207769	28.46916505130949	28.46916505365715	3.3932376327501004	0.04950349352952799	123.88384056438457	6.0855123530001265
187.73697466624927	7.518509511807622	232.70540570409688	11.668160135903463	49.87369238376874	47.85236083778392	54.207348557535084	62.07831618489408	13.085759023430995	67.17879910057661	67.17879907269995	22.12933788725846	22.129337908174534	22.129337980017908	111.84016297964556	8.389494170194752	8.389494288403881	8.38949433664888	8.389494343517498	8.389494300186811	11.668159949999989	10.383180998872291	10.383181051488805	28.46916505130949	28.46916505365715	255.0	0.0	108.38349731122423	0.6367465476727716	251.01859040505045
252.5694616862556	226.27667471097573	57.51763843065194	200.4788212243429	255.0	13.499058719448612	13.499058719448612	13.49905871879281	13.499058717481205	67.17879890299005	67.17879882209473	67.17879907269995	67.17879898329437	67.17879904083796	67.17879906389416	7.8981248829504125	7.898124884437095	7.898124896409911	10.383181196986584	10.383180983313707	10.38318097256402	10.383180984207769	10.383180985995864	10.383180985995864	48.745470667456146	0.0	77.97385444362112	23.81396105688802	207.81071632102757	1.4412737613698994
205.9073545202456	145.90558075360372	64.2375798748107	8.190895078656808	6.562921269940745	196.55360670958635	13.499058725351034	13.49905870666828	13.49905870666828	13.499058708377163	13.49905876952323	13.499058811426522	43.7884435635215	7.8981249276787935	7.898124885180437	7.8981248866326155	15.185436582013551	15.185436565992234	15.185436565992262	15.185436565992234	15.185436467900757	8.346681550390713	8.346681579797519	8.346681462170437	220.97746225803277	0.0	0.0	114.7745601144336	22.41542124162774	244.19078624604646
10.102655770518737	10.01060641519743	12.970745058217886	19.056697759902107	24.98907173321865	64.2375798748107	29.85821011994682	34.24016530082338	83.83151515604055	13.49905870666828	13.49905870666828	13.499058743570117	13.499058791813098	7.8981248829504125	7.8981248026032915	15.185436562641911	15.185436593584996	15.185436551690259	29.300775793036678	8.346681587196684	8.346681560789932	8.346681431349225	30.704048922865496	75.25205516395567	0.0	0.0	0.0	244.88739503837823	112.61729531634333	0.0
1.084551042648144	10.048429340672897	10.372659765554488	12.970745058217886	1.1356632017387938	19.96821715426725	7.085184192810004	30.374465792951497	34.24016530082338	30.374465792951497	37.841467812178905	14.214236831995947	13.49905870666828	13.499058717481233	8.19095797599445	47.36890304655324	47.368903103317194	8.346681638611017	8.34668154758657	7.429481563099898	6.91197017158953	1.7493472800494487	3.2708235147300115	6.93067864655643	51.55725119257383	0.0	0.0	240.3701068042083	254.71776259771286	0.0
