254.8945069450749	254.9537462111111	252.13373821825766	242.75407877604167	247.2105359584719	221.63560869891828	197.22670885163296	94.69298245614033	244.8	91.79999999999998	200.20271571532444	232.23214285714286	248.93301766562124	141.66666666666669	132.5594178811949	136.0	153.0	198.03302324288381	153.0	212.925	208.63636363636363	230.58615879338382	241.8929801140682	241.8929801140682	243.2930133669735	252.02841949484386	251.46982397785266	241.95213463328113	220.86569590376206	254.86411598395827
254.99900432593788	253.85450812496597	254.65640191048843	251.56565654333335	239.88511486813186	197.22670991191222	208.63636363636363	211.06417768850466	197.77173656688777	193.92937290274062	211.4944926174926	245.555555565	56.44703202705767	220.22727274702996	226.02272714430526	122.04438136031501	247.6844262295082	243.32352659515254	187.78730703259004	158.50717779014127	228.65665069318027	227.83367099187865	250.22413478319643	238.97140431938817	234.6884368635523	223.59828595393054	249.60679454513098	248.057625	241.95213463655642	241.32089003044146
254.42317915823696	199.46666666666667	241.91975624053273	252.96	231.79632520868742	211.064177840328	161.43732540009648	161.43732458597293	189.27991005649363	69.0625	127.89873569661927	243.77883430526128	163.6900074496602	236.73213752358907	157.73029282814815	99.03478686918177	100.873310749079	111.15116755428105	160.70431361103027	221.51391452244718	219.44069547654178	103.0851063829787	243.67760617930253	204.0	231.52682634136332	240.35167732875252	219.85541136892033	237.22759746207265	233.26661360313358	191.42291640741615
255.0	214.2	0.0	224.73722195317862	248.97631502052295	47.78883278883279	169.03409081249998	189.27991000807532	190.25880733936668	244.8	124.73566973566975	237.68836414478795	191.25	71.42096608427545	237.68836414478795	225.40679848870576	86.28131656263932	91.8350433093203	147.65767839029553	215.56165429838148	215.13765670715256	173.93762008053392	94.66224478010852	158.82857142857142	204.0	161.82897290580252	173.3940133136324	219.8554113714136	218.72963265306123	254.67689432123655
180.49029923352117	80.61711823698806	245.34599367716987	215.8970257057761	211.48280723247026	33.46153846153845	154.56116272960065	93.46153846153848	161.57024802421674	149.40251062821352	136.10041138515055	65.7692307692308	191.25	221.3980447347213	226.666666695	232.23214285714286	138.16998792674127	197.26057906458797	197.26057906458797	199.79251651774752	160.7043135807329	160.70431358510828	229.94505493959525	219.23076920931084	247.714285707	121.42857142857142	192.87413708086785	219.85541135910137	153.9866792171474	254.7918367374
147.9896553643353	204.34103153219607	195.91382148591742	5.788668952377378	246.50125487062178	254.79928528271114	178.23735127499998	161.57024793975955	146.06456951396234	113.17249293330602	72.82124334283913	42.5	51.00000000000003	204.0	51.00000000000003	85.0	126.75049615508786	138.16998786581644	138.16998786581644	192.46142300489998	103.64654522465833	209.10215291902688	216.21481481481482	198.1418918918919	246.499999983	246.499999983	214.92857142857144	254.0714610832954	249.100821216278	254.31714586828573
122.72667852827564	50.84607080479498	106.46142758653068	255.0	178.23735113097945	178.23735116789447	146.69148769123416	146.06456947909015	109.51594320333479	126.53651788125	157.13203535753348	95.39314566769264	105.8025543665861	105.80255436658612	68.27089194481329	213.1365774867459	222.8293052111476	200.0060503705331	200.00605037856832	188.847865872731	161.17521964387018	138.16998792674127	145.04663782883682	145.0466378230651	228.4731543240817	231.24002394083465	170.85	248.96449704142012	251.30530357312009	254.3171458679562
70.67088515598647	81.42891169713698	51.330045726906604	178.23735102	178.23735110500002	178.23735111252194	178.23735113455692	130.00347238254443	107.70519244554609	109.51594352389287	30.409637072258334	141.04682563922194	59.19320594479831	105.80255436658612	198.30665385007	93.72383930849986	80.80183697361036	181.34809843994663	151.41851033189647	161.17521959531237	54.93376988770132	215.76923076923077	223.8187996297748	181.28846924833988	238.43220338133295	238.43220338694914	228.61263736431218	239.89336787199733	251.3053035727673	254.7166666644
78.83827681885765	240.89324561341067	13.923118726306939	58.84615384615387	58.84615384615384	91.36393172335852	130.00347180419385	130.0034723717515	130.00347249651676	178.23735101999995	165.1911891550634	141.04682555201904	85.22762517704561	59.19320594479828	199.6460874507236	59.19320594479825	67.28227127015415	170.49027650885245	208.4435826545536	211.89713300026386	98.39950739090241	111.70028818443805	95.23255813953486	223.81879963178523	216.2482045379739	236.40625	242.25	214.2102615694165	233.646240234375	252.3182091346154
69.1657053487946	183.1796910760525	2.97662222441474	19.61538461538464	112.40527535984714	117.17854150809637	130.0034723825444	130.0034723093689	130.0034723717515	130.00347224534232	165.1911890805851	85.22762487270671	85.22762489851095	85.22762471109564	199.6460873373809	163.31210652651708	163.31210652651708	169.88065180568663	104.67093747859374	104.67093751824808	108.51365252753428	111.31393593828611	111.31393594991039	213.03258481875	207.5717793479087	154.43587781879387	207.82691640725807	206.19140625	234.7105016833943	227.2305
150.9344173160693	1.6568373167620791	190.0374214309038	117.17854127917988	117.17854122918652	117.1785412470974	117.17854124411568	130.00347180419388	130.00347209336914	130.00347224534227	187.00000011219998	85.2276238662711	85.22762448182496	85.22762480566632	85.2276249520587	157.81606669046093	157.81606669046093	54.85033778239702	155.55040360249717	104.67093740801278	104.67093745117285	181.22958145912904	185.0395291502902	185.03952933238637	117.38325442332825	207.57177923093104	156.978	211.49574669187146	233.646240234375	242.20464589145666
218.24221031826556	247.86179278314387	19.615384615384613	200.98772600485347	20.20053371559115	117.17854125605282	80.16764513063205	80.16764525472999	117.17854122658358	117.17854138233633	187.00000011219998	76.67760835443875	92.48219957004497	92.48219960759644	50.66005531328804	50.660055394955606	50.66005579669431	50.66005531328804	50.66005602337833	159.627783702586	202.12782296520345	202.12782293616775	202.1278230187158	202.1278229904378	202.12782291913578	145.37575757575758	206.19140625	181.8703903903904	181.70014880952382	237.22759746207265
78.83827681885765	89.85526494981661	42.40528844360006	155.65596279056598	80.13923079500566	80.13923081740714	20.200533413851048	20.200533561480455	20.200533615011125	20.20053371559115	20.2005336166215	170.000000085	191.25	136.20618778054745	169.0476511567873	169.04765113266595	142.03922777269378	50.660054765133395	50.66005552008039	50.66005545734316	202.12782293388182	202.12782294468377	202.127822975644	202.12782294468377	202.1278229965251	119.84682440846822	144.15264423076923	245.34863590674888	252.96	5.915597588826927
251.79079716692885	13.619868011328208	52.87217711049959	52.87217711049959	80.13923078874382	80.13923071838562	80.13923071838562	80.1392307304989	20.2005336270025	20.200533623542213	30.599999999999966	46.793371970183046	26.921066422896786	130.3789472484499	130.37894711068483	136.20618784721248	70.56323429937902	43.82447443304852	89.91231498324638	72.31343283582086	155.5932203521689	202.1278226727023	202.12782293616777	202.12782295410813	202.1278228895004	143.4375	207.3170731707317	8.93139958319287	124.24651032328526	0.0
228.54324199064013	28.240369389527643	52.87217700347492	52.872177045891874	52.87217708086425	52.87217732729766	80.13923077010898	80.1392307600805	155.84667300204057	157.13203535753348	106.14204283477295	140.9605331234972	117.87064593494779	124.62105288931517	124.62105275155008	117.74557926865972	118.9666760437851	39.45746685512731	72.31343284945422	156.77195672342503	156.7719568125	174.86076923991953	174.8607692695011	202.12782291913575	202.12782316556923	145.32258063145161	149.67391304347825	165.4816884379216	5.915597588826927	0.0
228.54324199064013	28.24036935081861	52.87217708086425	52.87217702435598	52.8721770638322	52.872177063832254	52.87217705531623	25.909530942661092	21.55494761687791	99.20693495258564	98.97605988220988	0.0	148.34590517393252	30.433446344211234	30.433446283837526	117.74557931813234	30.433446199929733	30.433446254066865	30.433445751461818	85.95234886733405	174.860769229891	174.86076925629774	174.86076928161438	174.86076921125618	174.86076920499437	96.9	149.67391304347825	207.3170731707317	248.62582479382831	252.34921078511826
28.24036914114933	28.24036940028509	28.24036947036771	52.87217705531623	52.87217698128421	52.87217703479655	52.872177066118184	53.30784539936491	63.424498925788896	63.424498939041484	92.59503784889165	87.95157045036524	30.43344616802287	26.619169445447966	26.619169503270257	22.605687639186698	22.60568772034037	85.95234884321269	53.20029300857499	114.31724121829643	78.81818181818181	141.1109595920127	174.86076918259286	144.2601186105868	96.33333333333334	143.4375	54.01227399514656	252.82824283733854	151.58188779134898	173.27216209014907
8.731527656174563	28.24036923126951	28.240369368012608	73.19225182909892	52.87217700956222	14.05643554320855	45.47926865196453	53.30784542405249	63.424498930166436	93.18370675941995	85.7420946814324	63.42449893860581	63.424498948685624	63.4244989566117	25.9095309675171	18.438996498143467	18.438996530633574	71.5018563394539	53.20029307498905	114.31724118318763	141.1109596507361	124.99652775465765	124.99652790663083	124.99652775465768	124.99652819580615	90.3125	186.0892707540482	11.036877651581534	8.613984979573502	116.60688921279043
8.731527937604568	8.731528031414541	28.24036939066832	14.056435562108334	14.056435543208579	14.056435559385278	14.056435553939195	41.657122162311595	85.8091262985225	87.89708904445689	85.7420946814324	80.88657374489713	63.42449893860581	63.4244989183083	37.084250119027956	37.08425012219527	37.08425011690548	71.5018563339508	37.08425020022784	89.80881091941492	124.99652775465765	124.99652762824849	124.99652769063113	124.9965276174556	124.9965276174556	90.31250000000003	186.08927066430186	63.12500649192711	70.56523297586395	221.29466968959895
8.731527857851972	8.73152804552069	8.731528106632453	117.17854150809637	14.056435543208522	14.056435536112929	14.056435537600919	45.479268632225654	81.18247144022246	41.657122078230486	41.65712212370488	41.65712206541983	41.65712210591391	41.65712210591391	41.657122146408085	80.88657374489713	37.08425013855907	37.084250133028405	37.084250133028405	89.80881084493657	124.99652750348326	124.99652762824849	124.99652769063113	124.99652761745557	124.99652819580615	186.08927062205782	186.08927064011823	25.614176393294372	235.8955077222966	229.74530683873883
87.91144043345099	8.731527937604568	8.731528023705607	129.72825985365694	117.17854127917988	117.17854138233633	75.05631546279795	77.91612329031798	79.12575768267556	78.31520411154699	41.65712196861787	41.657122162221754	41.65712210955243	41.657122162221725	41.65712212370488	41.65712213059436	87.89708904445689	41.65712219405043	37.08425011266053	95.78715872564749	124.99652761745557	124.9965276174556	87.76441188730556	86.33335393728197	69.96046091508899	119.25967668097965	204.0	0.0	185.44749042630778	237.5557416379529
190.0374214309038	124.36046747174288	8.73152804552069	129.7282598031119	129.72825974372608	117.17854124411568	117.17854122658358	69.20212828460961	78.21883714708716	49.82614504491451	49.82614468758689	49.826145019674726	41.65712203591198	41.65712208509828	41.65712209196607	41.657122120271026	41.65712212713879	41.65712219405043	41.657122146408085	36.342766256699605	36.34276597830751	58.36161540657767	36.342766147716816	54.2127991695707	59.79627581153014	182.18047162302844	204.0	0.0	186.28991781344598	240.59879354807882
239.08100158428996	178.23735127499998	140.2224121397633	8.731528219034516	129.7282597140332	129.728259716916	117.17854122918652	117.1785412470974	117.17854125605282	107.775681405	49.826144754758786	49.826144827297696	140.69171072316055	31.316086910063007	41.6571220654198	41.65712209196607	41.65712210591394	41.657122146408085	36.34276597118739	36.34276601753592	36.342766017535894	36.34276601753595	46.016296440949844	46.01629640500002	46.016296440949844	54.4541696040971	182.18047162302844	1.7475505893081618	130.59206495518458	254.9625100659989
205.89625858704557	178.23735116789447	178.23735110500002	178.23735102	140.22241199812404	129.72825964854553	129.7282596249544	60.137295549776155	60.137295563868804	22.905081269863132	22.90508129678628	22.905081326286023	49.8261447387529	140.69171080305486	74.92526733025954	74.9252673473197	31.316086935761632	36.342766017535894	36.34276597118739	36.342765952445546	36.34276599966799	40.133156510652015	46.016296447500025	46.016296440949816	54.45416954274279	54.45416953820231	39.3350700344275	101.6354808587763	19.908889540131582	240.64403728640866
0.29554791942459246	87.91144043345099	178.23735111252194	178.23735113097945	178.23735101999995	58.08506590711124	116.8300120732587	116.83001213418356	129.72825944343415	38.48947438899356	38.48947432028251	38.489474406747064	22.905081321109407	22.905081199026085	69.34587247715677	79.89269393174771	36.34276565719463	36.34276588735503	36.34276597830751	40.13315654544411	40.13315646354394	46.01629632000001	46.016296239444245	54.45416952882465	58.890763854395715	58.89076378074205	35.58829175712836	6.101357215368381	88.52432412974497	252.7079050310274
25.755464848204582	239.08100158428996	76.79920551907145	178.23735113455692	50.86318440550417	63.58809709791427	53.936296744405695	58.99631702949878	140.9605331234972	151.5130672948821	151.51306732262776	38.489474377925546	38.4894744239472	38.48947449338141	22.9050811293084	40.13315628545999	40.133156487098006	40.13315647924668	40.13315650211342	40.133156480448065	46.01629632000001	54.45416954274279	54.4541696040971	58.890763854395715	58.89076378074205	255.0	0.0	0.8527275146830107	253.35707601971248	242.19975218922605
13.365230752957387	210.1898691149454	2.330990529184561	10.276110399253241	197.41229054437125	47.90822387483951	47.90822391200547	47.908223897289304	47.90822394218887	151.5130672735453	151.5130672948821	151.51306732262776	151.51306733255427	151.51306731123867	151.51306735139042	58.91325992970667	58.91325989279659	58.91325988765098	54.45416972338151	54.45416952413581	54.45416951206565	54.45416952882465	54.45416953820231	54.45416947233127	155.65596279056598	0.0	233.00145694097742	15.5639372242822	194.6369332157186	142.222249918923
165.8834787886076	75.19616213796374	30.374465792951497	89.85526494981661	155.65596279056598	0.04101978511107518	47.90822382145532	47.90822389189421	47.90822389189421	47.9082238979592	47.908223885829244	47.90822396787112	30.53306325700217	58.91325988765098	58.91325987434158	58.91325989246701	47.46693604331193	47.466935977305866	47.466935977305894	47.466935977305866	47.46693596199745	32.91721831244806	32.91721827812171	32.91721823301589	14.214236831995947	0.0	0.0	147.9479043683124	13.417986063494482	125.19123819261998
10.08633707085454	12.391964673409348	12.444244699773833	20.30910127236686	26.613133527771197	34.24016530082338	29.925301318063703	34.24016530082338	96.27562641868838	47.90822387037289	47.90822389189421	47.90822389728925	47.90822394218887	58.91325992970664	58.91325988765098	47.466935910574364	47.46693594994076	47.46693595395968	69.41706698274473	32.917218302448845	32.91721830244879	32.91721815423466	226.96813904043208	0.0	0.0	0.0	0.0	169.5671697290478	98.93600265268651	0.0
1.0811906824609423	9.794291850203876	12.426134676372072	12.444244699773833	0.38041786435411495	19.33078732987579	3.4206288731132304	42.768578068619036	30.374465792951497	42.768578068619036	39.19820460146647	14.214236831995947	47.90822389189421	47.9082239421889	39.3350700344275	24.253728035773747	24.253728125339308	32.917218209468984	32.917218302448845	98.64935608484927	94.10876497274987	35.891583134868824	6.9681486463474585	11.229942437273905	191.9817856261043	0.0	0.0	255.0	154.89217705069262	255.0
