254.95852730781687	254.3579219125926	253.92861860555053	254.7851961825557	249.09132209095486	253.01668922776443	253.40881354389023	253.22916666666666	232.05	214.2	0.0	242.85714285714286	198.58471151798096	236.86666666666667	209.8799651201037	223.428571431	247.714285707	214.01956004822074	247.714285707	199.94732142857143	245.064935055	248.80354446811114	93.00889753358933	93.00889753358933	250.44176428739746	125.88797200579194	254.28510714138807	251.73757225738055	254.39783120959981	253.69759448481167
254.93500706819998	252.4340097492763	251.11924009335704	242.20430105333332	252.34845797252748	253.40881333941118	245.064935055	233.17633409291648	245.41160353358595	0.0	255.0	170.386891185	255.0	223.12499972833808	252.1022725840328	198.63289068239933	215.28688524590166	150.515321063022	211.07847341337907	246.87734932142317	245.05645793268403	224.4977973767349	229.14793472534004	216.59232170999917	235.18257937884397	240.89790028666332	230.1672642061575	243.11451992984695	251.73757225741744	254.6637337438995
253.19546445443686	251.0911564624	242.08686249864076	248.115	228.73161711203332	233.1763341490184	247.7607127767677	247.7607122988923	218.56358323813464	248.359375	233.0047559547698	156.2812588956944	0.0	169.9062201518231	0.0	175.31795767413192	214.53722176434493	224.3655264235969	195.81416683895867	178.41953956683636	217.95602869913273	255.0	246.51767152239984	255.0	231.6712554675162	239.57769280199037	241.0523675676964	247.39337353661176	251.22935566622826	254.9978563843767
255.0	254.79183673513333	228.2809592022531	188.9092420030537	244.47236066326616	89.21591921591923	239.91935471875	218.56358321484035	217.29139844391773	130.05	253.56103356103355	201.87518340151556	212.5	212.73237410071943	201.87518340151556	197.87817212156054	175.21530685796915	165.25818335373984	204.23932538773784	214.77123874894036	215.1074475752553	229.43269458682764	250.22864277091458	227.03673469170917	255.0	242.7953768918087	251.12241565650447	241.05236756692074	251.9335521312409	237.0081640841014
41.61314549873197	234.59651043736926	205.88448118305962	124.24651032328526	17.355243236000234	64.61538461538461	236.98132312576175	249.23076923076923	197.79325529672738	237.36666483688396	65.1566532107966	214.6153846153846	212.5	115.25298757033195	132.781065045	182.14285714285717	255.0	51.77616926503342	51.77616926503339	200.75124352610095	195.8141667993442	195.81416681582243	251.62721891553724	109.61538462196313	227.538461562	208.39455782312925	240.5559574347067	241.05236756382115	254.8952361666774	252.0426035544
207.42882525707142	178.75899498096126	31.67384600261417	103.32525897965934	149.01230969717074	118.05673103080403	133.33408022999998	197.79325519333545	185.1955842545503	228.2146242008925	110.2288054111435	233.75	180.8181818181818	178.5	153.0	187.0	0.0	255.0	255.0	224.4173217882979	204.4829316683552	198.8948196801022	136.58765432098767	183.78378378952704	136.000000017	136.000000017	185.09183673469389	138.93263541192533	200.01378976781996	226.6141801390221
232.1360629834181	254.73370700151105	72.73610073036065	230.94300310475228	133.33408004696048	133.33408012079056	187.09461606280328	185.19558382004647	227.1366754209328	219.591494325	183.35567747190316	0.0	0.0	0.0	132.33339335148878	138.33087718695185	207.77170868815494	219.88693327647064	219.88693329258	186.95289473838255	207.0110174314898	255.0	199.7711323039341	199.77113230408	230.18456367698246	230.9464976291069	232.4142857121	104.11242603550295	197.42699133731202	226.6141801331589
251.12544870294613	85.82234123766159	253.9767734859039	133.334079975	133.33408006000002	133.33408006541805	133.33408006795173	171.41447361930278	226.59322431459364	227.13667492046216	220.1770338946926	141.61583514763544	119.64968152866243	0.0	119.22829252692966	211.8971329873103	165.2742272829799	129.54664343451168	136.51610641622426	207.01101737186377	227.91125529928883	58.84615384615387	111.97380635591065	164.89558354244275	145.50847454491813	145.50847454745764	150.69597073132377	186.87054178372688	197.42699131720477	199.4666666712
228.048778389754	254.64662377102178	132.79801467418923	235.3846153846154	235.3846153846154	221.59941482941298	171.41447304095226	171.41447335608314	171.4144734672518	133.33408022999998	176.4140750338717	141.61583514494185	0.0	119.64968152866243	68.53315385311367	119.64968152866237	176.1083745719033	171.6428560877734	80.8018369000595	171.317909225172	170.55692656150478	223.03314121037465	115.81395348837208	111.97380637430734	149.22005169801926	155.83333336875	195.5000000085	203.52112677766598	204.38368055555557	211.77350426442308
117.93958496984297	13.813472295806974	125.79896748533665	39.230769230769226	162.72237026743306	145.77907817165195	171.4144734265193	171.41447342608603	171.41447335608314	171.4144734672518	176.41407504913772	0.0	0.0	0.0	68.5331539349649	226.1269688800702	226.1269688800702	170.68092493044983	138.3436158391621	138.34361587515514	179.10957147740618	165.70937447593494	165.70937447518622	113.82242130750001	169.07639393842464	172.61748560717632	192.61359695057232	168.22916666666666	224.142209238948	252.9995510202
1.7627257938970047	226.83769646166823	28.619742957029302	145.77907817165195	145.77907808376273	145.77907803167864	145.77907805172396	171.41447304095226	171.41447333012752	171.4144729649029	0.0	0.0	0.0	0.0	0.0	68.77621813696464	68.77621813696464	113.29869418593415	81.23248822493323	138.34361578891497	138.3436158285876	141.82819479901858	142.66118994081523	142.66118996237304	98.00789369594571	169.07639383225893	196.248	215.9546313799622	204.38368055555557	248.360537086413
126.43340348258178	209.65684448923548	39.2307692307692	2.448635175210967	201.8661993465279	145.77907805534517	206.00082531248887	206.0008252053975	145.7790779917599	145.7790781263448	0.0	0.0	176.05099572011056	176.05099574518675	106.98418765320403	106.98418811784222	106.98418813660996	106.9841876532034	106.98418855824067	159.70303921486146	78.0964269490197	78.09642699069602	78.09642700253204	78.09642699160628	78.09642701585366	158.56363636363636	168.22916666666666	194.42078078078077	194.2387912826421	247.39337353661176
228.048778389754	138.4777707241397	222.0369719422112	110.95474892207613	185.00887767704086	185.00887786309067	201.86619904478775	201.8661990415468	201.86619904478775	201.86619904478775	201.86619906885218	78.46153853999999	127.5	27.881692501822812	181.6617902880605	181.66179032732754	141.14923196027786	106.98418811784222	106.9841871224377	106.98418795742049	78.09642686272994	78.09642697811725	78.09642694210811	78.09642697811725	78.09642692828479	137.18555417185553	157.22956730769232	205.8979237345006	167.53500000000003	0.0
173.74916738842785	27.73548727941244	176.90357307171521	176.90357307171521	185.00887761450747	185.00887759245012	185.00887759245012	185.0088776195646	201.8661990415468	201.86619900696724	132.59999999999997	123.31856626171214	93.72383937307688	208.38692919847043	208.38692929648838	27.881692504373603	0.0	94.46594479556344	181.19049270236283	117.98507462686564	90.76271187209852	78.09642652298672	78.09642690855154	78.09642691189615	78.09642692828479	106.25	154.10569105691056	58.31358030999175	52.77603103257783	0.0
242.04306686332447	203.68556874069378	176.90357307171521	176.90357308810388	176.90357298414636	176.9035734770133	185.0088776195646	185.0088775483355	61.56445638467258	93.93366886594421	106.33642761674906	115.33074784287777	116.68791524121241	46.613070703511625	46.613070801529574	34.71241937205943	118.41512934703013	85.93526404409926	117.98507463709066	113.1963249243203	113.19632498863635	69.9911224516645	69.9911223804354	78.09642701585364	78.09642701585364	128.87096772822582	155.2173913043478	2.3122675540164153	0.0	0.0
242.04306686332447	203.68556874050307	176.90357298414636	176.9035730578919	176.90357309144846	176.90357300930395	176.90357302188278	95.17503751333203	104.34263795847093	98.92031376575284	99.5923703781447	114.60756997973934	75.22955034141748	70.24952385815368	70.24952374778763	34.71241948175131	70.24952374998333	70.24952369584605	70.24952367705663	73.33820967267243	69.9911223804354	69.99112240684212	69.99112240754991	69.99112238549253	69.99112232295914	132.60000000000002	155.2173913043478	154.1056910569106	237.2394010006285	122.23595808028557
203.68556895391401	203.6855687211468	203.6855687532368	176.90357302188278	176.90357299746796	176.9035730509803	176.90357313727003	64.99570789454987	53.96132586857598	53.96132588335263	91.79892353830638	91.45015526013194	70.24952352394422	69.9638238785925	69.9638238497717	170.41829230688785	170.41829232966685	73.33820971193953	91.36802631945159	45.757502172875206	92.72727272727269	98.1918500352323	69.99112213690935	99.5274624709165	107.66666666666666	106.25	252.55136482478903	106.36923811746192	155.30588206983123	253.1745618529042
18.110407485961844	203.68556872776935	203.68556877978776	116.32324169643539	176.90357300839372	76.55234734205035	59.96885963910009	64.99570793414361	53.96132587230042	91.67907209689807	87.09635447245753	53.96132585431752	53.961325862893375	53.961325864851545	95.17503752658848	155.1304563202421	155.1304563421242	49.99956970216306	91.36802630456	45.75750211487971	98.19185022391255	83.58552653274819	83.58552666987245	83.58552703509704	83.58552695904774	100.93749999999997	26.08351197377587	33.328987494052086	247.99625140865746	116.60688921279043
18.11040761096976	18.110407652639083	203.68556870256197	76.55234724888328	76.55234734205035	76.55234733285175	76.55234750078873	61.08198852925429	90.70806968522214	89.88545447522304	87.09635447245753	93.41781133187663	53.96132585431752	53.96132586003475	84.06046273145122	84.06046270920615	84.06046271204562	49.99956973783361	84.06046276080164	78.58592495086228	83.58552678392266	83.58552664391686	83.585526573914	83.58552657348073	83.58552638069725	100.9375	26.083511995047928	184.72585847586942	0.06659000402055426	12.773044689726078
18.110407472613787	18.11040765795508	18.110407716739473	61.54312464535451	76.55234727768894	76.55234730340709	76.55234741180936	59.968859602177304	80.92108552079853	61.08198852925429	61.08198855530969	61.08198858220416	61.08198857061029	61.08198857061029	61.08198855901648	93.41781133187663	84.06046265418053	84.06046271770398	84.06046271770398	78.58592496612823	83.58552653274822	83.5855266439169	83.58552657391397	83.58552657348073	83.58552695904774	26.08351204227617	26.083512024797272	135.74033687330655	188.57350461843555	143.63957901917178
138.33430901407223	18.11040761096976	18.110407677549915	43.42232135424791	61.54312464535451	61.543124840907666	75.62516127522665	78.30087456415995	77.8584361508245	77.05238374046746	61.08198858220416	61.081988582204104	61.08198854435972	61.08198858220416	61.08198855530969	61.08198853582877	89.88545447522304	61.08198861925024	84.06046267323433	50.35272172816849	83.58552638069722	83.58552666987248	75.65981144137098	60.24053298625773	79.28487949137855	71.94197567272889	76.5	0.0	0.1069519755820636	241.43698200128483
28.619742957029302	166.88213328978782	18.11040765795508	43.422321298903825	43.42232129220122	61.54312470324399	61.543124732188744	69.3630382052643	75.7905509661457	0.0	0.0	0.0	61.08198849334076	61.081988539324556	61.08198854939485	61.08198857129483	61.081988581365124	61.08198861925024	61.08198855901648	65.94456770696976	65.94456744597616	69.70427134975048	65.94456749914855	78.33081762023389	67.76599896196336	123.33665244754724	76.49999999999997	0.0	250.31120262840633	135.17638416095025
208.37615823282135	39.49999979999998	0.997699914432502	18.110407735977645	43.42232128884996	43.42232133881464	61.54312466606723	61.543124691208334	61.54312470377886	42.82717502999998	0.0	0.0	65.29253027424039	63.66959242086955	61.081988582204104	61.08198854939485	61.08198857061029	61.08198855901642	65.94456733313905	65.94456736896768	65.94456736896768	65.94456736896768	52.9401191841209	52.940119219999985	52.9401191841209	35.504254961359834	123.33665244754724	242.64247046514924	155.83431579518486	251.81170932599792
184.25962860203032	39.499999803047444	39.49999980000001	39.49999980000001	0.9976999851020878	43.42232133109803	43.42232127879609	95.25331003023453	95.25331006005703	54.054621505300474	54.05462151524691	54.0546216078811	0.0	65.29253033684944	30.519167412212624	30.519167412578696	63.66959242031356	65.94456736896765	65.94456733313905	65.94456736896771	65.94456718498265	48.70716777164759	52.94011917749998	52.940119184120846	35.504254954320515	35.504254918553016	112.45529623877391	254.8922124698821	43.39534102442113	161.77011758212342
238.8697666827594	138.33430901407223	39.49999980304747	39.499999803047444	39.49999979999998	55.924600970663334	0.0	0.0	43.42232103605028	0.0	0.0	0.0	54.054621666222516	54.054621454265	69.51468395201869	76.44145884940704	65.94456710746476	65.94456723878679	65.94456729609993	48.70716766336088	48.70716771447536	52.940119304999996	52.94011909636734	35.50425495635278	62.49181712211734	62.49181702395478	255.0	73.11541604442965	12.17878650549622	3.0689457353161345
244.24719345126118	208.37615823282135	174.83795236608188	39.49999982020208	49.95681668322641	52.08384176433094	52.913998427277676	56.05986402225449	41.65169310899307	91.56011100194212	91.56011099653404	0.0	0.0	0.0	54.05462141159731	48.707167403376786	48.7071675934026	48.70716763376021	48.70716762003019	48.70716759836486	52.94011904999999	35.504254954320515	35.504254961359834	62.49181712211734	62.49181702395478	255.0	0.0	77.7575636835011	10.020160589002302	69.77772253646125
158.70057714750024	15.779564320939244	33.33956889513715	246.0779339179998	143.7916034413019	7.323514119876677	7.3235141198766485	7.323514131909519	7.323514081643339	91.56011091901667	91.56011100194212	91.56011099653404	91.56011106143887	91.56011107405146	91.56011109118734	27.513561548247566	27.513561553426513	27.5135615768732	35.50425494024199	35.50425497525271	35.50425495080094	35.50425495635278	35.504254918553016	35.504254918553016	23.03024490733773	0.0	148.21774657770692	6.602773631655566	239.42234052159753	10.103586242670048
77.22103369794345	123.48346048579631	0.0	4.496901491118507	3.603123976254068	63.801563723277525	7.323514085912933	7.323514032168077	7.323514096731998	7.323514129941003	7.323514128086828	7.323514192032576	127.70863952822012	27.51356154560429	27.513561556016015	27.51356154785347	39.60405402038151	39.60405392363222	39.60405390487918	39.60405389550266	39.60405380153691	37.870093749090955	37.870093774977846	37.870093671430254	149.46075717923594	0.0	0.0	77.9561932811728	131.62661350622275	12.704527671893743
10.08724602752892	10.169414354687888	12.184170334020052	19.33078732987579	23.310243532280197	0.0	30.03297079502812	32.57536585338528	129.19444777909052	7.323514085971368	7.323514096731998	7.323514131909519	7.323514155975261	27.51356140424909	27.51356154560432	39.60405385863547	39.60405392101876	39.60405388119153	38.81121355024348	37.87009374771398	37.87009374771395	37.87009368025872	13.10051519620339	69.25617754596345	0.0	0.0	0.0	29.99935152819438	8.675582215181464	0.0
1.0605309057958436	9.767619219439695	10.433112141856299	12.184170334020052	30.25829258347335	20.057182133969405	62.503553802904236	32.57536585338528	32.57536585338528	32.57536585338528	40.76568839783258	31.451129933216095	7.323514096731969	7.323514155975261	21.479235177439392	246.4420439099252	246.4420437791834	37.8700938267516	37.87009374771398	7.850214430818909	7.304215182049887	2.1555221616763447	0.4434723270331915	10.973954265613031	82.91372115739233	0.0	0.0	199.0860160956577	0.011701480621724158	0.0
