254.97209199624888	255.0	254.50242570054115	94.42295277397753	218.05835009688715	67.76147947716348	38.21127585516453	94.69298245614033	255.0	91.79999999999998	149.2297490918935	201.875	255.0	32.866666666666674	234.49882069014907	255.0	255.0	223.309200777358	255.0	255.0	255.0	211.21462002966916	167.13104004612956	167.13104004612956	250.27220315381368	203.41976588573232	254.17924936760662	254.45803525320986	249.62854052172565	253.75039034918845
254.99284892346546	255.0	253.83235153092704	255.0	202.38095236538462	38.21127611801353	255.0	69.4415196400015	67.64798971326996	143.14819802861638	228.7639874344636	255.0	108.02298131305238	226.02272714430526	220.22727274702996	225.66393170452326	230.03415300546447	243.76048364798538	223.65351629502572	201.32092434681056	244.1204858154733	227.87888874186132	243.12052313421458	217.7902123915423	234.53864701592195	240.9579877026339	233.10331552799823	255.0	254.45803525340006	253.08236636095504
253.19812038172017	255.0	222.23463688144065	255.0	0.0	69.44151968055115	26.36034206705591	26.36034296288733	53.248726948581975	69.0625	246.35659969268698	255.0	113.29636544382748	255.0	108.53749211751332	208.29775884686507	210.60237635986465	203.28963539532978	222.7313406205369	183.34881797886993	219.42970049067398	207.64990328820116	232.60135136706765	221.0000000085	231.59376274155932	239.02906325868142	250.78604537106418	251.11525587436927	254.0625419585867	253.4202075367181
255.0	255.0	231.79632520868742	246.35738856897768	182.52806733235366	124.73566973566975	37.946428609375005	53.248727032805306	61.64275406200443	255.0	47.78883278883279	241.06295203079418	148.75	110.75334018499484	241.06295203079418	255.0	255.0	198.67019572522787	88.41992188441188	217.46475295802492	215.45157851739748	142.13019962931145	208.5115066722642	205.0408163265306	221.0000000085	218.15919385975343	244.21211181691916	250.78604537139458	245.21207830070804	254.99040383028898
191.98465888020255	216.94973656747777	43.98041723571788	3.907383294708893	18.916976192256612	93.46153846153848	27.201350240268965	33.46153846153845	38.08441551430565	29.032187309091398	64.55540923646907	65.7692307692308	148.75000000000003	255.0	255.0	201.875	164.89558354244275	105.3507795100223	105.35077951002228	201.3491298016204	222.73134061157623	222.7313406121353	219.23076920931084	229.94505493959525	255.0	196.71428571428572	246.61735700197238	250.7860453699183	246.39905524440553	255.0
21.946181094830393	105.42990694665738	255.0	254.51165916068464	99.0256257376445	251.49431612461223	76.76264897999997	38.084415627693346	31.26735407756695	15.786686427581117	149.55862763790296	42.5	81.90909090909093	255.0	51.00000000000003	17.00000000000003	83.79991030278873	164.8955835521353	164.8955835521353	222.2085189191222	162.3783107604217	126.98616724475261	255.0	223.98648648648648	255.0	255.0	217.53061224489795	254.0714610832954	255.0	254.96465332965826
1.1316746195789449	23.75048226355986	244.7202613893852	67.72157336469962	76.76264890593558	76.76264894285057	28.89815145039907	31.26735401686844	14.785904922058506	23.644843125000023	113.14138915514471	59.15241686935187	67.07283396617188	67.07283396617188	167.15999639891066	203.51855798854845	231.1646813214687	227.11563930789225	227.11563930693077	185.15770109010754	102.2249953398142	164.89558354244275	226.14888181209201	226.14888181216824	246.44295297878475	245.74022346025504	255.0	248.96449704142012	254.74974138562902	254.96465332971877
0.0	84.0241221440385	231.0168761490205	76.7626488525	76.76264889500001	76.76264888747806	76.76264886544314	25.138407037848225	14.3037390901722	14.78590545134378	30.409637072258334	98.94175613187662	155.02123142250534	67.07283396617188	255.0	255.0	255.0	134.6155836822337	255.0	102.22499531028305	151.89993256154844	215.76923076923077	251.95051667588507	255.0	253.55932202188453	253.55932203101696	248.06122449308103	254.99006714571036	254.74974138584864	255.0
10.270749943114538	4.506609618220438	218.25127242994665	19.61538461538464	19.615384615384613	10.06974822610593	25.138407037848225	25.138406936618082	25.138407012089175	76.76264897999997	94.55941996481957	98.94175607173466	51.65632061239799	155.0212314225053	201.17040917128864	155.0212314225053	148.3332221802921	171.38065963643248	255.0	255.0	142.13019962931145	195.4755043227666	206.1627906976744	251.95051662940978	254.7069807489735	253.229166663125	255.0	246.27766599597587	254.98155381944446	254.85243055560096
93.8774764059099	44.59734098811046	127.52668908908406	58.84615384615387	15.87317088347956	76.86834869678364	25.138406845064736	25.13840689888258	25.138406936618082	25.138406760914677	94.55941995182351	51.65631987760446	51.65632044357858	51.65632055103194	201.17040924986844	211.354930993133	211.354930993133	169.8209928303288	171.84469603247902	171.84469604967822	255.0	198.42361227570015	198.42361227522576	249.8921300625	250.54047027509893	238.56641738232312	254.52826916480228	254.55729166666666	254.9797105016406	255.0
1.9243308919721187	55.98350853028043	10.066268225781045	76.86834869678364	76.86834864864738	76.86834867179687	76.86834867378178	25.138407037848225	25.138406748672935	25.13840676091462	160.2857141815286	51.656320839643655	51.65632044357858	51.65632066509619	51.65632083964374	95.35469489400762	95.35469489400762	148.76942277521852	255.0	171.84469598503006	171.84469599742047	244.50628236374382	246.4606964025537	246.4606964397969	129.38111846316576	250.5404703894854	240.312	255.0	254.98155381944446	251.0182977690596
54.60468348521471	127.49966365355841	58.84615384615384	154.9503899266873	20.20053371559115	76.868348633663	9.769374663171504	9.769374727180121	76.86834866228082	76.86834881751298	160.2857141815286	46.441587782306016	130.08527787244424	130.08527788731965	142.43573200739147	142.4357326720214	142.43573249079748	142.4357320073908	142.43573220865264	159.45649289146377	249.21347242036148	249.2134724074722	249.21347247387382	249.21347243900846	249.21347240560817	237.38181818181818	254.55729166666666	249.6518918918919	251.49097542242703	251.11525587436927
31.113146560089973	21.50232235869504	13.619868011328208	255.0	12.211848343734061	12.211848400006602	20.200533413851048	20.200533561480455	20.200533615011125	20.20053371559115	20.2005336166215	255.0	148.75	60.798379709103244	135.99555652441933	135.99555653558397	255.0	142.43573267202194	142.4357323939999	142.43573241241666	249.21347236927775	249.21347240840424	249.21347243738938	249.21347240840424	249.2134724714452	217.21046077210462	240.6971153846154	77.36436516768381	255.0	247.65866607160248
44.60322307972345	42.40528844360006	5.786527635579517	5.786527635579517	12.211848304433175	12.211848333379095	12.211848333379095	12.211848339940218	20.2005336270025	20.200533623542213	51.0	8.646595386132589	26.921066422896786	187.63424388382836	187.63424396750338	60.79837964989184	42.5814074516386	128.02577306993066	0.0	152.23880597014926	246.35593222426746	249.21347240560817	249.21347240747224	249.21347241914717	249.21347236442048	244.375	214.22764227642278	218.3573133964644	240.13081480405387	0.0
0.0	8.731528031414541	5.786527528554814	5.786527580852834	5.786527594391828	5.786527594391828	12.211848339940218	12.21184839127099	255.0	113.14138915514471	106.23656279414325	255.0	117.28689919085986	67.36575603249659	67.36575611617161	137.25442073134028	118.71446540030584	117.52850012747155	152.238805977818	239.74880353139275	239.7488038125	242.788151608729	242.78815166005975	249.21347240560817	249.21347240560817	244.03225805080646	255.0	116.34363513729357	221.49376277210195	0.0
0.0	8.73152804552069	5.786527594391885	5.786527562610644	5.7865275925277615	5.7865275925277615	5.786527591595785	71.91912160088626	36.62369904954727	99.46597232746765	99.69394732646319	111.13101891851952	255.0	100.11430673788672	100.11430666056361	137.25442068186766	100.1143066087549	100.11430660875499	100.11430641145907	119.00444346441603	242.78815166005975	242.7881516864665	242.7881516666209	242.78815169556685	242.78815165626594	193.8	255.0	214.22764227642276	221.29466968959895	130.6964087038968
8.731527656174563	8.731527937604568	8.731528106632453	5.786527591595785	5.786527526126179	5.786527579638545	5.786527630722247	74.10502507748936	133.8394015784277	133.83940157447336	93.53244920801902	93.8078594886776	100.11430646150251	60.757431679478145	60.757431721665654	73.4850542544726	73.48505426209161	119.00444347558073	123.32849822780204	174.69282253367854	176.1818181818182	235.21347927034338	242.7881515999934	237.06305717859766	204.0	244.375	100.04961007331269	105.42915424989215	31.69065104514081	251.7822829137961
28.24036914114933	8.731527857851972	8.731528219034516	9.06786525303798	5.786527560991516	24.359754778152535	71.44196039789489	74.10502510786318	133.83940157006515	90.48581641427057	89.4823149682853	133.83940156019767	133.83940158146817	133.83940158679025	71.9191216258194	67.48926409492049	67.48926409389907	74.0959257246032	123.32849833979697	174.69282245648822	235.21347890689427	229.86159323908532	229.86159325132704	229.86159323908532	229.86159296215178	201.875	186.0892707540482	16.910193975364194	247.35917932617053	116.60688921279043
28.24036940028509	28.240369389527643	8.731528023705607	24.359754679743958	24.359754735244962	24.35975477382337	24.35975496198205	86.23654537230723	85.83697344121444	91.20133690567161	89.4823149682853	87.43806789526002	133.83940156019767	133.83940157437797	61.9910909874267	61.991090986395164	61.99109098387876	74.0959257748722	61.99109106435017	160.4405800481765	229.86159298791088	229.86159306338192	229.86159310111748	229.86159315493526	229.86159296215178	201.875	186.08927066430186	116.35060729672719	166.41342646751653	248.62582479382831
28.24036923126951	28.24036935081861	28.24036947036771	76.86834869678364	24.359754713791176	24.359754765855882	24.359754637272772	71.44196043627733	80.94133162769651	86.23654528822613	86.23654533737539	86.23654529594393	86.2365453279765	86.2365453279765	86.23654536000913	87.43806789526002	61.99109092917527	61.991090995990106	61.991090995990106	160.4405800351804	229.86159298791088	229.86159306338195	229.86159310111748	229.8615931549353	229.86159296215178	186.08927062205782	186.08927064011823	53.38700077415007	191.06993951649116	53.04294633156621
84.91559138168168	28.24036940028509	28.24036939066832	0.0	76.86834869678364	76.86834881751298	20.222993288046553	78.35617463650502	78.5884815681753	77.10952134981741	86.2365452959439	86.2365452959439	86.23654530955221	86.23654529594393	86.23654533737542	86.23654542407434	93.91133475155155	86.23654539302171	61.9910909767828	208.0506944427385	229.86159296215178	229.86159296215178	202.11546362791552	202.94834296920132	175.59455790936673	240.99728873825484	255.0	0.0	37.941100014270205	254.51214986171945
10.066268225781045	124.36046747174288	28.24036935081861	0.0	0.0	76.86834867378178	76.86834866228082	69.82884205024646	75.9764315038874	28.742441257611716	28.74244078221605	28.742441121520727	86.23654528863386	86.23654530244352	86.23654531666091	86.2365453302667	86.23654534448411	86.23654539302171	86.23654536000913	93.61599503293942	93.61599508796215	147.95000479632105	93.6159952362674	130.07602315035172	162.59502893793962	191.08687268485107	255.0	0.0	188.28348209133435	255.0
77.96092223893342	76.76264897999997	90.36216534701046	28.240369368012608	0.0	0.0	76.86834864864738	76.86834867179687	76.868348633663	255.0	28.74244079337555	28.742440788844732	126.77530424618135	75.73648375246142	86.23654529594387	86.23654531666091	86.23654532797653	86.23654531160815	93.61599506962125	93.61599510608653	93.61599510608647	93.61599510608656	140.97470202809137	140.97470201	140.97470202809137	209.3416809939929	191.08687268485107	77.33960850017485	12.463810957907043	182.48273582901487
127.71778744946934	76.76264894285057	76.76264889500001	76.7626488525	90.3621651825407	0.0	0.0	45.16672733052653	45.16672734288517	78.63345013888389	78.63345014542668	78.63345015920896	28.742440811731342	126.7753042753931	154.51233966405448	154.5123396819742	75.73648375794272	93.61599510608653	93.61599506962125	93.61599510608656	93.61599514298499	117.09508484533549	140.97470196749998	140.97470199117632	209.34168090192964	209.34168092966064	85.74827458338453	254.96083919150087	126.93771068372536	239.58561166062708
16.55863248188129	41.412324077903634	76.76264888747806	76.76264890593558	76.76264897999997	56.23086204060024	90.10441645755725	90.10441644786471	0.0	22.028484460870857	22.028484623416063	22.028484623416063	78.63345016282605	78.6334502005557	69.51856038417523	76.45171441389274	93.6159950329394	93.61599497590566	93.61599508796215	117.09508473183763	117.0950847078899	140.974702095	140.97470186782567	209.34168091556654	147.80618759730925	147.80618758968274	95.43390666651322	6.810313900173327	86.38146141007445	43.372863614706944
1.9243640084297908	77.96092223893342	43.22553916160251	76.76264886544314	49.3979723378356	119.7995414406779	54.031829007589124	56.405921379069014	255.0	162.03649482825267	162.0364952251906	22.02848450813005	22.028484602424726	22.028484448976542	78.63345004518072	117.09508460184557	117.09508477661274	117.09508475370512	117.09508477516832	117.09508479683365	140.97470184	209.34168090192964	209.3416809939929	147.80618759730925	147.80618758968274	255.0	0.0	44.59839020457173	12.717108753240382	224.36889335946313
127.49979976078154	81.44250908673953	43.23839400985051	31.1293849709553	96.27562641868838	17.196858562664573	17.196858599830477	17.196858586606368	17.196858560158148	162.0364950601561	162.03649510673452	162.03649510424748	162.03649514057594	162.03649508786725	162.0364951574966	211.6521378072105	211.65213784705048	211.65213785158807	209.34168086947673	209.3416809085195	209.341680855898	209.34168091556654	209.34168092966064	209.34168092966064	155.65596279056598	0.0	143.75359686954286	125.19123819261998	238.0235841164582	224.36897082225653
13.136440653240555	127.51332617050055	20.548416842969345	21.50232235869504	255.0	129.1481137741436	17.196858570183792	17.19685858963831	17.19685858963834	17.196858559533382	17.19685861974321	17.196858639813172	0.0	211.6521378828569	211.65213786697046	211.6521378584674	177.0083171357923	177.00831716966348	177.00831716966348	177.00831716966348	177.00831718609328	113.0564491011919	113.05644905731108	113.05644905042308	0.0	0.0	0.0	71.99351139452335	248.926218492445	15.5639372242822
9.915167694773828	10.138577466667556	12.20375505096439	15.286539370211216	26.02250682553114	36.933424087331275	30.26424675468175	36.933424087331275	197.41229054437125	17.196858535835077	17.19685858963834	17.196858611383675	17.19685863449007	211.65213780721052	211.65213775778145	177.00831713061123	177.0083171411327	177.00831715611957	204.89431691257437	113.05644907255783	113.0564490461511	113.05644894924035	226.96813904043208	191.9817856261043	0.0	0.0	0.0	0.0	224.37368564819224	0.0
1.0809651780423053	9.977481621169574	9.882881282161208	12.022229741381295	0.0	21.271896435047466	0.0	42.768578068619036	20.548416842969345	39.19820460146647	42.768578068619036	0.0	17.19685858963831	17.19685863449007	85.74827458338453	49.86017237857217	49.86017234898233	113.05644896954945	113.05644903294774	230.6336261088041	228.85713173637564	191.48710237554616	173.85726724607815	58.69855780596512	0.0	0.0	0.0	81.35723497006575	0.0	0.0
