254.6939978825404	254.4962962962963	254.10419815964391	248.1308803763441	237.29879275475844	232.421875	225.8178502362928	235.6140350877193	214.2	199.46666666666667	252.2188469248977	218.57142857142858	162.98376634480866	250.46666666666667	162.8516822206642	208.25	229.5	216.40453803890995	229.5	214.92857142857142	226.02272727272728	242.83091437541717	249.04043481062433	249.04043481062433	225.06733606370446	254.0889220968475	238.30496419701856	254.18466468911583	254.402913145869	253.7621370113019
254.93445273230407	254.01048104956269	251.10192268402938	243.66666666666666	242.85714285714286	225.81785104709408	226.02272727272728	204.94940696298363	209.74105919184677	250.3920739645905	222.92770028039143	124.44	250.73650720517173	228.92045456027247	243.4090907707903	151.2230866089281	240.60109289617486	168.9721850996585	215.05145797598627	235.6569241105061	192.9722422580339	225.25489153300484	229.07761236853057	248.958305739761	234.34193854665807	240.94608547754865	253.9007139889671	248.7030612244898	254.18466468926331	254.97692084080612
254.47252601724722	246.42916666666667	237.62011174246348	238.68	205.50063994642045	204.94940689570194	196.32218385682157	196.32218338115769	181.9092994403886	212.5	253.0501753664019	106.53374208143376	242.7033308204008	133.0931469888529	238.8491837052133	126.13104739928247	216.92796844178082	221.46661204424416	217.938965465277	241.89359302394863	219.37740301720635	245.95744680851064	234.95085994323992	249.9	231.3554135890264	238.83897814191783	249.46692553903182	248.70314243367918	254.31176616897798	254.97299886574982
255.0	252.45	255.0	96.6796676740419	198.53563155151764	154.8024948024948	185.9375	181.90929932862605	183.62234960049193	214.2	239.24710424710423	190.36196986173684	170.0	204.1677286742035	190.36196986173684	201.24127984839615	216.8199092092828	117.5242504377452	230.70903528557494	215.32923178581402	215.57067878838075	242.24470343085278	243.33902382882886	243.55102040816325	249.9	242.8478106589611	250.37705631679495	249.46692553945448	254.48596418159102	254.41183791313364
164.87769120028116	238.32708551117182	252.66289319185552	12.738334299928738	208.08781235558564	120.0	173.7001068162944	218.07692307692307	153.28977269500916	179.04633537851203	186.8716570211032	183.46153846153845	170.0	74.02544452557683	91.79999999999998	218.57142857142858	235.6113312960353	216.09688195991092	216.09688195991092	200.35740477700523	217.9389654546678	217.93896545552175	240.73426573910706	196.15384615650888	236.454545436	242.27891156462584	251.0378913954635	249.46692553751606	254.42994651776277	253.651239669
41.58619799034173	151.48098147803466	78.8903975979407	243.62103661187933	166.46369245216016	139.70820679041344	101.47470229499999	153.28977274817586	137.5466026843601	147.64099298896025	58.866868831763554	170.0	170.61818181818182	153.0	136.0	221.0	218.8145509149813	235.6113313250323	235.6113313250323	145.00860502471494	204.60529668906304	240.2241935475124	218.06172839506172	220.54054054054055	220.999999983	220.999999983	245.4591836734694	240.49157942649066	249.64927094446983	253.45737769366318
89.32000466085947	230.8046174101359	158.3865110315727	0.36895327975526016	101.47470222504387	101.47470222504387	137.78226730746962	137.54660254037518	144.26248294650634	144.16343463750002	134.02854290821654	197.5037564081198	205.26751812219538	205.26751812219538	89.35493236704102	190.2793583705976	151.96805875139438	174.37155027249253	174.37155027872114	190.89871994660257	216.07807069854667	235.6113312960353	228.4223333284026	228.42233332106346	239.59731543882594	236.99847638258382	229.5	217.27810650887574	247.93188509534494	253.4573776939386
34.80436076269899	248.4777511180776	51.87599682828176	101.4747021675	101.47470221	101.4747022250439	101.47470226911383	121.42441961538003	142.57749073179326	144.26248290957204	141.5728043534688	128.29852523841043	78.50318471337582	205.26751812219538	86.41355483195645	174.36191968717029	145.81552308719893	217.2090180213704	153.9148166922733	216.07807064662867	208.00090626563053	156.92307692307693	206.73314056111164	231.27018738236615	227.62711862326344	227.62711864118643	222.61904762410344	246.48381772401348	247.931885095157	250.4666666712
151.7975415041427	122.72667852827564	216.01007578083505	176.53846153846155	176.53846153846155	127.26208945997286	121.42441903702951	121.42441923196688	121.4244192758241	101.47470254999996	129.10841829764894	128.298525224117	189.1616490335694	78.50318471337582	82.77275420559849	78.50318471337584	171.8276327225841	171.64482398221867	161.88716519506778	186.23161403111493	200.9676967426695	213.11239193083574	179.65116279069764	206.73314050771035	228.55501293274597	230.208333336875	234.6	236.01609657947685	248.67296006944446	250.8680555560096
0.03510685713499129	78.32631776932541	152.47241183717824	78.46153846153842	102.6522226730668	94.99424144864417	121.42441922981303	121.42441921003828	121.42441923196688	121.42441927582408	129.10841832845608	189.16164748627574	189.16164758199244	189.16164782496045	82.77275415729835	96.23443147614648	96.23443147614648	170.51643230376794	165.0783668592438	165.07836686891835	174.3619196852641	201.6308904913634	201.63089049733045	202.3589565525	213.43115118425322	226.65116768356827	239.40339923764307	233.30729166666666	251.14277615540348	252.45
52.9226831801173	221.7084265030542	247.67136083028888	94.99424144864417	94.99424143016324	94.99424141781807	94.99424142021834	121.42441903702951	121.42441903702948	121.4244187734752	46.75000009817498	189.16164719454824	189.16164758199244	189.16164765371497	189.1616475564773	210.820241448861	210.820241448861	73.23720448880806	157.94713163585004	165.0783668281856	165.0783668218968	188.04380031382686	192.20344919423908	192.20344922328337	242.0297654392595	213.43115106756818	228.888	245.23865784499054	248.67296006944446	249.10735555033034
47.79402487916653	210.01575954754543	78.46153846153848	41.497013354140705	111.03336653105953	94.99424141164548	110.80656343424934	110.8065635322474	94.99424140600541	94.99424149254489	46.75000009817498	175.56093511690756	117.97979052717142	117.97979055955918	68.10867032736834	68.10867160966734	68.10867129418116	68.10867322780604	68.10867147015352	159.3846956750473	177.88377167097448	177.8837716837549	177.88377167097445	177.88377171743804	177.88377165891308	216.36363636363637	233.30729166666666	238.9189189189189	238.69527649769586	248.70314243367918
151.7975415041427	50.33831008208182	147.6310923283741	71.99616450855797	95.37897135729955	95.37897153452096	111.0333662293194	111.03336626875262	111.03336632989942	111.03336638018945	111.03336647378092	51.0	170.0	158.3469435895179	141.6247777310325	141.6247777686611	141.9271961212708	68.10866909037858	68.10867051824394	68.10867124614933	177.8837715963158	177.88377169617587	177.88377169586067	177.88377169617587	177.8837717456331	199.1095890410959	214.54326923076923	252.66353284057038	238.68	210.79548689880068
121.90783282860056	57.70016904383286	77.11622825436689	77.11622825436689	95.3789714092012	95.37897136742794	95.37897136742794	95.3789713672785	111.03336626875262	111.0333663370954	122.40000000000003	161.8871652522563	80.80183696608975	68.08429664522217	68.08429655560005	158.34694360777053	165.07289931093902	59.24402607252895	207.48149679645778	156.04477611940297	172.88135590363402	177.88377141247958	177.8837716837549	177.8837717083038	177.8837717456331	180.625	140.97560975609753	190.53693558885877	138.00936715021936	0.0
156.60178767589392	115.96296906511068	77.11622825436689	77.11622829169622	77.11622834108692	77.1162285875204	95.37897132766838	95.37897128388147	37.61187080027483	134.02854290821654	106.23517649727373	93.72383928884992	116.06779443578986	186.91570344439995	186.91570335477783	89.14464777307828	118.92991294308638	53.49036754597171	156.04477608872804	164.9355033920821	164.9355036306818	159.62102871611853	159.6210286327215	177.88377165891308	177.88377190534652	191.9354838846774	205.1086956521739	74.84696272009785	210.79548689880068	0.0
156.60178767589392	115.96296901402161	77.11622834108698	77.11622830413933	77.11622831624504	77.11622831624504	77.1162283038241	91.17998574155226	95.06925363172851	99.38141856120342	99.71725196522954	98.35471930577276	51.01472865751967	41.97305223167149	41.97305218406538	89.14464780461512	41.9730522645996	41.9730522104625	41.97305183083117	113.37522223133891	159.6210286723316	159.62102864592487	159.62102863257206	159.6210285907988	159.62102864270045	173.39999999999998	205.1086956521739	140.97560975609758	201.42729657638873	142.32238003144735
115.96296904753169	115.96296906071595	115.96296904852375	77.11622830382413	77.11622832902555	77.11622832902552	77.1162284036842	67.12154475318192	65.141934210763	65.14193420613876	92.39973332551526	94.16412533052701	41.97305207782662	123.41630383871498	123.41630380225789	145.7451040015348	145.74510404385774	113.37522226896752	127.1037678962941	104.35408538216231	153.0	149.56857168119421	159.62102846547904	152.97709345555512	170.0	180.625	213.5029866458592	230.9146999756594	20.655560412836053	6.097785318411269
39.252264797433156	115.9629691060764	115.96296907390018	65.8118124571852	77.11622828256196	68.74857795978747	63.19533181301861	67.12154477442348	65.14193419765891	0.0	110.20681453349508	65.141934206075	65.14193421642776	65.14193422386708	91.17998579277793	121.50659107424786	121.50659114789954	126.94939184412783	127.10376786260773	104.354085327472	149.56857172180165	133.5755807241759	133.5755809629705	133.57558122652478	133.5755809629705	159.375	94.99424144864417	250.20308716165306	87.24239931878009	116.60688921279043
39.25226460687247	39.25226473762433	115.96296906770797	68.74857795498306	68.74857795978747	68.74857799106414	68.74857806322626	80.51347392842649	86.36858365032833	83.88413443830174	110.20681453349508	91.20133690567161	65.14193412502303	65.14193421297682	118.02092236471873	118.02092237747311	118.02092238715306	126.94939182264588	118.02092243202176	125.89158167154395	133.5755807241759	133.5755807680331	133.57558078996175	133.57558077018697	133.5755809629705	159.375	94.99424143016324	185.64895785678053	6.199507393289423	74.55015093557105
39.25226467723496	39.25226466749447	39.25226478431094	94.99424144864417	68.74857795978747	68.74857792508351	68.74857768692232	63.195331793345844	80.62808500298436	80.51347392842649	80.51347395608369	80.51347393176891	80.51347396488774	80.51347396488774	80.51347394960573	91.20133690567161	118.02092232582399	118.02092238428267	118.02092238428267	125.89158170235109	133.5755807241759	133.57558076803315	133.57558078996175	133.57558077018697	133.5755809629705	94.99424142021834	94.99424141781807	202.23018895076044	89.39175127669844	24.82864744743995
224.41615954287295	39.25226460687247	39.252264706433294	26.349627515305883	94.99424144864417	94.99424149254489	60.8891760127851	78.14924558801502	76.79830839518505	78.51418515865558	80.51347393176891	80.51347393176889	80.51347394833726	80.51347393176891	80.51347395608369	80.51347406424443	83.88413443830174	80.51347401361704	118.02092234445445	110.29252179417122	133.57558038461997	133.57558067379523	128.1873365368344	117.284260165956	137.06879961937915	129.81046581237092	153.0	0.0	219.28590642971955	14.031201671283753
247.67136083028888	25.912848012639188	39.25226466749447	26.34962747764871	26.349627512942703	94.99424142021834	94.99424140600541	69.30648652906282	76.55978486358322	138.87390403031765	138.87390390792103	138.87390368581316	80.51347392694711	80.51347394170031	80.51347395497419	80.51347397046703	80.51347398374088	80.51347401361704	80.51347399800665	97.08768975644887	97.08769011326461	124.04401742208569	97.0876899854247	110.75021663025001	117.15479915353163	110.70799939965275	153.0	0.0	197.0067001266018	160.36885391609667
84.91559138168168	101.47470229499999	18.183713695157877	39.25226470771992	26.349627530589686	26.349627505940646	94.99424143016324	94.99424141781807	94.99424141164548	26.92106629500003	138.87390363552333	138.8739036136321	110.52514166181913	92.3555941535437	80.51347393176889	80.51347395497419	80.51347396488777	80.51347394960573	97.08768999432601	97.0876899854247	97.08768998542467	97.08769005051514	101.4747022250439	101.47470221	101.4747022250439	81.16257411904058	110.70799939965275	3.7970175231802443	248.0137152471143	85.8739559247714
3.287065818830939	101.47470222504387	101.47470221	101.4747021675	18.18371376588007	26.349627501258027	26.349627583530634	77.97466621583104	77.97466624754568	31.776628148016528	31.776628156241856	31.776628111319695	138.87390373630052	110.52514167287251	76.86641387412723	76.86641389072992	92.35559415551447	97.08768998542467	97.08768999432604	97.0876899854247	97.08768987057545	94.23069743062734	101.4747021675	101.47470222504387	81.16257405239091	81.16257405476344	61.04660656008079	0.8641257954296861	245.37403945352025	234.39516932840377
14.694807576761349	224.41615954287295	101.4747022250439	101.47470222504387	101.47470254999996	56.4960788865406	19.388668703964697	19.388668674967704	26.349627759108017	113.02835704091899	113.02835695430099	113.02835695430099	31.776628007510055	31.776628408072042	70.12677406146511	76.30073631407859	97.08768975644887	97.08768998542467	97.08768996338839	94.23069743261419	94.23069761933758	101.47470229500001	101.4747020476236	81.16257404078627	108.65767926963093	108.65767927332047	71.54433203101127	10.463653362522535	76.91116511202364	57.9216013461232
2.2748705278064847	84.91559138168168	160.64303107483357	101.47470226911383	52.208593473841546	50.86577077588484	53.37423104526479	55.804076777776345	93.72383928884992	80.42431138163977	80.42431177284305	113.02835695430102	113.0283569965338	113.02835697988934	31.776627960610256	94.23069730262213	94.23069737532359	94.2306974566616	94.23069743261416	94.23069743261419	101.47470203999998	81.16257405239091	81.16257411904058	108.65767926963093	108.65767927332047	255.0	0.0	13.881661339682069	172.335724984464	245.13636357572722
39.95693100674009	3.785107859472191	0.5245968543368349	4.371090628362651	56.758671672870065	60.62968458424481	60.62968458424481	60.62968459368793	60.62968461257407	80.42431156910098	80.42431166012159	80.42431165189993	80.4243117236721	80.42431173469888	80.42431175544743	70.86142374103707	70.86142370637603	70.86142372528514	81.1625740707652	81.16257406673321	81.16257401906608	81.16257404078627	81.16257405476344	81.1625739888924	40.333365616098604	0.0	71.15557400058614	110.21292534936174	5.828215459466946	185.3545604919958
22.32943137150241	67.69437942561134	27.01249382867556	50.33831008208182	71.99616450855797	6.775405701666898	60.62968449925705	60.629684569771285	60.62968458591223	60.629684593587655	60.62968457823675	60.629684659205	168.24054202238392	70.86142372528514	70.86142368904552	70.861423710232	78.59989545248536	78.59989531067089	78.59989532942396	78.59989531067089	78.59989527326098	72.58873882319392	72.58873884494156	72.58873875795103	54.61283193544992	0.0	0.0	246.86154541460377	166.78025124289144	110.61924454525348
10.061346822543413	10.204583947913221	12.351127495301313	17.16727517453006	26.461675806993583	30.374465792951497	30.181870464824186	30.374465792951497	20.060841885110875	60.62968456439094	60.62968458591223	60.6296845936879	60.62968461257407	70.86142359703857	70.86142366274737	78.59989534958899	78.5998953180671	78.59989530313169	77.03883111087742	72.58873885263964	72.58873885263964	72.58873871675019	76.46143961245701	255.0	0.0	0.0	0.0	30.302920170070422	254.88226390268284	0.0
1.0799140394576625	10.732282144737212	10.450177796454994	12.351127495301313	71.1327604788899	19.39190893028652	109.7799322656598	20.548416842969345	27.01249382867556	20.548416842969345	45.684891360443885	54.61283193544992	60.62968458591223	60.62968461257407	61.04660656008079	158.41655442424636	158.41655433534532	72.58873888843681	72.58873885263964	62.57512093850147	59.09451457868013	24.37410370157781	11.497269265126675	18.755652545393303	1.0810466101290217	0.0	0.0	105.28726854447979	252.53780133997734	0.0
