254.83314653947963	254.97985185185186	254.31240734111364	254.88575268817203	248.8430583494812	253.77403846153845	253.35038635933205	249.78070175438597	244.8	250.46666666666667	197.02987762657168	218.57142857142858	244.50671772544342	214.2	9.985373513533375	221.0	187.0	219.67873617414702	187.0	236.78571428571428	197.04545454545456	249.80943082650805	251.0127021472048	251.0127021472048	240.3276775584029	254.5013985203572	249.83630626645842	254.387427306569	250.90614269115332	253.5244256333248
254.99056929408385	254.90706997084547	253.63367637122496	252.73333333333332	249.3956043956044	253.35038947245067	197.04545454545456	248.82810234956384	248.25274798927975	190.70885616661138	188.76222903657293	238.68	219.68347726884986	249.2045451680656	237.613636373515	8.984747458139537	240.60109289617486	222.57894403965494	218.69639794168097	211.9975888119569	222.3197036035108	226.61863856361433	241.77221736632634	242.1962449866932	234.49457797961423	240.95436007410078	251.31184572606364	253.69897959183675	254.3874273066799	254.53182772484254
252.82804119462736	250.46666666666667	253.6893854861984	252.96	232.0556224250264	248.82810230893946	247.55681113398148	247.5568103999429	243.3850212718881	239.0625	248.79832693060067	235.61862930425343	160.18816018797298	228.5767571366066	154.28085878464123	6.728332622107018	220.21008607290526	214.1540352314625	221.3620905761769	227.98812575124708	219.25216590175106	230.3384912959381	193.83445947255638	239.7	231.6485659012822	240.45308398383037	250.42744968856996	249.79599993338775	254.00822310071837	254.7116194566775
255.0	236.86666666666667	227.54798063576987	201.5917379467497	187.35066902239953	250.75883575883574	244.375	243.38502134008894	242.1137345376163	244.8	216.82952182952184	244.14409749193032	170.0	237.5562178828366	244.14409749193032	230.9583694446481	124.46140735335652	6.164702028711076	171.94864310472065	216.04846125094832	214.92494207237675	212.6598852263969	228.81160605579782	223.77551020408163	239.7	222.86256520644395	248.206181541142	250.42744968892544	251.17659308621407	223.1392809139785
192.84544061796882	223.99255989898714	0.0	148.5377202213716	13.406404506934251	241.15384615384616	242.29731767745733	185.76923076923077	234.6000002879182	236.9946076729249	71.43593979379585	222.69230769230768	170.0	206.72009075868493	214.2	218.57142857142858	205.01828197231697	223.19599109131403	223.19599109131403	199.549345479899	221.36209056674525	221.36209056738858	190.38461537600068	242.30769229672816	229.5	220.30612244897958	247.35957018408942	250.42744968732353	252.2327402980452	252.45
230.05245483391187	116.34478942558093	196.86347371437657	252.7875775581774	239.46093814885697	101.84669532313958	178.23735127499998	234.6000000319909	228.74813207800474	227.65755914014062	146.2559956288265	212.5	215.43636363636364	204.0	221.0	153.0	123.57351657380363	205.01828185013608	205.01828185013608	182.54623552760577	168.93857369710733	194.3263464665393	238.20987654320987	244.66216216216216	242.25	242.25	228.9795918367347	247.57168866636323	253.89447746786567	227.51684529143043
252.66774463321696	254.59646968241506	230.68280597443123	54.99496992595215	178.23735113097945	178.23735116789447	230.27598008042685	228.7481318992214	226.55822870883736	228.59388555	134.02854290821654	92.5316196927528	102.80980324473592	102.80980324473597	4.319986796005736	226.1713156248707	231.58732919213878	189.231436615313	189.23143664142697	194.1411656564718	172.6090639989472	205.01828197231697	127.2917305022389	127.29173050863845	213.9261745035359	122.87011173012752	127.5	230.85798816568047	198.69181188827883	227.5168452929751
254.7845762279938	164.20748664824444	124.39751537697916	178.23735102	178.23735110500002	178.23735111252194	178.23735113455692	221.9128485767957	226.00402380902187	226.5582284905735	190.8199153710995	222.96759010274317	3.6093418259023338	102.80980324473592	185.77453699865268	123.31856622189565	161.8871652437	191.37009668393483	186.84838330954972	172.6090639296565	180.01822866726337	176.53846153846155	113.33014524051796	157.55865663070597	146.9491524971014	146.94915254237287	192.65109890251026	99.79912746192164	198.69181189264185	254.3625
135.95615225567417	10.901057869140914	1.3222674193397665	137.30769230769232	137.30769230769232	220.91163245497688	221.91284857679568	221.91284828879571	221.91284821593453	178.23735101999995	174.77970998240977	222.96759006513054	82.51951582213812	3.6093418259023338	148.00401898634306	3.6093418259023338	161.76913037894704	171.05035576922802	197.98026656101072	174.3619196689565	165.76858794231998	110.23054755043228	186.62790697674419	113.3301452253568	71.8629704159626	132.8125	244.8	205.2313883299799	84.169921875	191.5564903846154
179.0873024330508	171.56929061213623	3.037158412436611	215.76923076923077	224.1326585707857	94.99424144864417	221.9128483840122	221.91284832522638	221.91284828879577	221.91284846710897	174.77970997591177	82.51951546725451	82.5195155524539	82.51951531461205	148.0040190457259	147.32332317022139	147.32332317022139	170.23744640625122	169.86379810870807	169.86379812800038	74.68777080086076	95.79070937447597	95.79070941804287	93.35971349249996	87.40120579469942	65.38706654170576	26.682275392819946	59.765625	38.957421922728344	191.25
1.3563281556297397	203.26001545834504	251.83121248016025	94.99424144864417	94.99424143016324	94.99424141781807	94.99424142021834	221.91284742009466	221.91284828762042	221.9128479647601	105.18750001051873	82.5195144736312	82.5195155524539	82.51951546255881	82.51951555941878	173.11281352093076	173.11281352093076	3.282483908942396	189.5669694902092	169.8637980645069	169.86379808317304	71.26337846739597	67.98569749637551	67.98569750664893	121.36762569664103	87.40120576086105	19.99200000000002	0.0	30.5653211805556	250.06006880806825
234.23618524900567	220.30448984004346	215.76923076923077	101.60006540721878	164.1671677880119	94.99424141164548	205.14138351183507	205.14138345098115	94.99424140600541	94.99424149254489	105.18750001051873	74.22800069962437	80.37671222477218	80.37671227983597	2.9750736179530293	2.9750750485547997	2.9750745847657925	2.975075068171577	2.9750740110983713	159.65773554361516	79.24108693068172	79.24108697365295	79.24108698419406	79.24108697310808	79.24108699917932	0.0	20.807291666666657	0.0	0.0	249.79599993338775
131.7304563320911	50.33831008208182	108.33134455917761	155.65596279056598	200.08873887519061	200.08873912277357	164.16716718453165	164.16716729272787	164.16716728511167	164.1671673354017	164.16716740492876	153.0	170.0	168.0645634147656	81.87748357444059	81.87748354385366	141.39538880522952	2.975075048555368	2.975074426080738	2.9750743515224087	79.24108695093625	79.24108696088976	79.24108692393023	79.24108696088982	79.24108691042724	46.49066002490662	0.0	0.28031224270401367	252.96	234.4821336350597
238.05382463102666	194.24785373032108	175.75891319659746	175.75891319659746	200.08873886879675	200.08873884494153	200.08873884494153	200.08873885263966	164.16716722720582	164.16716728644678	173.4	93.72383937307688	161.8871652522563	113.9976889412155	113.99768928853621	168.064563424327	68.2865135498219	2.543147240400998	107.29334972474328	60.8955223880597	38.898305088042235	79.24108675274584	79.2410868915085	79.2410868937983	79.24108680340251	31.87499999999997	221.1382113821138	210.83960181384484	232.3953201762409	0.0
252.00742623319553	79.55480064883383	175.75891308957276	175.7589131062017	175.7589130008207	175.75891324725416	200.08873881302955	200.08873879723117	136.99037283501818	134.02854290821654	106.35864630660612	140.9605331234972	112.41756885001868	141.0023107114638	141.00231105878447	171.3612999030675	117.70080333255507	2.2750901034733033	60.89552240254508	49.35483863957111	49.35483866761362	54.91126120276883	54.911261147360364	79.24108699917929	79.24108675274582	13.709677405645152	0.0	103.84723542442183	234.4821336350597	0.0
252.00742623319553	79.55480067359403	175.7589130008207	175.75891307606975	175.75891310849147	175.75891302634705	175.7589130391102	82.43053529515143	144.71115653267736	99.22954952485458	99.17005858111835	110.87985633735192	135.0025144475253	1.6791332410779773	1.6791328667524397	171.36129985235652	1.679133011127675	1.6791329028534108	1.6791326884435591	173.12251645614631	54.91126118697045	54.911261160563754	54.91126115505847	54.91126113120325	54.911261124809386	10.200000000000017	0.0	221.1382113821138	29.93654701159801	101.17510272049907
79.55480077005168	79.55480067913831	79.55480071713092	175.75891303911018	175.75891301580594	175.75891306931825	175.75891304906378	70.26332923170116	92.89598063873783	92.89598065311085	92.82641237583564	86.18105086297959	1.6791330092145529	82.11418977496987	82.11418981538205	101.95586444604669	101.95586442366232	173.1225164255594	44.28304388469019	71.79773850708577	27.81818181818187	40.83287819765377	54.911260877226425	40.15788220961028	0.0	10.625000000000028	153.39993459278122	146.05141312120404	130.92061491440467	188.50162571081268
167.277400676434	79.55480050350016	79.55480058822485	190.1523754770232	175.7589130268919	113.58358117148879	66.45003757585465	70.26332923532681	92.89598062754933	92.93776635710825	90.58782028275792	92.89598065804847	92.89598063228601	92.89598064992632	82.43053530540482	90.06676993788415	90.06676995764016	88.18468611315933	44.28304397209192	71.79773841670533	40.8328782843474	33.08715153289103	33.08715171237955	33.08715203523988	33.087152579905364	0.0	117.17854127917988	17.410728059354398	249.60195464393942	116.60688921279043
167.27740033956917	167.27740032441693	79.55480064592066	113.58358112940113	113.58358108567359	113.58358110739746	113.58358106339014	84.52036624071226	81.97104185292736	86.34742617798284	90.58782028275792	97.43948926410053	92.89598065804847	92.89598064087349	79.86533351632252	79.86533351925408	79.86533352634612	88.18468614112663	79.86533354639326	80.22029002408823	33.08715178406544	33.08715171120423	33.08715167477365	33.08715161598781	33.08715142320429	0.0	117.17854122918652	240.460027519481	254.8992343505564	126.79730458680291
167.27740037830705	167.27740033679703	167.27740029528698	94.99424144864417	113.58358104276599	113.58358098542956	113.58358093136809	66.45003757092829	81.77585135743922	84.52036624071226	84.52036626869975	84.52036622206342	84.5203662544217	84.5203662544217	84.52036628678013	90.58782028275792	79.86533350184138	79.86533352796044	79.86533352796044	80.2202900175902	33.0871517840655	33.087151711204285	33.08715167477362	33.08715161598781	33.08715142320429	117.17854124411568	117.1785412470974	117.36216569999564	73.41818936186829	254.9637145933205
197.22859927382098	167.27740033956917	167.27740032296032	108.19904657929894	94.99424144864417	94.99424149254489	117.37219459484135	78.34336242791036	113.36809485820828	79.84605969769689	84.52036612526146	84.52036631886537	84.52036624059363	84.52036631886537	84.52036626869975	84.52036625469486	86.34742617798284	84.52036632491198	79.86533354639326	20.25347247084443	33.08715142320429	33.08715171237958	6.949536940442499	5.369022326518319	0.0	24.60067658170078	204.0	0.0	109.18103644815321	186.63159912041908
193.73903825885293	108.28624857065597	167.27740033679703	108.19904649371674	108.1990464770154	94.99424142021834	94.99424140600541	69.58877082019421	75.95630554683612	48.03677255121673	48.036772618772375	48.036772427757796	84.52036622654057	84.52036625464669	84.52036626858114	84.5203662827528	84.52036625464669	84.52036632491198	84.52036628678013	29.88619460242009	29.886194470109388	19.59557161772466	29.886194421340008	5.152046220065358	0.0	200.40818430463455	204.0	0.0	41.7521311240709	41.412324077903634
18.523745751178723	178.23735127499998	50.87168594702149	167.27740029411245	108.1990464686647	108.19904645020998	94.99424143016324	94.99424141781807	94.99424141164548	93.72383933999998	48.03677242071916	48.036772453343445	163.7124595328062	77.7924947697822	84.52036622206339	84.52036626858114	84.52036625442176	84.5203662867801	29.886194414295517	29.886194377946396	29.88619437794631	29.886194421340036	0.0	0.0	0.0	8.795850446416352	200.40818430463455	52.60075378059136	232.65410537685133	199.60296455993787
99.23863736442803	178.23735116789447	178.23735110500002	178.23735102	50.871685844167786	108.1990463856655	108.19904644361264	99.78484229640853	99.78484232466394	1.2473141348984313	1.247314224788795	1.2473141884770769	48.036772353871896	163.7124593849622	108.23567265730128	108.23567264112774	77.79249477655284	29.886194291159114	29.886194414295517	29.886194356249604	29.886194337798827	12.796426217499942	0.0	0.0	8.795850444672453	8.795850401991913	61.04660656008079	252.25371962395403	234.48533331934243	33.14202113165189
242.15434925768136	197.22859927382098	178.23735111252194	178.23735113097945	178.23735101999995	55.46404909904285	49.98171802768303	49.98171814986392	108.19904619203206	37.08062066367361	37.08062059803575	37.08062059803575	1.2473140718184936	1.2473142953013792	69.36587224941448	73.04643384107814	29.886194002915175	29.88619442133998	29.886194320233216	12.796426359746818	12.796426501797242	0.0	0.0	8.7958504224342	0.0	0.0	1.6891279839787785	234.9065030336778	196.2024239538325	254.95718325792302
254.51546451805814	99.23863736442803	14.584096951006273	178.23735113455692	49.770790228459305	57.85035053929602	54.039634466706104	54.482421276966534	140.9605331234972	173.56360598391893	173.5636061693511	37.08062059803572	37.08062054897621	37.0806207688222	1.2473142286014252	12.796426229754758	12.796426359648564	12.796426307258912	12.796426359746818	12.796426359746818	0.0	2.803445656898049	2.8034457080117647	0.0	0.0	255.0	0.0	10.196638063442464	31.08257101318179	247.14180763854895
134.9425204055265	23.76239362892389	137.71217589393584	66.40792581546009	83.83151515604055	67.11643115242657	67.11643115242654	67.11643116155452	67.11643125414233	173.56360596946936	173.56360598391893	173.5636060484079	173.56360601356414	173.56360602656054	173.56360602838672	10.350899971194224	10.350899877143604	10.350899874532274	2.803445706344263	2.803445666257602	2.8034456313411624	2.803445655520477	2.8034456340462555	2.8034456340462555	71.99616450855797	0.0	160.6465707791558	234.4736838672404	242.96131344573013	77.53825717590195
15.593897723748455	3.019519245855605	27.01249382867556	50.33831008208182	155.65596279056598	177.3578749072712	67.11643114460705	67.1164311503099	67.11643116645087	67.11643114266556	67.11643119023614	67.11643116305038	43.7884435635215	10.350899905801128	10.350899830118323	10.350899864955437	3.1090288996406628	3.10902897261559	3.109028953862662	3.1090289444861128	3.1090289027995084	0.0	0.0	0.0	14.214236831995947	0.0	0.0	210.92785992402747	132.57810425989015	23.81396105688802
10.143845642652508	10.248222871639825	12.385997625299098	19.48010005803127	25.534883720813156	34.24016530082338	30.23570844401567	34.24016530082338	0.0	67.11643117721152	67.11643116645087	67.11643116155452	67.1164311798104	10.350899683197241	10.350899843263335	3.1090289156705637	3.1090289667804996	3.109028945453531	12.460394833277462	0.0	0.0	0.0	30.704048922865496	51.55725119257383	0.0	0.0	0.0	214.93235762277533	191.0715101830504	0.0
1.0775328135254654	10.071687961804031	10.473249649517697	12.391101179747551	1.1356632017387938	20.815280513424966	7.085184192810004	30.374465792951497	27.01249382867556	255.0	30.374465792951497	14.214236831995947	67.11643116645087	67.1164311798104	61.04660656008079	88.93681253865347	88.93681250427409	0.0	0.0	8.070790038870626	7.509893811254784	1.3327417426435204	16.09658229681574	0.29812583379606394	57.682052275129564	0.0	0.0	88.22108345892389	99.83500260221155	255.0
