254.8987781665009	254.99429940888888	252.80829990113804	254.95000201012866	240.1643906318073	254.36805718149037	254.45669680236588	253.22916666666666	252.45	250.46666666666667	236.89124030616998	104.73214285714286	254.68020745177697	91.79999999999998	204.40601017700618	204.0	34.0	202.92415749602776	34.0	248.5794642857143	23.181818181818187	197.11517340240076	250.47510788894544	250.47510788894544	242.32169926784533	254.3972361363375	250.85300438252702	254.1208041727494	243.3798853426285	254.3152761358102
254.9967770731254	254.99592963423038	254.269575079238	253.79432622666667	243.95019872252746	254.45669455649076	23.181818181818187	243.85247773969988	250.98434951812914	232.3846295270832	180.42670017611778	254.501953125	255.0	208.63636351782026	34.77272725297004	192.911853287498	138.99590163934425	194.70465426084104	203.75214408233276	225.304213370247	226.1222145445131	227.36616293182928	246.48730497924612	240.18369847321628	234.2810047297758	240.9439193139187	250.40557913225516	254.83834008290816	254.1208041729452	252.9159727260999
254.1979613148909	244.8	254.24224416532925	254.745	228.2809592022531	243.85247784704288	251.94264892281637	251.94264868104304	234.9331904738734	248.359375	253.79510729532916	254.40812383447778	211.49407247273678	252.4414539647927	205.63321108792434	168.91921259344724	203.41498210845467	208.0689266693978	216.98049043422503	224.39805961740362	228.16967449443734	237.61363636363637	86.14864867169925	247.35	231.59138618081073	239.3158085027244	249.1815858316757	244.6538451930923	253.4821936069551	254.90403763544063
251.09549485182453	63.46666666666667	228.73161711203332	248.05371955142772	201.4504418262929	253.56103356103355	248.670212828125	234.93319047900653	233.3440042471948	252.45	89.21591921591923	252.03182987243886	63.75	212.73237410071943	252.03182987243886	237.46583887709136	13.474903532632169	158.93955231289178	101.33673010821968	215.2516007420456	215.81289191289727	175.90858377649658	236.98220305980615	203.6357142857143	247.35	200.72094743678525	246.08233264996994	249.1815858321183	244.65376530612244	192.2570689016897
78.70860553810309	241.51420011956478	240.95140957208065	123.11761078204805	185.9624378512467	249.23076923076923	247.42869086593726	64.61538461538461	221.21373307659542	246.07553958086913	31.23682326717764	214.6153846153846	63.75000000000003	250.26518098541447	251.015625	104.73214285714286	227.0993289100996	221.11358574610244	221.11358574610244	183.0417521619347	216.98049042328614	216.98049042419905	109.61538462196313	251.62721891553724	238.000000017	206.08163265306123	243.60754611224112	249.18158583007994	253.67151488711548	253.8666666678
202.74129742351641	132.8568042562809	64.50026759464743	239.95681650088596	242.8022337454119	188.41725826990466	255.0	221.2137330942564	212.3955987820469	241.3589245321347	82.95369049284909	233.75	180.8181818181818	229.5	221.0	51.00000000000003	175.1672734446862	227.0993289289333	227.0993289289333	188.3838845633831	141.11579691787372	102.53065245706242	249.0814814814815	253.27702702702703	251.076923073	251.076923073	199.96683673469386	138.93263541192533	254.86263191586647	186.3529804031603
241.84082239338508	179.47341154311135	37.18612620470836	19.845186134859404	255.0	255.0	214.3457265211335	212.39559829737297	240.79903132394736	238.21922265	43.382286616298956	143.63049598351506	154.56679323438038	154.56679323438038	126.27696878305684	240.25680876122678	240.77895572862656	200.95141053016155	200.95141055564758	200.6653479573484	99.66494514731971	227.0993289100996	120.97682689483347	120.97682689451395	15.402684561174055	89.03631281230395	15.300000000000011	104.11242603550295	149.8102172356171	186.35298040516165
72.87092811922244	219.1009891122474	5.1576548257920365	255.0	255.0	255.0	255.0	202.35245134959592	240.51648623353884	240.79903135523762	220.1770338946926	234.05582022811228	113.69426751592357	154.56679323438038	234.4260299209701	17.60791927376394	140.96053311301793	185.69786484271128	214.5372194735779	99.66494514237004	194.39440600239084	58.84615384615387	71.85168658767486	10.135595233728935	99.40677960827347	99.40677966101694	219.72104818814813	59.4915984689529	149.81021722557273	254.939644968
122.23627651515835	67.76528011658709	142.36427542404138	39.230769230769226	39.2307692307692	237.91760337301366	202.35245192794645	202.35245145216732	202.35245138572841	255.0	137.14661445885844	234.0558201546469	132.47312615118977	113.69426751592357	107.88998263865165	113.6942675159236	154.05414084588784	170.3690550623144	223.3711426855249	189.1592831213825	140.55397405814585	32.70172910662822	207.2093023255814	71.85168661101781	41.38896867181765	99.16666663125002	252.45	232.42454728370222	164.37391493055554	155.106837625
240.16364249627998	254.84342490600224	1.168598255851208	235.3846153846154	201.3028385590565	26.08351197377587	202.35245134959592	202.35245148538678	202.35245145216732	202.35245138572844	137.1466144637336	132.47312646615313	132.47312655162352	132.47312651000505	107.88998266936954	151.6352806846738	151.6352806846738	170.46847149080605	163.77784835228707	163.77784837236118	7.768327290933371	90.44524568170388	90.4452456824622	66.42023065125	124.97237908932641	45.01164814566877	75.62434963579605	127.05729166666666	104.55590614615153	29.681999999999988
77.75749970367056	24.56729133966968	230.94980523015693	26.08351197377587	26.083511995047928	26.083512024797272	26.08351204227617	202.3524507712454	202.35245134959592	202.35245138572841	64.73076930197303	132.4731252361943	132.47312655162352	132.47312668510116	132.47312704583996	169.1897917365768	169.1897917365768	107.42295604994004	216.15129058901195	163.7778483155597	163.77784835008597	102.59282458161667	100.51605943687801	100.51605941353361	189.51587445368278	124.97237922291089	39.16799999999998	21.691871455576575	58.58506944444446	244.30054971644384
238.64859563673588	5.634070902627883	235.3846153846154	48.778393731925036	201.8661993465279	26.083512039671888	227.8426153527678	227.84261509973476	26.083512076526347	26.083512183713026	64.73076930197303	120.05806423627331	5.170555744888446	5.170555774639325	101.20676585649318	101.20676610998291	101.20676585649292	101.2067673067117	101.20676715642071	159.38012050885712	46.73957099520976	46.73957097866523	46.73957099520976	46.73957102434568	46.73957091157726	29.98181818181817	40.72916666666666	43.24432432432434	43.20384504608296	244.6538451930923
185.67379636595948	28.743041690255836	27.73548727941244	204.3177098185135	217.97718937728118	217.97718949038045	201.86619904478775	201.8661990415468	201.86619904478775	201.86619904478775	201.86619906885218	223.125	63.75	165.11086945583185	23.947628767912732	23.947628768756687	141.43550693905598	101.20676359069421	101.20676573013043	101.20676614428115	46.739570975592926	46.73957101220927	46.73957096607381	46.739571012209296	46.73957090780189	31.5018679950187	29.729567307692292	254.89139732295754	254.745	255.0
186.9693575658411	222.0369719422112	208.2604291992228	208.2604291992228	217.9771892300055	217.97718926482136	217.97718926482136	217.97718923034256	201.8661990415468	201.86619900696724	132.59999999999997	26.921066422896786	161.8871652522563	118.30658498660299	118.30658511185706	165.11086945459323	111.26346326553156	89.14175355545044	34.30988404088009	57.089552238805965	21.610169471746644	46.739570911577175	46.739570978665256	46.73957095150584	46.73957080077719	74.375	243.2520325203252	184.57065743962056	195.8709408072024	255.0
231.11140764449462	18.110407652639083	208.26042909219814	208.26042904849416	208.2604290884228	208.26042908842282	217.97718923034256	217.97718915204177	217.21847516821984	43.382286616298956	106.00201363314036	174.36191973458108	116.58992589481903	136.69341488814297	136.693415013397	220.28758062794057	118.02787456192812	80.99047112222672	57.08955223454555	75.6168830877177	75.61688313068177	37.022810847958226	37.02281076965744	46.739570911577204	46.739570911577204	41.12903225806451	11.086956521739097	67.4175315920717	255.0	255.0
231.11140764449462	18.11040765795508	208.26042908842277	208.2604290339262	208.26042902133472	208.26042902133477	208.26042898779073	76.24724757857555	104.34263795847093	103.19287615220728	100.17344158783652	109.62672569949669	194.57237191371962	65.78913087969667	65.78913076439545	220.2875805182487	65.78913081077695	65.7891308649142	65.78913073216867	231.05237123124334	37.02281076965744	37.0228107696575	37.02281073517864	37.02281076999449	37.02281062271882	20.400000000000006	11.086956521739097	243.2520325203252	12.773044689726078	20.82583967620323
18.110407485961844	18.11040761096976	18.110407716739473	208.2604289877907	208.26042900479027	208.26042900479024	208.26042902440707	56.494864361235244	129.59964393010927	129.59964392683773	93.4697052425808	85.33022114357715	65.78913053685073	67.96991453128578	67.96991457916673	117.21234197762942	117.21234194951063	231.0523712320873	41.35877427142202	100.1473287506463	18.54545454545456	63.737312846739485	37.022810509619546	63.6247972043744	17.0	21.24999999999997	206.22160626807494	244.89698544418832	234.855839703026	73.07811976547299
203.68556895391401	18.110407472613787	18.110407735977645	158.3286704262568	208.2604289756543	76.55234734205035	54.71694252354209	56.494864413373506	129.59964392145406	97.88308007054414	92.96913151177463	129.59964388111763	129.59964394224033	129.59964390356402	76.24724763897365	104.67338270619928	104.67338269742433	59.243364149342	41.358774265378685	100.1473287698712	63.737312646554244	52.64754861427156	52.647548650404076	52.64754861427156	52.6475492287546	15.937499999999972	26.08351197377587	9.669458639348761	38.81184740300975	98.57694873568684
203.6855687211468	203.68556874069378	18.110407677549915	76.55234724888328	76.55234734205035	76.55234733285175	76.55234750078873	79.45674386067677	86.12733883270559	89.60214338651483	92.96913151177463	86.73433490062484	129.59964388111763	129.59964392186606	60.93626194036585	60.93626192688484	60.936261922283734	59.24336412805127	60.9362619736867	117.85338553626639	52.64754861427156	52.647548547832656	52.64754851461325	52.647548650404104	52.647548650404104	15.9375	26.083511995047928	227.54100245929075	234.46499803547047	237.2394010006285
203.68556872776935	203.68556874050307	203.6855687532368	26.08351197377587	76.55234727768894	76.55234730340709	76.55234741180936	54.716942479203084	81.87390552588192	79.45674386067677	79.45674382518604	79.45674385749942	79.4567438424179	79.4567438424179	79.4567438273364	92.96913151177463	60.93626190759011	60.93626193653225	60.93626193653225	117.8533855411415	52.647548614271585	52.647548547832656	52.64754851461325	52.64754845762059	52.64754807205355	26.08351204227617	26.083512024797272	243.92740288072457	173.42554100632822	91.58855230493143
124.55217517777325	203.6855687211468	203.68556870256197	245.54825692008134	26.08351197377587	26.083512183713026	119.42962061856451	77.89411322648718	77.71555760529901	78.44901387173473	79.45674385749939	79.45674385749942	79.45674381726539	79.45674385749942	79.45674382518604	79.45674379717335	89.60214338651483	79.4567439040882	60.93626188611941	11.044252417630588	52.647548650404076	52.647548650404104	21.46821041432335	10.856087511507184	11.360986745337755	41.503619273340746	229.5	255.0	254.14504481854019	206.54611977517936
16.65437612199284	166.88213328978782	203.68556874050307	245.54825693012035	245.5482568528568	26.08351204227617	26.083512076526347	69.49515062412638	76.64906583010969	84.34397273997465	84.34397277693677	84.3439725734944	79.45674380279496	79.45674383173585	79.45674380279496	79.45674386067677	79.45674383173588	79.4567439040882	79.4567438273364	27.803256663164177	27.80325652962918	12.955698699692988	27.803256409364224	10.412592267435485	9.710409108651731	233.90131530979772	229.5	255.0	254.79436631834199	135.17638416095025
64.58380336909639	255.0	21.68901254637214	203.68556877978776	245.54825681422506	245.5482568328081	26.083511995047928	26.083512024797272	26.083512039671888	164.843885295	84.34397255197683	84.34397253868136	197.49835114841756	68.93286517470787	79.45674385749936	79.45674380279499	79.4567438424179	79.45674382733637	27.803256474223417	27.803256452757807	27.80325645275778	27.8032564744546	6.852397363279579	6.85239731499999	6.852397307907012	22.71499815704317	233.90131530979772	217.5004789565392	2.9989223016407607	154.99430513898042
52.98159042815382	255.0	255.0	255.0	21.689012430243906	245.5482567891714	245.54825681641344	38.0115756457937	38.01157566294276	50.4835170846377	50.48351716626007	50.483517187981704	84.34397254931989	197.49835098913033	149.7203156958322	149.72031574938381	68.93286518179082	27.80325640936414	27.803256474223446	27.803256409364224	27.803256396094355	8.389494442986546	6.852397357499996	6.852397326364525	22.71499820309748	22.714998188637082	193.81768016709603	197.33609836203516	16.65203706352088	120.22790604220017
43.74965762202399	124.55217517777325	255.0	255.0	255.0	56.08683883305321	27.900671089900413	27.90067107106671	245.5482563863636	66.19939909346184	66.19939924716721	66.19939924716721	50.48351705990325	50.483517253146516	69.67280743677733	70.90176215352236	27.803256063659234	27.80325640936414	27.80325637975301	8.389494300186811	8.389494433138964	6.852397230000008	6.852397144765291	22.71499818472529	2.9606323477676995	2.9606322900547184	0.0	113.31592035332929	0.7900575443456717	196.28407300894878
0.11204052022409883	52.98159042815382	2.2649750499325023	255.0	49.821191132652245	52.08384176433094	53.28672740956091	56.162167980303224	174.36191973458108	220.20683152766549	220.20683141517557	66.19939918952417	66.19939921767022	66.1993992830239	50.48351699093453	8.389494170194752	8.389494288403881	8.38949433664888	8.389494343517498	8.389494300186811	6.852397230000008	5.731529087571062	5.731529088707447	2.9606323477676995	2.9606322900547184	165.75165402282317	255.0	158.9005059349917	251.69833878615876	121.18130950927929
12.296004836503329	86.0806698628727	87.15482187727943	98.38877673285481	129.19444777909052	65.07493876501565	65.07493876501562	65.07493876185413	65.07493882986299	220.2068313180448	220.20683124918364	220.20683141517557	220.20683135467667	220.20683137120594	220.20683140742312	5.537929874176285	5.537929875218765	5.537929859044624	5.731529236971994	5.731529071198651	5.731529087002912	5.731529071692165	5.731529072679223	5.7315290068081595	23.03024490733773	255.0	162.1542494150239	12.704527671893743	8.557084290381795	3.9269015649061316
24.348548094444226	16.147297256557863	50.852469013865004	28.743041690255836	204.3177098185135	214.90446407531704	65.07493871913752	65.07493875182627	65.07493876796724	65.07493874392347	65.07493879201095	65.07493880804012	4.328050675407553	5.537929890313478	5.537929803740695	5.537929849074374	9.895451840210228	9.895451804040505	9.895451822793603	9.895451832170068	9.895451720722718	4.901782133592917	4.901782102606603	4.901782044140504	3.5893330247928077	255.0	255.0	156.3599144458725	58.11311044124656	6.602773631655566
10.14636185662033	10.859618546384837	12.302252891687544	19.26984262266842	25.33912248983188	35.642129522906544	30.169922354277475	35.642129522906544	143.7916034413019	65.074938714164	65.07493876796724	65.07493876185413	65.07493875553106	5.537929874176285	5.537929765237976	9.895451801857291	9.895451847750678	9.895451805408044	21.475309511262168	4.901782136935964	4.90178211052924	4.901781980018313	13.10051519620339	82.91372115739233	255.0	255.0	255.0	90.01659400357198	14.706472144628748	0.0
0.9823065651815739	10.119884929357369	10.021355061106476	12.387243588457494	0.0010578365007347657	19.96821715426725	0.06771263029216357	32.57536585338528	50.852469013865004	40.76568839783258	32.57536585338528	3.5893330247928077	65.07493876796724	65.07493875553106	193.81768016709603	147.4363286919555	147.43632854606057	4.90178204063406	4.901782097325878	3.3198623087344004	3.085240186044956	0.6871174351084335	7.84346230723753	0.14948726407754975	69.25617754596345	255.0	255.0	110.0121897198332	110.27099071324429	255.0
