254.9279383592775	254.30283224148147	254.99110941246602	251.6943091157834	242.9577464957704	241.2683823016827	238.86787603393333	249.78070175438597	232.05	255.0	226.6485214560433	242.85714285714286	225.54729029612332	226.66666666666666	242.6396584124608	238.0	216.75	246.86196057815394	216.75	245.7107142857143	237.61363636363637	250.60158387368617	227.25238413090747	227.25238413090747	248.5443352963231	245.84688004489462	253.53783192748304	254.97078301481446	254.62286777260692	254.80047715940043
254.89614951617895	254.98767273870263	250.04437586778803	241.66666664666667	232.14285712912087	238.867878378551	237.61363636363637	213.2392671425152	221.43774682680063	221.33011227227757	169.58332296754688	209.61547842	235.85876299007356	249.2045451680656	234.71590895754778	235.47440651266362	247.6844262295082	242.54882145822913	247.71012006861065	241.21548069125998	239.3579964132856	227.84600735543893	225.03371560986872	226.81605869049858	235.0177789819355	241.35864893772754	242.25836104274956	254.66160459183672	254.970783014821	254.99134217039213
249.90959223962713	253.86666666666667	248.37988826719015	248.115	229.62439512960856	213.2392672450964	216.0408215033963	216.04082118548337	191.9648850867983	239.0625	144.33516738918013	201.34954891522494	196.24789607824306	201.39267706534588	190.1442454809649	221.93421946863492	240.74355448777848	239.95698484227776	243.17880794893262	201.3414166968013	219.87661797920228	238.23017408123792	219.67905406889724	204.0	231.45897005872257	239.29930489910353	254.39977913142036	254.78351013339108	254.95845256376518	254.94147393905436
255.0	249.2625	227.54798063576987	72.71453533794215	83.76296886542531	250.75883575883574	203.12499990625	191.96488510292286	192.68659575057293	214.2	200.3950103950104	235.52275904924653	212.5	232.63967112024665	235.52275904924653	196.6904810723863	178.6398184185656	213.13624127566942	206.41807057114985	214.86122868903047	215.17151127719646	237.65653095672553	239.78445029319005	246.7428571450255	204.0	245.38205525924087	254.00895955447297	254.3997791314802	254.73262585035857	253.763425859255
236.18440411172838	42.215979153678575	167.35224942532017	163.05931148310287	201.36941261973982	241.15384615384616	193.5505369167834	166.15384615384613	164.6590910646617	197.51460874526268	229.62995581432835	218.07692307692307	212.5	160.70789364769362	174.31640625	232.23214285714286	138.16998792674127	170.94654788418708	170.94654788418705	199.67155503263453	243.17880794914515	243.17880794701986	181.73076922254612	244.23076923510268	204.0	245.17006802721087	254.1821910308313	254.39977913135925	254.04478345486967	244.8
185.73914885244733	89.64371449152549	123.21325252635151	103.25316198077093	79.34123194240931	254.2871626949193	133.33408022999998	164.6590909785899	149.27982072160725	171.46144194395617	138.9473424139424	212.5	207.70909090909092	178.5	255.0	170.0	158.4162406223856	138.16998786581644	138.16998786581644	211.887286484937	210.86529945359015	235.95067228677132	243.58271604938273	235.47297297871623	232.333333356	232.333333356	252.05102040816325	240.49157942649066	254.48880638114107	252.06443666197725
81.3007728683805	153.12438497025641	188.28017056439114	67.72157336469962	133.33408004696048	133.33408012079056	150.04734582700826	149.2798203439898	168.55932234816146	164.1335390625	183.35567747190316	125.85004834614065	136.96237487055572	136.96237487055575	184.34120321397222	204.06977164234513	215.7838986623527	208.52277458793463	208.5227745955163	186.4591278187674	193.9894295267911	138.16998792674127	241.16799550315815	241.1679955025211	242.16442953235497	211.01606144956682	233.325	217.27810650887574	243.4948675101456	252.06443666206283
135.2996554006554	186.4353743248747	93.23150571889036	133.334079975	133.33408006000002	133.33408006541805	133.33408006795173	133.2802555198897	167.1060460444598	168.55932197675955	190.8199153710995	169.99267206505044	173.24840764331213	136.96237487055572	151.77615932590805	156.23892466642175	189.15928311094783	154.67699554636644	206.3300107044734	193.98942953254456	200.04466166431968	156.92307692307693	190.32765497936504	224.40695067628167	216.10169490206837	216.10169491525423	237.46031746091546	247.7589480914427	243.49486750904703	252.9851851872
241.61135913555347	105.83099410927352	0.6819310568025685	117.69230769230771	117.69230769230768	153.84264916860275	133.2802555198897	133.28025513317502	133.28025508941477	133.33408022999998	146.46930183995164	169.99267200084984	114.69743968843076	173.2484076433121	197.0106895348212	173.24840764331216	203.61708469290178	171.5419329574662	178.97368871000114	140.96053312202145	209.11349403189473	200.98703170028818	232.67441860465115	190.32765500598381	231.2654409635353	220.46875	221.0000000085	227.4647887306841	253.81944444444446	248.02734375
1.8013754013634582	191.83140463523398	246.62244209725802	215.76923076923077	116.20494229384246	145.77907817165195	133.2802551343227	133.28025515505516	133.280255133175	133.28025534058924	146.4693017783119	114.69743914321299	114.69743848021233	114.69743864271882	197.01068954444054	183.74763676587696	183.74763676587696	166.28005814234547	208.86405935835177	208.86405935791367	180.65536333524278	221.6870702666443	221.68707026850316	187.32600817125	205.17048049056467	238.56641738232312	241.99791883454733	247.91666666666666	252.06404618844618	253.157625
97.16052926705822	14.07789367999311	236.78965824745816	145.77907817165195	145.77907808376273	145.77907803167864	145.77907805172396	133.28025436318865	133.28025494153917	133.2802548382403	187.00000011219998	114.69743739413732	114.69743889689866	114.69743891084553	114.69743884185445	134.80807838493752	134.80807838493752	167.4489657516849	201.0425407668825	208.86405934293956	208.86405931736996	178.52131658961522	182.1714821193225	182.1714821083172	158.04419167756618	205.17048051354496	237.762	234.63374291115312	249.93421766493054	254.72800739303258
11.513929838901703	68.82977630192121	215.76923076923077	173.30637372312563	164.1671677880119	145.77907805534517	134.62622147834418	134.62622168614615	145.7790779917599	145.7790781263448	187.00000011219998	103.55679009266629	145.691965487767	145.69196542730543	161.51412494015858	161.51412449605175	161.5141249401584	161.5141263903771	161.5141257907434	159.81444909558724	156.93426914521257	156.93426915334737	156.93426914521257	156.9342691589321	156.93426928604595	227.8	236.29557291666666	245.2227027027027	244.99315956221199	254.78351013339108
6.396183250485137	138.4777707241397	90.53745299102215	110.95474892207613	114.62521718265575	114.62521727184159	164.16716718453165	164.16716729272787	164.16716728511167	164.1671673354017	164.16716740492876	111.5625	191.25	110.67438425274236	112.04792769744446	112.04792776682729	141.70357560923696	161.51412197676245	161.51412426515185	161.5141246743255	156.93426918637118	156.93426908699814	156.934269131493	156.93426921021484	156.93426910405395	217.21046077210462	225.88341346153845	184.37611570566725	238.68	250.79799677346526
0.10322234962777088	194.24785373032108	98.06573089594607	98.06573089594607	114.6252172308437	114.62521721717775	114.62521721717775	114.62521722626565	164.16716722720582	164.16716728644678	163.2	107.77568139329088	255.0	153.0877714812284	153.08777145940053	110.67438432261193	95.68581054787634	146.87594277110466	148.8355049372947	182.6865671641791	177.20338982391553	156.934268793179	156.9342691533474	156.93426912463326	156.93426910405393	212.5	203.17073170731706	222.27820784804993	240.13081480405387	0.0
236.95534697979915	64.64853780580447	98.06573089594605	98.06573087536671	98.06573096038755	98.065731206821	114.62521722626565	114.62521718984578	93.38755667849912	157.13203535753348	105.59709375061303	115.33074784287777	122.59281319410692	101.91222854059944	101.91222851877157	178.8144312788532	118.47816972819072	135.6802242075754	182.68656715054578	153.579545222398	153.57954545454544	140.37478281015422	140.37478277373435	156.93426903961245	156.93426928604595	197.4193548387097	182.93478260869563	252.67336659507717	250.79799677346526	0.0
236.95534697979915	64.64853775452465	98.06573071395408	98.06573086850696	98.06573084665257	98.06573084665263	98.06573091300183	126.13990837835331	134.0559400507985	99.41355491982833	99.5322924004362	100.92473774807468	102.46634199467582	118.38822496338923	118.38822462414711	178.8144312467632	118.38822471495214	118.38822476908936	118.38822470334543	142.95207223317266	140.37478277373435	140.37478277373435	140.37478278282225	140.3747827691563	140.37478281734425	188.7	182.93478260869563	203.1707317073171	29.93654701159801	7.9043926741263135
64.64853741862933	64.64853778186273	64.64853780176057	98.06573078978516	98.06573085478743	98.06573085478746	98.06573081362882	121.90759872747404	116.59800556480741	116.59800555776303	91.52886501801808	98.90897908646699	118.38822458131887	134.03014301470546	134.03014304912483	118.7881491614703	118.78814917771348	142.95207230255554	155.10161273220285	133.77061512504343	176.1818181818182	137.84224965061156	140.37478272815844	140.87883102231604	187.0	185.9375	81.69362627687437	251.3381128457449	45.5431262216012	9.443234344853181
167.277400676434	64.64853783384575	64.64853785368791	76.13971626652398	98.0657308410679	103.2802619365448	120.73380009923645	121.90759869831061	116.59800553765461	71.55517627828326	92.39109415394947	116.5980055809782	116.5980055589826	116.5980055919602	126.13990842402518	111.23751267912058	111.23751271084888	172.31400308233322	155.10161259966415	133.77061507803217	137.8422494020131	121.71974465941076	121.7197450584608	121.71974516175968	121.71974563681135	175.3125	94.99424144864417	59.28675747115935	14.438138297808592	116.60688921279043
167.27740033956917	167.27740032441693	64.64853777026994	103.28026186356792	103.28026189363717	103.2802618929594	103.28026195174243	127.16088201184344	86.07813446685088	88.20431658293188	92.39109415394947	255.0	116.5980055809782	116.59800556631444	130.44996545442092	130.44996544663917	130.44996544695482	172.3140030640871	130.44996560715722	108.53069822168811	121.71974491058523	121.71974486682501	121.7197448449449	121.71974486567731	121.7197450584608	175.3125	94.99424143016324	82.41871745971991	28.698462870956774	153.21763052366597
167.27740037830705	167.27740033679703	167.27740029528698	117.17854150809637	103.28026187218342	103.28026175568664	103.2802618316963	120.7338001278566	81.50516300666197	127.16088201184344	127.1608820433459	127.16088208175306	127.16088205761692	127.16088205761692	127.16088203348085	92.39109415394947	130.44996544693248	130.44996546550755	130.4499654464925	108.5306981600483	121.71974491058523	121.71974486682498	121.7197448449449	121.71974486567728	121.71974448011031	94.99424142021834	94.99424141781807	252.40007376942918	223.29288843156965	250.30918200463307
160.36885391609667	167.27740033956917	167.27740032296032	67.94115627676061	117.17854127917988	117.17854138233633	97.82715438320758	81.93171797770304	81.05796101894074	78.40985474965049	127.16088198495112	127.16088198495112	127.16088204329002	127.16088198495112	127.1608820433459	127.16088208201052	88.20431658293188	127.16088208549827	130.44996543202257	114.15208345679147	121.71974448011028	121.71974476928557	133.8263043362213	122.29379250748696	155.47681147249148	115.28445921443074	153.0	0.0	140.68785549534033	8.235121184555538
131.24308211199946	108.28624857065597	167.27740033679703	67.94115633996458	67.94115632947734	117.17854124411568	117.17854122658358	69.37971567059924	76.83961777970526	70.53548546062379	70.53548511954259	70.53548526997008	127.16088202574514	127.1608820328078	127.16088205377218	127.16088205388401	127.16088207484836	127.16088208549827	127.16088203348082	124.38928548413125	124.38928555724101	147.95000479632105	124.38928566347872	124.9750023690203	132.88840838813314	177.0141734174158	153.0	0.0	172.8052944252629	61.85100739304778
0.0	101.47470229499999	107.77437421783455	167.27740029411245	67.9411563242337	67.94115634324541	117.17854122918652	117.1785412470974	117.17854125605282	63.75	70.53548502273966	70.53548501162078	127.51839512105994	127.34865570475834	127.16088208175303	127.16088205377218	127.16088205761692	127.16088203348082	124.3892855328711	124.38928553329785	124.38928553329782	124.38928559838828	119.4728761127266	119.472876165	119.47287616809913	118.02504267863137	177.0141734174158	15.418599997645742	102.0160461619613	252.42737003757645
61.85100739304778	101.47470222504387	101.47470221	101.4747021675	107.77437426134219	67.94115624053893	67.94115619041906	104.01957275006873	104.01957275262052	94.36517846964918	94.3651784574015	94.36517843078684	70.53548508723188	127.51839516434927	123.57949052775982	123.57949054500193	127.34865568489758	124.38928553329782	124.3892855328711	124.38928553329788	124.38928563035086	117.09508484533549	119.47287616499997	119.47287614964162	118.02504270578888	118.02504272311089	39.3350700344275	83.30402209935087	0.0720412062974276	8.320216793767855
51.21289042101279	160.36885391609667	101.4747022250439	101.47470222504387	101.47470254999996	56.4046297578991	116.8300120732587	116.83001213418356	67.9411564762151	54.98185050086147	54.98185064106465	54.981850554600044	94.3651784858836	94.36517856670247	69.55505433534884	74.47491545142458	124.38928548413125	124.38928540311704	124.38928555724101	117.09508473183763	117.0950847078899	119.47287616499997	119.47287605386788	118.02504270278556	84.16600997984926	84.16600994796335	5.008382708920266	237.39009888859124	62.84311604822807	225.17460396636795
5.749465685929977	61.85100739304778	11.338611761823813	101.47470226911383	50.655637607846586	55.98979194288006	54.78327328606426	74.10744384715215	93.72383928884992	145.6122321470794	145.61223245470717	54.98185046813555	54.98185047927063	54.981850546276206	94.36517832909445	117.09508460184557	117.09508477661274	117.09508475370512	117.09508477516832	117.09508479683365	119.47287591	86.04414254342885	86.04414256048847	84.16600997984926	84.16600994796335	255.0	0.0	19.729947479991324	24.883566499401354	17.41961621607058
0.23822793233424022	12.38349260884928	3.3865836086836794	72.71854381881928	83.83151515604055	35.802487413851026	35.802487413851	35.80248742450033	35.80248752013074	145.61223236251163	145.61223242556122	145.61223245470717	145.61223246538157	145.61223244611676	145.61223248529166	74.24266589985388	74.24266586582931	74.24266584613613	86.0441426609832	86.0441425531804	86.04414253489901	86.0441425496108	86.04414254247163	86.04414247660057	40.333365616098604	0.0	218.56604125425724	255.0	43.35355335992739	195.63143117823893
6.62892634424324	5.445337627312597	30.374465792951497	89.85526494981661	71.99616450855797	10.064162751886442	35.80248739233957	35.80248740844726	35.802487424588236	35.8024874291207	35.8024874200558	35.802487481598064	85.46758721613247	74.24266584613613	74.24266584881701	74.24266585220539	83.71788628903289	83.71788630586602	83.71788632461909	83.71788633399558	83.71788624454979	85.46352163795305	85.46352162776381	85.46352148610944	54.61283193544992	0.0	0.0	51.83038470101991	208.09641426034244	23.81396105688802
10.119145011993368	8.893510082006628	12.846762680655786	19.60849146492606	26.69398020548917	30.374465792951497	29.540284126641637	32.57536585338528	7.641790887951288	35.80248738154566	35.802487424588236	35.80248742450033	35.80248744579882	74.24266575585537	74.2426658461361	83.71788634365495	83.71788635282658	83.71788631673431	66.63246857386923	85.46352158676393	85.46352161317063	85.46352153409441	30.704048922865496	51.55725119257383	0.0	0.0	0.0	240.70479697567367	132.6538992538445	0.0
1.091631895980612	10.082536590982954	10.271896143910823	12.073148254344687	8.762465230030074	21.271896435047466	27.53605546692171	30.374465792951497	32.57536585338528	64.2375798748107	30.374465792951497	31.451129933216095	35.80248739230632	35.80248744579882	21.479235177439392	38.966141196612	38.96614131899997	85.46352160738536	85.46352162637402	41.814096141057206	39.263720874208104	14.866805180005741	5.564297419166678	3.413999583173677	140.59270130226656	0.0	0.0	1.1181425208730502	173.09273454642798	0.0
