254.55355341073025	253.39380197037036	254.97463385737828	223.1392809139785	240.0474274421577	191.5564903846154	175.86757160349055	223.77741228070175	232.05	250.46666666666667	254.720656971578	242.85714285714286	234.4260299209701	226.66666666666666	254.94039558979625	231.2	221.0	243.37444022329564	221.0	241.6125	241.0909090909091	217.2669025132975	253.71921117154508	253.71921117154508	248.43949454342604	254.90922549045533	252.25689986130553	254.87546806153753	254.25946431372756	229.84469233788317
254.9471770278637	254.96310070311932	251.5199145781814	234.76190477	223.50863423626373	175.86757393549829	241.0909090909091	160.07759135604738	169.91837982942536	254.2324393188563	178.31059550548142	223.125	250.73650720517173	240.5113633548231	231.81818154158057	254.70895220133326	240.60109289617486	239.58290936800043	244.42967409948542	235.30818666389052	232.23033515514464	227.81158348400228	230.81880658449904	227.22782630511404	234.80791762735115	241.01879731466659	248.0801845401228	254.29715625	254.8754680616156	254.94491999999153
216.9301107126169	252.77866666666668	239.32960894924378	248.115	226.21922258834715	160.07759133136642	139.16707126664778	139.16707185078974	133.62102422094546	195.234375	199.28251725110968	217.21847516821984	252.51231043534048	213.1919436960543	250.8472444652233	254.45568796657764	230.15095365654514	230.34616960262187	235.46536603308462	216.53686508897476	219.77358307101548	226.8036750483559	236.29343628724956	195.5000000085	230.11697416997666	238.72404657289763	253.4199672503805	254.55026311845327	254.8115144023844	254.71105027803787
255.0	250.46666666666667	237.78132198899715	122.76151955300284	127.30054686159133	229.62874962874963	132.8125	133.62102431722423	140.1871575081898	191.25	179.87080487080488	228.3921081249029	212.5	204.1677286742035	228.3921081249029	183.16188832298303	189.73070362959643	253.8365844698403	213.47432148338766	214.6518289284301	215.16786573136685	229.12739724932754	228.79410986295483	239.7	195.5000000085	241.44435242472855	252.4534067015315	253.41996725052672	254.082	254.88575268817203
0.011626476604135405	118.02966491091652	105.78815485180516	138.00936715021936	0.04391970445172433	203.0769230769231	115.188649190922	144.23076923076923	104.7321429642553	131.08383725858474	115.36801638773946	178.84615384615387	212.5	180.02651824055465	191.25	218.57142857142858	126.96560730698769	237.01559020044544	237.01559020044544	200.11136622992726	235.46536602850432	235.46536602827993	210.16483514049028	235.3846153739645	218.571428586	240.83333333333334	252.6413993158284	253.41996724997318	252.22909941582148	249.7959183636
12.398955330990447	217.2788626795667	4.377870797413152	201.06288764388657	252.7981010709543	254.92945126924468	133.33408022999998	104.73214290950892	90.243266428326	94.1913474461756	166.28207818140453	148.75	170.61818181818182	178.5	221.0	170.0	242.19189626863874	126.96560731075232	126.96560731075232	198.50705818820467	201.4147652813621	221.1748658342837	234.4320987654321	218.2432432489865	229.5	229.5	246.5	251.866181156122	253.34102525021592	254.55503418656997
27.299839793967834	68.72795275966362	184.43879658117913	116.32252764054141	133.33408004696048	133.33408012079056	88.27156488831156	90.24326614967063	90.62329097785701	93.35971355625006	183.35567747190316	232.8069068548106	236.33931653434587	236.33931653434587	251.81031111911355	206.81223552217762	183.08024469644818	164.8868762850616	164.88687629543762	188.68176840726684	186.60295848380616	126.96560730698769	239.66403646499205	239.66403646429163	244.73154362588397	235.05586591850482	240.72	241.42011834319527	252.41597283408927	254.55503418650116
217.2788626795667	125.36060239672642	10.893283227282893	133.334079975	133.33408006000002	133.33408006541805	133.33408006795173	76.27726124951997	88.86433100411483	90.62329134004295	120.06994374246716	132.97872894457447	251.02972399150744	236.3393165343459	165.551917321458	161.8871652437	177.0962131565541	174.21349547140665	196.57215988748447	186.60295843191352	179.99002774789716	196.15384615384616	231.0751913183305	200.67713795230458	242.6513317198818	242.65133171542374	242.4835164852929	253.7583930210363	252.41597283432952	252.45
11.564564116281815	32.77476952091942	57.101279138076734	98.07692307692307	98.07692307692307	73.06221952234861	76.27726067116939	76.27726095750549	76.27726101618603	133.33408022999998	136.79185375097734	132.97872890309546	228.87260308469672	251.02972399150744	187.63232116678967	251.02972399150744	185.61168672929108	171.67128736521414	174.3619196689565	158.61905933014486	192.53801155962398	205.76368876080693	222.2093023255814	231.07519123492722	247.67451882323144	244.375	212.4999999915	232.5955734389336	254.85243055555554	253.77403846153845
42.11712776048586	226.39569189811647	72.66959319026208	156.92307692307693	56.61697292866498	145.77907817165195	76.27726105673642	76.27726092816528	76.27726095750555	76.27726101618603	136.79185374700137	228.87260248265892	228.87260233671205	228.87260232790084	187.6323210625818	144.4070199459353	144.4070199459353	167.91886210352922	192.72660254793348	192.7266025567288	194.65598621598963	219.07848398457153	219.0784839874776	228.59388542250002	236.06496614904282	242.22634508348793	251.43253555176898	253.22916666666666	254.5780418400272	254.20032
254.99561169473355	72.65506164049407	105.84543431891385	145.77907817165195	145.77907808376273	145.77907803167864	145.77907805172396	76.27726067116944	76.27726096034468	76.27726101618597	196.350000019635	228.87260200305477	228.87260233671205	228.87260236517488	228.87260236498423	175.6878976293239	175.6878976293239	250.59283588937666	182.57890629541757	192.72660251988532	192.7266025393896	218.40054529251896	222.80178291936627	222.8017828374335	36.89512207042685	236.06496619903461	246.738	249.09499054820415	254.20912000868054	254.4526963786417
15.307321924763954	214.52844070389685	156.9230769230769	186.3202116569587	90.83283281546838	145.77907805534517	64.81243358361655	64.81243335129471	145.7790779917599	145.7790781263448	196.350000019635	219.89754788725347	157.7974528330398	157.7974528093157	250.12450423408853	250.12450532565896	250.12450520090024	250.12450568430705	250.12450698511375	159.60949313622217	213.3176543380726	213.31765438547487	213.3176543380726	213.3176543795789	213.31765437204754	237.38181818181818	249.57682291666666	249.6518918918919	249.41820276497697	254.55026311845327
1.855135779208183	138.4777707241397	73.70757177570857	110.95474892207613	54.911261124809386	54.911261242048965	90.83283251372825	90.83283270727216	90.83283271488833	90.83283281546838	90.83283285715942	127.5	170.0	190.78958004433838	145.1000223888746	145.10002236390926	143.58378428395497	250.12450280637023	250.124505313617	250.12450567044326	213.3176542485422	213.31765426897184	213.31765436791608	213.31765439218856	213.317654427603	223.56164383561645	235.3846153846154	180.55867481901163	223.125	247.65866607160248
214.55562802227092	127.27672631889337	41.682345572397026	41.682345572397026	54.91126113120325	54.91126115505844	54.91126115505844	54.911261147360364	90.83283264175009	90.83283271355319	122.40000000000003	107.77568139329088	161.8871652522563	111.1266857013579	111.12668551272822	190.78958004715744	211.3675299301842	248.24498469278643	132.9952892150031	178.88059701492537	211.77966099167625	213.31765412561407	213.31765438547487	213.31765432932545	213.317654427603	233.75	190.73170731707316	254.64808901121802	254.5118783524931	0.0
105.91949750210426	51.314431259306275	41.682345572397	41.68234567067452	41.682345627952486	41.68234587438593	54.91126118697045	54.91126120276883	109.71452417934529	134.02854290821654	106.0504117743487	115.33074784287777	117.07049650715237	143.87331448727178	143.87331429864207	150.06984823244312	117.24749641671858	245.7603626647805	178.88059698254625	203.5887096598928	203.58870963068182	200.08873879723117	200.08873885263966	213.3176543720475	213.31765412561407	224.83870969112903	216.19565217391303	231.638604341043	247.65866607160248	0.0
105.91949750210426	51.314431259496956	41.682345627952486	41.68234563208395	41.682345614525104	41.68234561452516	41.682345731028164	104.72607955167734	95.06925363172851	99.06334429293983	98.28821078518638	108.39856658279857	115.08791618135834	244.2290635406333	244.2290637168077	150.0698482190126	244.22906360620485	244.22906355206777	244.22906343007324	109.89997763609068	200.08873881302955	200.08873883943627	200.08873884494156	200.08873886879675	200.08873887519061	209.1	216.19565217391303	190.73170731707316	100.22164890045977	249.8993751305767
51.314431046086014	51.31443127885325	51.31443124676326	41.68234560781147	41.6823456619274	41.6823456619274	41.6823457514578	109.4553965136972	103.73366053380133	103.73366053469547	91.51632789372971	97.75612558351042	244.22906356680113	118.985560626867	118.98556064168321	96.10968922106781	96.10968928864403	109.8999776111254	150.91542564893192	149.28291182233733	185.45454545454544	191.77278372573528	200.08873875795103	195.53938379770702	204.0	217.8125	68.67978834304134	128.56970376916001	91.60053537524834	151.0947606091645
96.45412756255686	51.31443127223068	51.31443122021224	33.99573928265261	41.682345620421074	68.74857795978747	108.25387359245849	109.455396545468	103.73366052336084	88.3347526061876	61.44897317968477	103.73366055055237	103.7336605265123	103.73366054424181	104.72607954440625	90.04059503564409	90.04059506302514	131.41247732209288	150.91542559289616	149.28291180043027	191.77278347732883	178.722738983814	178.72273903965527	178.722738983814	178.72273932883058	191.25	145.77907817165195	125.92110285839703	254.98244700549893	116.60688921279043
96.45412774373949	96.45412770699764	51.31443125525237	68.74857795498306	68.74857795978747	68.74857799106414	68.74857806322626	106.84508896284697	85.79222745156727	91.20133690567161	61.44897317968477	84.50391060456437	103.73366046950039	103.73366053452565	106.99403661859048	106.99403662316095	106.99403662706138	131.41247735351354	106.99403664400316	118.20814625299863	178.722738983814	178.72273904249448	178.72273907183475	178.7227389432636	178.7227387504801	191.25	145.77907808376273	247.59181794988996	61.30690561210767	178.4293315236146
96.45412773265883	96.45412770872369	96.45412768478849	94.99424144864417	68.74857795978747	68.74857792508351	68.74857768692232	108.25387360418233	72.75733181836895	106.84508896284697	106.84508895063419	106.84508892168307	106.845088949804	106.845088949804	106.845088977925	61.44897317968477	106.9940366084455	106.99403663051868	106.99403663051868	118.20814624902263	178.722738983814	178.7227390424945	178.72273894624755	178.72273894326358	178.7227393288306	145.77907805172396	145.77907803167864	14.352707324145968	124.2932720033894	179.0607812412451
84.91559138168168	96.45412774373949	96.45412770074523	81.84941906399308	94.99424144864417	94.99424149254489	66.40792581546009	78.57713054150017	78.34976471774507	52.237994392197265	106.84508882488112	106.84508882488112	106.84508892620866	106.845089018485	106.84508895063419	106.84508893736492	91.20133690567161	106.84508899948531	106.99403664400316	150.01816136310663	178.72273875048003	178.72273903965532	167.3009176937459	157.6202664519784	175.59455790936673	186.65733599192555	127.5	0.0	233.81612454396696	170.33086759437296
38.67583053029398	5.419299502783417	96.45412770872369	81.84941901606803	81.8494189640727	94.99424142021834	94.99424140600541	69.11909137133156	76.04253824890895	195.6785688072798	195.678568712332	195.6785685755231	106.84508891399588	106.84508893842144	106.84508891399591	106.84508896284697	106.84508893842144	106.84508899948531	106.84508897792497	120.1206790390709	120.1206788099193	158.152046203132	120.12067872897717	146.81266251300656	150.08335391752095	162.2130128140604	127.5	0.0	148.5597810860183	160.36885391609667
36.059571905415794	76.76264897999997	121.91343556475002	96.4541276335139	81.84941893807502	81.84941894426936	94.99424143016324	94.99424141781807	94.99424141164548	74.68777084500002	195.67856868948232	195.67856865863683	131.3075702812299	103.85894838896598	106.84508892168304	106.84508891399591	106.84508894980402	106.845088929524	120.1206787863857	120.12067877237078	120.12067877237075	120.12067879406763	140.97470202809137	140.97470201	140.97470202809137	163.68336183631212	162.2130128140604	241.58358546569235	104.98448552694268	252.9963270057803
1.804639302562009	76.76264894285057	76.76264889500001	76.7626488525	121.91343566435933	81.84941888440747	81.84941886008198	48.979501141318394	48.979501158121565	236.2821865943146	236.2821865187247	236.28218648804398	195.67856870378677	131.3075701094654	100.16154691334137	100.16154692498233	103.85894837800382	120.12067872897717	120.1206787863857	120.12067872897723	120.12067888052027	127.50000000000001	140.97470196749998	140.97470199117632	163.68336180385927	163.68336179345025	61.04660656008079	163.203309728499	160.62924083463002	1.7508506488527473
0.5703303464803184	84.91559138168168	76.76264888747806	76.76264890593558	76.76264897999997	55.993150808928135	128.0343926930123	128.03439268924768	81.84941897671979	169.8006271789341	169.8006272075878	169.80062729405228	236.28218657225102	236.28218639600172	69.43893276924439	76.09104484884926	120.12067843956595	120.12067872897717	120.12067866004307	127.49999999999997	127.50000014965886	140.974702095	140.97470186782567	163.68336180917606	125.39603956813093	125.39603953006429	0.36895327975526016	247.933736871167	85.64281938845548	5.1574038490347505
36.96674473190939	1.804639302562009	29.065264790497224	76.76264886544314	49.06461193228242	50.86577077588484	0.0	56.46388024215514	74.68777074986073	129.4625286058452	129.46252871779075	169.80062720758775	169.80062721239108	169.80062726248855	236.2821865006115	127.49999987000794	127.49999992517056	127.50000000000003	127.5	127.49999999999997	140.97470184	126.82089315046127	126.82089312504769	125.39603956813093	125.39603953006429	255.0	0.0	144.84626153033804	95.90380853571247	207.9730239395628
36.966108569711	0.08817159341302272	9.437816065681943	45.385939983251774	4.195436580354681	85.446423514477	85.44642355164291	85.44642353510307	85.44642350202326	129.46252853730678	129.4625286058452	129.46252859684762	129.46252865154446	129.46252865638837	129.4625286743941	111.00151888920234	111.00151886209704	111.00151886306014	126.82089320128844	126.82089315821375	126.82089316316808	126.82089314717675	126.8208931251028	126.8208931909738	110.95474892207613	0.0	249.4442462103152	211.06959393996615	0.039928112926162385	253.81487354433165
0.018240353653879993	0.08801701756044622	27.01249382867556	50.33831008208182	40.333365616098604	56.807944370692184	85.44642355183814	85.44642352849442	85.44642352849442	85.44642350702964	85.4464235499592	85.44642356426908	67.90646787538591	111.00151886306014	111.00151884854435	111.00151885128847	120.09655319595223	120.0965531899908	120.0965532087439	120.09655321812036	120.09655318843025	100.84460070555309	100.84460072393196	100.84460065041645	82.77595861339341	0.0	0.0	3.9776868028769456	18.528894424776297	175.7995653432706
10.071687961804031	8.55808205880723	11.491541016044977	19.39190893028652	26.14965137614152	27.01249382867556	38.510499453436495	32.57536585338528	26.81615525181647	85.44642352849445	85.44642352849442	85.44642353510307	85.44642357635519	111.00151888920234	111.00151880052238	120.09655316349466	120.09655322269612	120.0965532112742	126.16826904807036	100.84460073261761	100.84460070621085	100.84460060550629	102.79109376835595	9.562413569130882	0.0	0.0	0.0	34.32185995739161	34.32185995739161	0.0
1.0888669812960643	10.025869001584766	8.524866095301007	12.716078713186306	4.328050675407553	31.180783135928834	17.244664251024034	0.0	32.57536585338528	50.852469013865004	0.0	31.451129933216095	85.44642352849442	85.44642357635519	21.479235177439392	31.817275712582216	31.817275809847274	100.84460076068973	100.84460073261761	121.24575737262884	116.4155480624701	67.58034993286009	59.377524142517046	15.549952033243898	224.90522689180452	0.0	0.0	22.131328163347945	12.398946037941158	0.0
