254.84585185312383	254.14303717777779	254.89957206577984	254.45040999123944	233.11608783582656	251.0633269080529	250.86156606997633	253.22916666666666	163.2	244.8	234.0389520901614	182.14285714285717	155.12957558368345	244.8	239.10953713826382	246.5	229.5	236.49285581571502	229.5	236.1482142857143	227.95454544681817	147.56364488304672	237.64868187135275	237.64868187135275	247.07391027116097	250.47384059164008	252.98781780014158	254.92064140178263	254.83628789871034	254.45455892704325
254.7606935507763	254.89696681554645	247.37792825991235	240.21739131666666	238.5929288021978	250.86156305777945	227.95454544681817	232.79129006041364	239.68066941484037	229.26596323640433	209.76081422434066	115.33433504999999	219.68347726884986	252.1022725840328	234.71590895754778	231.12771338109172	215.28688524590166	188.3019226617655	237.54073756432246	246.8493165293123	236.0309999288711	227.36546629648493	216.39227997212987	231.69010032012204	234.86658910664025	241.05540919335186	245.63259396493467	253.6063144132653	254.920641401813	254.99831222160833
254.65011460847634	254.71666666666667	251.965023072937	199.92	229.62439512960856	232.79129011645568	240.18532544530166	240.1853250056287	218.00773694283473	248.359375	181.93318273464394	97.19689529758415	207.01085560116172	125.4354634204733	201.0497017954023	215.73833193722243	237.06487501603993	239.72193773043836	238.27232862402255	209.5819049859733	201.13024407022453	249.32785299806577	137.83783786438093	247.714285707	231.51012287582188	231.65248443114078	253.8302848713651	253.78602786890707	254.9379119348869	254.99783499230853
255.0	252.45	228.73161711203332	44.1119231515998	112.40038509764068	253.56103356103355	230.978260765625	218.00773682183808	216.76227755705278	163.2	200.3950103950104	203.59622322337873	127.5	237.5562178828366	203.59622322337873	193.60321499372753	216.8199092092828	206.49462835898416	230.70903528557494	214.7330236412609	214.96318154557346	247.17713254554093	250.2114299423545	250.21224489795918	247.714285707	248.72902415982367	253.97949502733815	253.83028487148263	254.91010745522698	247.6615747857143
33.45021006283821	90.27880024144477	233.7194515349534	43.58043933905395	207.06667313359347	249.23076923076923	226.3413812763631	166.15384615384613	197.04545459998445	225.337717461744	221.00368990985737	228.46153846153845	127.50000000000001	66.95338492271364	84.29752056000001	182.14285714285717	228.2744044906418	188.55233853006683	188.5523385300668	200.24998585976678	238.27232862040785	238.27232862001074	155.7692307621824	248.07692307723633	153.0	249.01530612244898	254.2301357385492	253.83028487107285	254.89453606222486	214.2
9.99973728639111	33.002384199643274	60.80880518566161	170.4082473994814	113.67504359283726	66.65503619204475	56.57143124999999	197.04545463027893	184.35382012461707	210.42526359609835	207.95497606268998	233.75	215.43636363636364	102.0	204.0	204.0	170.0624239528246	228.27440455854554	228.27440455854554	205.3893080292475	220.54685653216623	244.79266660860594	237.62222222222223	251.06177605439188	220.999999983	220.999999983	252.0076530612245	229.92944924897589	253.8157366255144	243.39555391992087
148.13486864954996	43.97047830030519	5.292051193257578	0.7971802613694763	56.57143117793993	56.57143117793993	186.23833724750307	184.35381952908443	208.6924938140877	203.63102806875003	93.93366886594421	138.0716443762439	149.10942354159474	149.10942354159477	176.24076883257183	172.34800605378044	181.60268093513255	191.1265184221739	191.12651841918566	187.67464047284744	217.48740013795057	228.2744044906418	232.61358857700736	232.61358858312866	237.03020134529694	174.51117317835877	235.4500000017	200.68047337278108	224.0490968436381	243.39555391944143
253.15524009489994	3.7151423339682594	246.84202307301234	56.5714311225	56.57143116500001	56.571431122567446	56.57143120250862	170.4867739263307	207.82036968141324	208.69249391612118	220.1770338946926	198.9627858242337	164.5859872611465	149.10942354159474	80.16281655145892	174.36191968717029	208.44358262185	164.90353207960118	185.66598699199955	217.4874000348852	227.8485003225147	137.30769230769232	146.8275014590415	238.6071141877596	180.0847457344355	180.0847457338983	230.61050060762352	233.17751571467008	224.0490968382477	250.4666666712
2.23023388661872	209.2379106308279	103.2728931431628	117.69230769230771	117.69230769230768	199.81989215653007	170.48677334798015	170.48677352996162	170.48677347398524	56.57143124999999	119.30365560405662	198.96278574991982	126.86871690146222	164.5859872611465	100.89249455396364	164.58598726114653	203.12011524551312	159.52048935498016	161.88716519506778	93.72383933791295	220.05894174166332	181.14553314121036	232.32558139534885	146.82750147580657	205.47974720284975	184.166666663125	233.1428571465	239.68094279818914	248.67296006944446	231.38888888798078
29.599443493425696	224.64085894406375	252.45765060779638	235.3846153846154	161.55766643063066	61.54312464535451	170.4867735407637	170.48677355794982	170.48677352996162	170.4867737251597	119.30365561114556	126.86871777662728	126.86871732021186	126.86871723582462	100.89249459688014	173.5883629158414	173.5883629158414	170.31612540051233	198.1655937135754	198.1655937022474	184.3936971573481	207.78886466543688	207.78886467145554	142.23424291125	170.16352390282003	223.74722185031465	220.91744710223725	233.30729166666666	242.53971184397133	253.50116666712
227.8799779077083	78.0034625920477	210.87192608984435	61.54312464535451	61.54312466606723	61.543124691208334	61.54312470324399	170.48677334798015	170.48677334798015	170.48677322281077	62.33333327723335	126.86871596996806	126.86871732021186	126.86871745979482	126.86871741768519	146.78999089132765	146.78999089132765	158.53626916312035	188.4317392773687	198.16559367230116	198.16559366868825	142.85302904302813	143.77156265583116	143.77156279315764	176.21458060781632	170.16352402592693	225.522	206.79584120982986	236.55381944444446	253.63006104863604
35.26356965886362	254.95635069791908	235.3846153846154	35.37050860623273	201.8661993465279	61.54312470377886	180.54486742398865	180.54486737799127	61.543124732188744	61.543124840907666	62.33333327723335	114.82493566751376	121.72263820226237	121.72263825492598	152.3750692877697	152.37507032859406	152.37507025458206	152.37507218820735	152.37507074590314	159.7402607357012	109.64725610850874	109.6472561138134	109.64725616202108	109.64725618235619	109.64725606699014	203.07272727272726	210.72916666666669	230.40972972972972	230.19405241935485	253.78602786890707
56.98440639091419	4.496901491118507	90.53745299102215	17.22864807885489	161.36220222206373	161.36220232563795	201.86619904478775	201.8661990415468	201.86619904478775	201.86619904478775	201.86619906885218	46.36363641	127.5	127.21224895621415	45.01360702646133	45.01360702740942	141.4127576579113	152.3750690689497	152.3750700751217	152.37507044616757	109.64725622302632	109.64725613722501	109.64725614168603	109.64725613722501	109.64725610101587	195.10834371108342	201.36418269230768	103.75655785248088	199.92	141.6251640884476
61.76949355615585	222.0369719422112	145.35274389898416	145.35274389898416	161.36220217671809	161.36220212707815	161.36220212707815	161.36220213232363	201.8661990415468	201.86619900696724	173.4	140.9605332114484	140.9605332114484	141.52993032123447	141.52993035998762	127.21224901322039	106.30827574931175	137.76505457884429	211.87130471009067	163.65671641791045	142.62711865615483	109.6472558205567	109.6472561138134	109.6472561315185	109.64725610101587	180.625	156.17886178861787	249.44627245016477	112.53676750881988	0.0
211.01947941788546	64.64853780580447	145.35274389898416	145.35274386848153	145.3527439330099	145.35274417944333	161.36220209271352	161.36220202779816	33.80927635312344	93.93366886594421	106.52367697837349	57.47784929317484	116.54297776198976	113.47006964001238	113.47006967876553	197.01851554249407	118.76126210792827	126.86346191130977	163.6567164247271	114.25324675042427	114.25324681534093	93.63779797220187	93.63779786767637	109.64725606699011	109.64725631342358	161.7741935346774	144.1304347826087	247.56333858012752	141.6251640884476	0.0
211.01947941788546	64.64853775452465	145.3527439330099	145.352743858314	145.35274388618657	145.3527438861866	145.352743862775	125.47592636317964	144.71115653267736	99.52786518157521	99.66348617927878	137.2212624735497	46.737420905627005	109.407992135109	109.40799197402276	197.01851547573813	109.40799201134729	109.40799206548442	109.40799166347841	209.98639297259055	93.63779790728648	93.63779788087973	93.63779787292188	93.63779782328189	93.63779777793627	168.3	144.1304347826087	156.1788617886179	12.773044689726078	227.35084828568247
64.64853741862933	64.64853778186273	64.64853780176057	145.352743862775	145.35274383797895	145.3527438914913	145.35274377697368	93.11213060254809	91.68503527034207	91.68503526730987	92.41416739649517	95.00875655308542	109.40799192374251	154.45790523938314	154.45790522043023	166.10004658021336	166.10004655691563	209.9863929735387	134.81057688618674	118.11514999547555	148.36363636363637	99.19258478315015	93.63779767436202	100.57455734914487	153.0	148.75	219.62949139376724	206.11400752037514	77.21614401983348	254.25079068002697
203.68556895391401	64.64853783384575	64.64853785368791	115.2046221827027	145.3527438176438	113.58358117148879	91.30126673869762	93.11213057936374	91.68503524146979	95.52424903477004	83.88413443830174	91.68503526536071	91.68503527993184	91.68503529921435	125.47592643847148	154.99870772589256	154.99870775567706	171.74994750806093	134.8105769272463	118.1151499857742	99.19258501232778	84.51322627484026	84.51322665201985	84.5132267771892	84.51322665201985	143.4375	76.86834869678364	213.92391898672963	158.05699711168006	116.60688921279043
203.6855687211468	203.68556874069378	64.64853777026994	113.58358112940113	113.58358108567359	113.58358110739746	113.58358106339014	113.15917073562579	85.95813518831795	46.642492133662245	83.88413443830174	91.20133690567161	91.68503526536071	91.68503527507477	151.176966758128	151.17696676933843	151.1769667640702	171.74994747621847	151.17696686352178	135.69634438885447	84.51322652601476	84.51322647003835	84.51322644205021	84.51322645923634	84.51322665201985	143.4375	76.86834864864738	104.90971741744059	74.55424163547144	153.21763052366597
203.68556872776935	203.68556874050307	203.6855687532368	61.54312464535451	113.58358104276599	113.58358098542956	113.58358093136809	91.30126668920866	81.41273410943435	113.15917073562579	113.1591707449538	113.15917079652414	113.15917072664465	113.15917072664465	113.15917075356717	83.88413443830174	151.1769667463392	151.17696676182305	151.17696678083803	135.69634439594338	84.51322652601479	84.51322647003838	84.51322644205021	84.51322645923631	84.51322665201985	76.86834867378178	76.86834867179687	223.83133589408806	11.204883960535653	172.3774381292028
254.68394187614024	203.6855687211468	203.68556870256197	23.69594848257165	61.54312464535451	61.543124840907666	110.97465585059572	78.31847101290961	77.64426999763276	78.07639836339303	113.15917069972221	113.15917069972221	113.15917074258948	113.15917069972221	113.1591707449538	113.15917080741212	46.642492133662245	113.15917079172294	151.1769667759545	85.72187164564207	84.5132260736693	84.51322636284459	100.81640611182118	90.39820778799455	119.99695416313926	72.92374802070768	102.0	0.0	2.3199264564528903	252.9833596577848
247.67136083028888	166.88213328978782	203.68556874050307	23.695948349100433	23.69594838480407	61.54312470324399	61.543124732188744	70.08535332466411	76.06070482250328	79.86548300405309	79.8654827331585	79.86548270582068	113.1591707168837	113.1591707122412	113.15917077293776	113.15917073562579	113.15917075428177	113.15917079172294	113.15917075356717	104.32181991389376	104.32182012508514	119.50043326455611	104.32182017155878	106.31072671050651	102.56323177160544	125.3854523327525	101.99999999999997	0.0	254.95868272587393	41.412324077903634
84.91559138168168	56.57143124999999	15.313934971218401	203.68556877978776	23.69594840265586	23.695948383516992	61.54312466606723	61.543124691208334	61.54312470377886	24.34382132999997	79.86548265244511	79.86548268005211	92.28802503238705	128.68846594672095	113.15917069972215	113.15917077293776	113.15917072664467	113.15917075356714	104.321820054688	104.32182008477156	104.32182008477153	104.32182010646838	85.99675297645993	85.99675292499998	85.99675292108739	81.16257411904058	125.3854523327525	163.85410252506176	29.53176527575144	45.8991110219896
224.41615954287295	56.57143117793993	56.57143116500001	56.5714311225	15.313935113460957	23.695948333989634	23.695948456211227	22.158620845176415	22.158620858651688	86.55884781621651	86.55884780798772	86.55884785549458	79.86548260568568	92.28802501975886	106.86699081621376	106.86699080785024	128.68846592500023	104.32182004137789	104.321820054688	104.32182004137795	104.32182003652406	90.1036193661275	85.99675296749999	85.9967529395449	81.16257405239091	81.16257405476344	112.45529623877391	48.21500731178551	18.83298073375724	130.829989579187
214.2321389758325	254.68394187614024	56.571431122567446	56.57143117793993	56.57143124999999	55.8331186933907	26.725595509358186	26.72559544145443	23.695948457305434	62.53947476717454	62.539474722766386	62.53947480923091	86.55884764886946	86.5588477822559	70.36749630577964	80.14489359740352	104.32181991389373	104.32181991119708	104.32181997520888	90.10361926623736	90.10361926036433	85.99675284	85.99675279231764	81.16257404078627	55.474463235678826	55.47446324431115	31.319033253838853	102.83674273807625	2.406676829243793	244.66966169739115
41.905917670331576	224.41615954287295	5.930056525947293	56.57143120250862	49.96293796432778	57.85035053929602	54.42091672256328	55.32532705652102	57.47784929317484	93.41605207782428	93.41605217607412	62.539474722766386	62.53947479268393	62.53947482102549	86.55884767566178	90.1036191362453	90.10361916358704	90.10361919584619	90.10361922290664	90.10361920124134	85.99675284	57.66802792607052	57.66802798806202	55.474463235678826	55.47446324431115	255.0	0.0	207.50742930908933	9.373427065723774	44.917382147002286
149.12178599291832	31.082230924013118	32.1736791042546	85.82750764983939	129.19444777909052	43.38036114425472	43.38036114425469	43.38036115453582	43.38036110076615	93.41605205912268	93.41605207782428	93.41605217607412	93.4160521366455	93.41605219223973	93.41605216605609	51.24598707573989	51.24598703738661	51.245987044821874	57.66802795376117	57.668027939688955	57.668027895074744	57.668027933675944	57.66802792165012	57.66802785577906	17.22864807885489	0.0	1.8057983433614027	255.0	179.76523267521532	226.77364839352165
0.610968331636002	3.9354700642909393	0.0	4.496901491118507	17.22864807885489	1.9005865062866008	43.38036112605664	43.38036112888122	43.38036112888122	43.38036116665489	43.38036115567141	43.380361195052814	175.5390447423041	51.245987044821874	51.245987018209945	51.245987028165246	56.61010584826249	56.61010579828874	56.61010581704181	56.610105826418305	56.61010577623759	61.51676927808592	61.516769240349845	61.51676920888295	114.8177353377092	0.0	0.0	79.518552750324	243.49638242663465	6.602773631655566
10.13594947492291	10.73510588745799	12.48273347393419	18.395906003347847	23.007041935666507	20.548416842969345	28.49954265103571	20.548416842969345	7.641790887951288	43.3803610965993	43.38036112888122	43.38036115453582	43.380361175098045	51.24598707573989	51.245987044821845	56.61010578579919	56.610105826629166	56.61010580983199	39.397001851185564	61.51676927456501	61.51676924815828	61.51676913523579	13.10051519620339	82.91372115739233	0.0	0.0	0.0	130.84686474725976	18.25387975471429	0.0
1.026641789808167	10.102655770518737	10.01282383476078	11.5715926009498	81.14331191315486	19.182525853055324	119.7175906107548	32.57536585338528	0.0	64.2375798748107	32.57536585338528	114.8177353377092	43.38036112888122	43.380361175098045	112.45529623877391	168.53238701008934	168.53238711277075	61.51676916487767	61.51676923495492	16.025458419898513	14.943469472510571	4.275768691251585	0.3571280496491056	0.9756829071258437	140.59270130226656	0.0	0.0	12.207695320911824	101.90118577996643	0.0
