254.8962728919237	254.7700403074074	81.12220157461635	246.3165756858439	229.4986133259053	228.54317098858172	209.78047642878408	94.69298245614033	191.25	199.46666666666667	189.7059369134983	0.0	239.57769598195617	141.66666666666669	254.8408306476831	214.2	204.0	30.57975863671669	204.0	153.91071428571428	194.72727272727272	211.7215009842707	146.61577326468972	146.61577326468975	254.36357057495172	184.3391014024604	254.89361840641203	183.6347417863111	248.86395136802824	253.89149748725129
254.99375914286063	239.11325141217202	253.92027871396525	247.34234235	237.9343629532967	209.78047544997034	194.72727272727272	216.415718582601	205.2272985246214	183.3133543629041	171.77249630885245	231.05184075	33.9528124893572	226.02272714430526	217.32954533106275	254.3220764235719	0.0	159.96639417096986	44.75986277873068	204.9660430649633	252.5543526681677	206.0045980249009	243.7484758908073	111.35660500574579	234.95734400980837	240.93794648252916	147.6750580951129	214.92531887755104	183.63474181759653	214.02163732325272
252.81425279108313	248.472	245.33595049766865	223.125	231.39608952371393	216.41571873525675	175.8144709952261	175.8144703657905	195.9511338667345	69.0625	0.035622573669570556	226.58194196083898	152.3394194880704	220.68100456160252	146.56957188104903	253.70560762434607	30.653723700148163	82.0053256861942	88.40791126882388	91.12009345326382	221.35449086492275	218.5009671179884	202.44932435523307	251.076923073	231.00990527606254	239.65025915815824	145.8974668866323	81.62092624356777	143.1504199529013	254.54725049840155
255.0	244.8	231.79632520868742	139.70811884409247	142.77991022346322	124.73566973566975	179.4763514375	195.95113371876516	196.30407213874486	191.25	0.0	89.20649716051301	0.0	49.33319630010277	89.20649716051301	210.81060419745825	151.5506128388792	252.40674863808601	189.1833567689626	213.45223040185624	215.3944390449722	172.05671506213667	224.49406283796196	116.36326530612249	251.076923073	215.61081386939196	137.2313603898695	145.89746691216402	179.62688546438983	254.5379009812788
253.0145230459868	57.10856795440654	227.0384261322196	97.86853335750251	24.329236216394122	93.46153846153848	166.33525791721462	0.0	169.32125301352994	161.36769446682996	153.63845489602977	51.923076923076906	0.0	192.83278980201555	202.31404965000002	0.0	239.78218976830186	88.78619153674833	88.7861915367483	200.21444009215935	88.40791121365723	88.40791122248072	216.3461538363644	231.92307691258267	233.749999983	126.63265306122449	82.86242603550292	145.89746685607508	251.26171250763056	253.2291666678
225.66599096114786	226.71051815539673	60.04164160167389	253.1855099224151	252.18843369073048	126.05818987130189	76.76264897999997	169.32125305831653	154.1730240418234	126.5200393705224	221.04785595389856	42.5	34.618181818181824	127.5	136.0	85.0	116.57674218164374	239.78218974142305	239.78218974142305	245.64093305715505	158.99768200706413	191.7292843827316	161.8148148148148	242.5415800429054	238.000000017	238.000000017	100.95918367346937	251.866181156122	220.94714220393232	254.0729329009695
164.6783000062283	123.92523360792015	3.9805076620882573	199.0402210403547	76.76264890593558	76.76264894285057	155.14529122949637	154.173023457753	122.90783893126888	137.22353345624998	0.0	86.3402331820667	96.2961684501208	96.29616845012083	248.1556930971619	39.80147991044649	133.29733311440856	200.392770112949	200.39277008427632	188.5759259900703	180.6258169429376	239.78218976830186	114.45823410203687	114.45823409499883	225.05033548992444	223.48114525183686	217.26	241.42011834319527	250.26537757727382	254.07293290107833
68.48345624888614	78.34044861561483	190.06025478339427	76.7626488525	76.76264889500001	76.76264888747806	76.76264886544314	138.30848300602707	121.11381480439042	122.90783894138715	30.409637072258334	154.23450750717592	246.51804670912952	96.2961684501208	174.98771342295737	140.96053311301793	153.0000000263363	57.12717089051321	94.44543650983783	180.62581686393997	173.3194340857268	196.15384615384616	217.90482202146717	153.3877981584394	234.83050846197645	234.8305084774576	231.52380952208077	227.7442435717749	250.26537757609123	253.8666666678
120.07623246869434	255.0	247.52016180079238	0.0	0.0	104.87590347758206	138.30848242767655	138.30848289189095	138.30848284647982	76.76264897999997	112.145331651016	154.23450744148545	76.69451950499118	246.51804670912952	75.51855316192766	246.51804670912952	47.67422575478642	170.41742518399224	189.1592831213825	181.3878407038249	66.97774772655748	53.27809798270894	101.51162790697671	217.90482205468652	197.56822752402817	232.864583336875	245.1923076825	241.93623278209256	230.44813368055554	251.5236044339423
126.43340348258178	254.08904582414962	172.07822097601866	58.84615384615387	122.11040949432768	0.0	138.3084828132436	138.3084829145966	138.30848289189095	138.3084828464798	112.145331615732	76.69451820951807	76.69451925434379	76.69451892066814	75.51855324121325	227.21008250587	227.21008250587	170.60766227729786	51.23236621726551	51.232366264624375	156.89954127822188	85.0142545698474	85.01425461332394	206.808678885	201.29798637502745	118.55356425606797	189.8716614622789	201.43229166666666	222.08567837455104	249.41448
2.488305256390163	208.8635490108831	91.34709127272149	0.0	0.0	0.0	0.0	138.30848242767655	138.3084827168518	138.30848284647976	37.399999910239984	76.69451844988407	76.6945188376578	76.6945191707949	76.694518811813	66.6373342157583	66.6373342157583	245.60527011122767	100.8500009023262	51.23236605636612	51.232366215171936	174.24513013565075	177.62233371651016	177.6223338589519	16.88721712506711	201.29798652515788	150.552	179.68100189035917	218.97230360243057	57.45043774056862
242.5671366107933	6.172728453814159	58.84615384615384	5.241798242769448	20.20053371559115	0.0	91.5713833726347	91.57138347008544	0.0	0.0	37.399999910239984	68.96722176157061	78.24899741668273	78.24899744299881	244.62959815977158	244.62959948141227	244.62959912658332	244.6295996099901	244.6296006983665	159.48339047078576	193.42183117588831	193.42183115326225	193.42183117588831	193.4218311845032	193.42183121557025	116.52727272727273	185.82682291666669	151.8196996996997	151.67758736559142	81.62092624356777
47.832981979065465	154.12381132235987	0.0	40.333365616098604	89.20284208204981	89.20284216516967	20.200533413851048	20.200533561480455	20.200533615011125	20.20053371559115	20.2005336166215	139.090908975	0.0	50.06905753047914	90.32932270171602	90.32932274384038	142.0330306515609	244.62959759194572	244.6295994557985	244.6295995805012	193.42183109470824	193.42183112210827	193.42183116727344	193.421831245325	193.42183115004366	88.40846824408467	115.546875	254.78378570539573	223.125	71.2785098885087
3.6906357757866317	42.40528844360006	61.578168742931666	61.578168742931666	89.20284213326457	89.2028421226295	89.2028421226295	89.2028421335576	20.2005336270025	20.200533623542213	20.39999999999995	46.793371970183046	80.80183696608975	209.98153799621835	209.9815380864747	50.06905758364721	63.40331773162012	240.86365001382828	121.36734848402352	53.2835820895522	133.9830508155918	193.42183096913678	193.42183115326225	193.421831162966	193.42183125706833	138.125	55.28455284552845	233.80772612290983	233.0330166856263	0.0
91.41100953616265	0.0	61.57816884995634	61.57816883703401	61.57816878442978	61.578169030863194	89.2028421335576	89.20284210135944	121.94875541074063	0.0	111.82924237230833	74.68777074986073	118.38147042345432	45.0184619135253	45.01846200378165	141.62018470014254	115.61975027176422	236.22724488711046	53.28358206654602	148.59907662011418	148.59907670454544	165.79715789864056	165.7971578664424	193.42183121557022	193.42183096913678	126.12903227177421	116.41304347826085	148.93744754949776	71.2785098885087	0.0
91.41100953616265	0.0	61.57816878442978	61.57816883272656	61.57816884673775	61.57816884673778	61.57816887789173	17.567993218128436	14.238053609811487	100.90756624134445	98.44759510862954	125.42631242298145	124.15833596818715	232.91134856343677	232.91134863304325	141.62018467190535	232.91134865606992	232.91134871020705	232.91134846552148	164.6706772561596	165.7971578664424	165.7971578664424	165.79715787737047	165.79715786673546	165.7971579179502	91.79999999999998	116.41304347826085	55.28455284552845	221.29466968959895	231.19964597889705
0.0	0.0	0.0	61.57816875467498	61.578168824111714	61.578168824111714	61.57816890529176	4.547903488443325	32.569538574702705	32.569538581190955	92.58492019231724	84.25021129896797	232.91134868524819	28.25512697386725	28.255126993189037	84.8451409372274	84.84514096495812	164.67067729828398	38.45762241693913	119.94865552005211	55.636363636363654	132.78476378806394	165.7971578348304	135.63524618315682	73.66666666666666	122.1875	249.75820175723055	102.43117274871878	217.21064217623413	154.1294602993068
28.24036914114933	0.0	0.0	80.80632210621056	61.57816881549681	9.198395914970405	6.586968037167708	4.547903476982015	32.569538541750234	91.45015526013194	105.8274397143222	32.56953860189307	32.5695385665432	32.569538572454746	17.567993272643065	84.07903159446661	84.07903163179074	19.47488423219815	38.457622465990625	119.94865545596869	132.78476390394457	116.69151715352021	116.69151728314813	116.69151715352021	116.69151757232348	69.0625	145.77907817165195	155.35728574377856	245.14232396853174	116.60688921279043
28.24036940028509	28.240369389527643	0.0	9.198395842924981	9.198395914970405	9.19839598934064	9.198395985776813	17.845545282508652	86.038580901763	79.57382311928222	105.8274397143222	74.51128293182353	32.569538520841064	32.56953857832647	23.175733247241254	23.175733245445116	23.17573326050936	19.474884229323294	23.17573328704563	142.85466838426802	116.69151715352021	116.69151710810903	116.69151708540343	116.69151718675641	116.69151699397293	69.06249999999997	145.77907808376273	253.27337463097166	216.3838805718922	255.0
28.24036923126951	28.24036935081861	28.24036947036771	0.0	9.198395914970405	9.198395910327122	9.198395975085191	6.586968073528141	80.99672598806808	17.845545282508652	17.845545283979646	17.845545254009295	17.845545250622052	17.845545250622052	17.845545295635844	105.8274397143222	23.175733235072727	23.175733269646344	23.17573325063131	142.85466834898398	116.69151715352021	116.69151710810903	116.69151708540346	116.69151718675641	116.69151757232348	145.77907805172396	145.77907803167864	254.95167256332314	198.83288251324757	16.380375518767266
12.88781470953765	28.24036940028509	28.24036939066832	93.10400254659348	0.0	0.0	86.91517795898127	78.77577418215088	79.49957124898089	77.26353723012531	17.845545254009295	17.845545254009295	17.845545265901507	17.845545254009295	17.845545283979703	17.84554543406432	79.57382311928222	17.84554536217658	23.17573328704563	79.33178423292202	116.6915169939729	116.69151699397293	73.72094232390435	70.96960173896332	52.123651543437745	109.25079478184901	127.5	0.0	84.46994098975816	148.41887134804017
166.71052749004866	124.36046747174288	28.24036935081861	93.10400244553949	93.1040024705294	0.0	0.0	70.22195317821982	75.92668104070833	44.24480884810487	44.244808947681406	44.244808583393194	17.845545260365782	17.845545285450697	17.8455452883928	17.845545282508652	17.845545285450754	17.84554536217658	17.845545344036793	25.753122435066672	25.75312215045051	40.23376993013758	25.75312214732614	51.0	44.5508820729234	39.24196011813825	127.5	0.0	5.094396669027844	226.4556596088265
249.3061437834513	76.76264897999997	2.1463079840850128	28.240369368012608	93.10400248302435	93.10400242286963	0.0	0.0	0.0	83.07903518999998	44.24480855442991	44.244808507258824	14.539246254965747	8.714862992158373	17.845545254009295	17.845545288392856	17.84554525062211	17.8455452956359	25.7531220454876	25.753122060538885	25.753122060538885	25.753122082235706	33.345911492444486	33.34591148499999	33.345911492444486	51.3898482463882	39.24196011813825	159.1120174913748	17.48730255453046	191.9485846134399
250.24171802047954	76.76264894285057	76.76264889500001	76.7626488525	2.1463078360005454	93.10400249695664	93.1040024024255	45.465169136881144	45.46516914475254	218.74929118201723	218.74929116848625	218.7492911787104	44.244808574144	14.53924624132793	40.051172944714835	40.0511729120268	8.71486302506716	25.753122017145245	25.7531220454876	25.753122017145273	25.753121865834487	26.99146547920799	33.34591152749999	33.34591145552943	51.389848185641455	51.389848143018554	255.0	53.31992435698692	235.69644287325633	163.18580000564236
2.7223351449136146	12.88781470953765	76.76264888747806	76.76264890593558	76.76264897999997	56.07275838686627	15.217810231698166	15.217810258576947	93.1040021754219	34.10270133235261	34.1027012990356	34.10270147196468	218.74929119977827	218.7492912093826	69.53125419069684	76.1695045760554	25.7531218355617	25.75312214732608	25.75312200057428	26.991465595592302	26.991465746843232	33.34591139999998	33.34591139618129	51.38984815612562	40.61237519461852	40.61237517936547	3.3932376327501004	112.85822290463784	254.1566075383998	218.10156168812173
47.413757590340225	250.24171802047954	37.81706548959852	76.76264886544314	50.44298557949415	59.63462613122397	50.21423435902486	58.78522701499128	74.68777074986073	25.55638159941688	25.556382015520683	34.10270141432167	34.102701469165055	34.10270131393884	218.74929113516566	26.991465465600243	26.99146546336678	26.99146555785893	26.99146559559233	26.991465595592302	33.34591139999998	42.96933224442253	42.969332303499726	40.61237519461852	40.61237517936547	255.0	0.0	151.93635763156132	156.47078264551106	112.28537619683411
240.51879866122948	254.68152642440236	5.4238162005670745	36.05591721615775	96.27562641868838	13.809903932036406	13.809903932036377	13.809903931365483	13.809903930023637	25.556381947012966	25.556381877898787	25.556381894577555	25.55638196142283	25.556382003399648	25.556382003184922	46.61144160870742	46.61144152148225	46.611441533092176	42.96933242961529	42.96933224529997	42.96933221488388	42.96933224899985	42.969332256399696	42.969332256399696	110.95474892207613	0.0	129.77480562126073	244.19078624604646	233.18005186122096	2.3634498854519848
253.82367964896628	239.53114008813642	40.76568839783258	154.12381132235987	40.333365616098604	6.41167321596609	13.80990393807474	13.809903929549932	13.809903929549932	13.809903899016263	13.80990396008363	13.809903980439458	56.325111335015805	46.611441533092176	46.61144147786965	46.61144151605663	38.39413415290184	38.39413397847281	38.39413399722591	38.39413400660237	38.39413393282794	23.853606967927334	23.85360693468158	23.853606885253384	82.77595861339341	0.0	0.0	3.3339826307531837	36.090009429222334	15.5639372242822
10.104212762171528	10.799451978596096	12.503667578532912	19.056697759902107	26.860025710461656	27.01249382867556	28.918551818968325	27.01249382867556	255.0	13.809903875746727	13.809903929549932	13.809903956142733	13.809904004355559	46.61144146470892	46.611441408016645	38.39413402626127	38.39413398784643	38.39413396950698	62.49028880071256	23.85360693900023	23.853606912593506	23.85360686719048	226.96813904043208	191.9817856261043	0.0	0.0	0.0	88.30818598273686	157.95985031327783	0.0
1.1841995846497753	9.996866976160362	10.893443998034485	12.389852099610096	2.4444576830964024	17.765628853234233	11.797816958377012	42.768578068619036	40.76568839783258	37.841467812178905	42.768578068619036	82.77595861339341	13.809903929549932	13.809903930023637	255.0	237.39155771401303	237.39155786279125	23.853606868190013	23.85360693900023	83.88284494231354	79.68897109402377	28.525155735056558	3.7418545411532875	6.558487279071073	75.25205516395567	0.0	0.0	131.63385389629747	246.9674944276569	0.0
