254.8805319044937	253.60082304666668	254.92467865840413	253.83568983414938	247.9879275732382	248.31396896033655	250.46732791101988	253.22916666666666	244.8	199.46666666666667	111.71999543202395	250.44642857142858	228.19290855899663	244.8	186.21880655520195	218.166666661	246.5	238.2033069221476	246.5	233.68928571428572	247.27272728045455	248.6898788208772	176.4247639826056	176.4247639826056	248.31812023964457	211.3827126764428	253.64016291938697	254.6130826738406	254.9268991635743	252.96730708089444
254.4644968873656	254.8511620572271	243.50187998561594	236.11111112999998	249.08424906868132	250.46732770595204	247.27272728045455	200.90618194951423	233.45473138615458	106.62843816453312	202.48871330234758	213.617580765	255.0	223.12499972833808	252.1022725840328	174.35075959703403	230.03415300546447	227.93818342710972	238.08747855917667	238.71214919400373	240.03958151324343	227.95568535355724	206.15410623150413	227.69016647872385	234.6283070392438	240.96849648405646	241.34563118598913	253.2190331632653	254.6130826738648	254.87142818893489
254.99007371751088	249.67962963013332	231.7318435933735	252.96	228.73161711203332	200.90618204026103	239.17025455554526	239.1702533494169	177.16706066017935	248.359375	238.03924760284048	206.0369138693475	81.45322301982884	204.79571312322855	77.81591299791438	149.1372429707133	238.77946329131308	237.60651372388367	226.2229282336548	199.3058392632354	220.22843776498848	245.38201160541587	250.49376300273607	242.25	231.84606056686343	236.6201797511709	251.63421563865347	253.86026411763726	254.4393435598688	254.98372341657813
255.0	254.71666666666667	228.2809592022531	152.27476496647466	169.2922376181091	89.21591921591923	221.354166578125	177.1670604844001	179.36809685643988	163.2	253.56103356103355	100.96766954930698	233.75	212.73237410071943	100.96766954930698	185.59779065834482	189.73070362959643	139.63422076554934	213.47432148338766	213.49690796732966	215.3270072532456	227.10180013651092	245.21500768968292	234.70408163265307	242.25	250.87285339166672	253.69495802442316	251.63421563892456	253.38461057892545	251.49097542242703
78.91854206486019	195.608309269541	5.009470265862291	64.36201600982676	199.50823728411316	64.61538461538461	214.94139890171982	249.23076923076923	148.10606055556988	223.92726602146902	230.0413416303106	214.6153846153846	233.75	166.16339205682772	179.132231445	201.875	211.88151867840145	113.49109131403122	113.49109131403117	200.7633129108512	226.22292822589523	226.22292822623947	251.62721891553724	109.61538462196313	231.461538438	234.70408163265307	250.29622395833334	251.63421563774543	254.59340319213075	252.8272189398
63.46350482445388	254.9722719756807	2.215440693911546	253.06332019415478	3.3956989510570565	239.1827578910064	178.23735127499998	148.10606061144628	132.28686078786677	208.37202341532372	43.32662410799958	233.75	180.8181818181818	204.0	136.0	204.0	58.908443081643924	211.88151867035631	211.88151867035631	213.28321508063522	228.16103405221048	182.25363355128246	196.06666666666666	146.4527027027027	153.0	153.0	214.40816326530611	138.93263541192533	241.37985185185184	244.37879021572118
139.7071349354792	0.357211468094647	54.99527509619256	0.36895327975526016	178.23735113097945	178.23735116789447	132.27078814573318	132.28686042444195	206.56779681351622	188.6208575625	214.46176166652586	40.21783697169843	46.12357611322054	46.123576113220565	108.53163331907899	76.80125826076409	153.05585780797213	197.13236731798077	197.13236734231248	188.16256483171406	192.0596612353021	211.88151867840145	234.53785863264733	234.53785863135423	241.30872479172672	241.6308551708571	239.7	104.11242603550295	225.91589083599905	244.37879021402358
232.55849520365325	10.52412979631248	246.8021114211803	178.23735102	178.23735110500002	178.23735111252194	178.23735113455692	116.19920536134478	205.6599053171757	206.56779663929905	220.1770338946926	114.92161392407456	96.54989384288749	46.12357611322054	155.63523051100827	208.44358262185	158.08508888692754	152.26460856938374	181.28275543949394	192.05966119828406	212.67803104033885	58.84615384615387	149.98533561301215	138.16998792674127	182.96610166473428	182.9661017237288	195.21978022121039	235.5998909327402	225.91589081861216	214.2
163.12561353905073	97.50887235880919	103.16172443797495	235.3846153846154	235.3846153846154	197.33316763743005	116.19920478299423	116.19920523750628	116.19920519935431	178.23735101999995	169.5281552983875	114.92161390935769	34.716710237566474	96.54989384288746	158.5759769187269	96.54989384288749	198.80020530318012	168.79202166235578	93.72383933791295	177.52543845629248	183.05933568477252	237.36311239193083	174.7674418604651	149.98533555824275	209.21574259574948	201.875	178.5	210.36217303822937	247.218017578125	240.6971153846154
3.524689989934842	0.7727859635799632	25.648060747451126	39.230769230769226	96.85795361898204	186.08927052513167	116.19920516856126	116.1992052565823	116.19920523750628	116.19920519935431	169.52815532593803	34.71671056851284	34.71671012410786	34.716710332896355	158.57597702418371	203.21765865778085	203.21765865778085	170.07830039990498	177.09134302829744	177.09134302679047	192.53801154466993	210.73956062384704	210.73956062347594	162.59502888375	216.71659284287884	226.65116768356827	243.20672910015608	230.09765625	252.4638127104243	254.082
57.539721176677716	237.7532713357456	253.76299065754313	186.0892707540482	186.08927066430186	186.08927064011823	186.08927062205782	116.19920478299423	116.19920507216952	116.19920519935428	93.49999991585	34.716709197834376	34.71671012410786	34.71671036407872	34.716710645551075	108.19744177636218	108.19744177636218	90.65612427242968	132.41125661305324	177.09134299186354	177.0913430144294	192.00918484879315	196.3329159799122	196.33291616371494	112.74555838188226	216.71659282823265	240.312	251.98724007561438	247.218017578125	253.86916315114865
29.599443493425696	0.9103955944555082	39.2307692307692	84.79520741876121	201.8661993465279	186.0892706280264	177.83318141338802	177.83318158099723	186.08927055606267	186.08927069116817	93.49999991585	31.23570031072316	189.6847468619199	189.6847468525305	84.86470423100994	84.86470454926598	84.86470423100971	84.86470423100994	84.86470510855048	159.7170120893207	112.74963824805135	112.74963824623936	112.74963830156366	112.74963828578984	112.74963836470445	224.1939393939394	230.09765625	243.34606606606607	243.11827956989248	253.86026411763726
163.12561353905073	194.2674012294443	222.0369719422112	155.65596279056598	141.94355105075965	141.94355094957692	201.86619904478775	201.8661990415468	201.86619904478775	201.86619904478775	201.86619906885218	115.90909102500001	148.75	66.28872556754257	205.6094190559732	205.6094190960842	139.06674500399785	84.8647026597994	84.86470412905035	84.86470374721924	112.74963825424214	112.74963818700684	112.74963824598774	112.74963831022353	112.74963824186054	199.1095890410959	222.30769230769232	5.077890810664826	199.92	241.85108326309248
166.369992083963	27.73548727941244	142.25036186516417	142.25036186516417	141.94355099001376	141.94355094268892	141.94355094268892	141.94355092744217	201.8661990415468	201.86619900696724	132.59999999999997	140.9605332114484	80.80183696608975	176.925053808967	176.92505409423262	66.28872563611944	28.59418458289693	74.2609182341491	144.53241243581266	167.46268656716418	146.94915251160586	112.74963811827098	112.74963824623936	112.74963821819978	112.7496381348358	175.3125	63.57723577235774	235.2848562005392	138.00936715021936	0.0
58.66147145950404	203.68556874069378	142.25036175813946	142.25036178180022	142.250361881729	142.25036188172902	141.94355092744217	141.94355084803928	97.78041814478013	113.14138915514471	106.35795776380522	140.9605331234972	116.54240968119461	78.07494590576738	78.07494619103295	34.71241937205943	118.71292485681576	67.25013701346566	167.46268653563712	169.7727270484246	169.77272728977272	113.05644915196075	113.0564490725578	112.74963811827101	112.74963811827101	200.16129033629034	227.2826086956522	149.6419020955072	241.85108326309248	0.0
58.66147145950404	203.68556874050307	142.25036163529558	142.25036175401226	142.25036175376061	142.25036175376067	142.25036181299316	119.89973264681026	104.34263795847093	101.0455395195452	98.55846473207865	155.2248756297056	105.93164169003978	53.68403134416431	53.684031309515575	34.71241948175131	53.684031352258984	53.68403129812194	53.684031258231016	49.390580903915776	113.0564490725578	113.0564490461511	113.05644905731108	113.05644900998627	113.05644894924035	193.8	227.2826086956522	63.57723577235777	237.2394010006285	247.79640733719214
203.68556895391401	203.6855687211468	203.6855687532368	142.25036168977647	142.25036169843634	142.25036175194867	142.25036174575786	96.52891816795895	87.36937952332045	87.36937952098324	91.2198132533085	95.52424903477004	53.68403121299468	104.18516616640076	104.18516616827608	143.05248091967223	143.05248090299872	49.39058094402682	138.74658353625034	73.91195535263734	153.0	154.64948828553864	113.05644905042308	158.18906779906837	181.33333333333331	175.3125	170.2047925812388	20.907863163504715	164.2121492497642	98.26847607708874
18.110407485961844	203.68556872776935	203.68556877978776	61.54574477615864	142.2503617142102	76.55234734205035	92.3785978319055	96.52891814820904	87.36937949415025	77.26432122034694	81.95209442485177	87.36937951180064	87.36937952568587	87.36937955249061	119.89973271337684	128.22533280299834	128.2253328164258	71.00330590956293	138.74658343882376	73.91195528226615	154.64948845155368	138.8007948006457	138.80079492783048	138.8007948006457	138.80079521700577	170.0	26.08351197377587	9.582128616873518	76.77442694834352	116.60688921279043
18.11040761096976	18.110407652639083	203.68556870256197	76.55234724888328	76.55234734205035	76.55234733285175	76.55234750078873	90.95892595972126	85.89281369705924	87.09635447245753	81.95209442485177	90.17154161668532	87.36937951180064	87.36937952105745	96.24801197278407	96.24801197205025	96.24801196727552	71.00330586744431	96.24801204382555	85.47184467406197	138.8007948006457	138.8007947624937	138.80079474341773	138.80079483143874	138.80079463865525	170.0	26.083511995047928	116.73350154175091	132.28979561587315	12.773044689726078
18.110407472613787	18.11040765795508	18.110407716739473	76.86834869678364	76.55234727768894	76.55234730340709	76.55234741180936	92.37859783278788	82.55868243991	90.95892595972126	90.95892596721924	90.9589259076547	90.95892593879094	90.95892593879094	90.95892596992724	90.17154161668532	96.24801194358969	96.24801196726551	96.24801196726551	85.4718447016125	138.80079480064572	138.80079476249372	138.80079474341773	138.80079483143874	138.80079521700577	26.08351204227617	26.083512024797272	137.07357861981626	149.27984492466925	172.4834218799329
184.25962860203032	18.11040761096976	18.110407677549915	71.5747892722355	76.86834869678364	76.86834881751298	43.23822303474424	78.20549775856745	77.64339570284793	78.21236538311024	90.95892600445666	90.95892600445666	90.95892594017462	90.95892600445666	90.95892596721924	90.95892593539782	87.09635447245753	90.95892602130846	96.24801195625827	89.00913845829925	138.80079463865525	138.80079463865525	136.74658163910016	112.45066640047392	149.17248015224837	136.32316357986866	102.0	0.0	2.3414947008714364	254.54517979836575
253.76299065754313	166.88213328978782	18.11040765795508	71.57478925422808	71.57478920381871	76.86834867378178	76.86834866228082	69.07098055585203	76.76535456611978	18.89075527983036	18.890755020942606	18.890755189047837	90.95892591964554	90.95892593267666	90.95892598971315	90.95892595972126	90.95892597471723	90.95892602130846	90.95892596992721	108.09544210995892	108.09544217349196	124.04401742208569	108.09544204838599	130.07602315035172	127.50000000000003	45.51205349348794	101.99999999999997	0.0	32.91458620457283	135.17638416095025
109.68656380318882	56.57143124999999	40.771932405246844	18.110407735977645	71.574789178614	71.5747891561636	76.86834864864738	76.86834867179687	76.868348633663	66.67001877000001	18.890754889775536	18.890754806404516	30.49109882887697	88.55026939139063	90.95892590765467	90.95892598971315	90.95892593879094	90.95892596992721	108.0954420523968	108.09544204838599	108.0954420483859	108.09544211347645	113.14286235587994	113.14286233000001	113.1428623005074	76.61794247912562	45.51205349348794	22.622583376130848	227.13336748208894	47.94182397139011
20.20113026226909	56.57143117793993	56.57143116500001	56.5714311225	40.7719322373344	71.5747892340766	71.5747892210837	94.78819140123417	94.788191420018	40.90335928918384	40.90335928079915	40.90335930522272	18.890754935598295	30.49109889223834	58.28021988319142	58.280219938140675	88.55026939801411	108.09544204838599	108.09544205239683	108.09544204838599	108.09544193727262	94.23069743062734	113.142862245	113.14286231896489	76.61794251449277	76.61794247542832	85.74827458338453	85.24990304112117	103.83255151936817	213.0031285794691
203.32362020274562	184.25962860203032	56.571431122567446	56.57143117793993	56.57143124999999	56.02826765475015	43.11848132159855	43.118481329643686	71.57478892401983	14.430459000819724	14.430459126037022	14.430459039572497	40.90335914420572	40.903359378493434	68.90427256187024	77.4570110844725	108.0954421099589	108.09544204838599	108.09544202361573	94.23069743261419	94.23069761933758	113.142862245	113.14286218352706	76.61794250614781	147.80618759730925	147.80618758968274	16.58696474180286	59.080728483215296	235.08818752526287	5.399841906541496
124.7490906925994	109.68656380318882	174.83795236608188	56.57143120250862	57.10032561375709	52.08384176433094	53.288289450198164	55.53426646934514	57.47784929317484	29.90211124330608	29.902111324419877	14.430458953107973	14.430458945084922	14.430458867857737	40.90335910177765	94.23069730262213	94.23069737532359	94.2306974566616	94.23069743261416	94.23069743261419	113.14286249999998	76.61794251449277	76.61794247912562	147.80618759730925	147.80618758968274	255.0	0.0	126.30283731647376	246.1770302633654	141.526884606873
199.74500103842993	2.4327238942572365	0.061700092489274994	246.0779339179998	143.7916034413019	19.001257305235015	19.001257305235043	19.001257304311878	19.001257302465604	29.902111096715828	29.90211124330608	29.902111445363005	29.902111418075492	29.902111431180856	29.902111505460226	53.698762019985224	53.69876203009309	53.69876202294418	76.61794273690069	76.61794252150759	76.6179425321763	76.61794250614781	76.61794247542832	76.61794254129936	23.03024490733773	0.0	88.24327491163638	6.602773631655566	1.8732124602380225	254.9946472884028
7.604874518215524	8.361180189870879	20.548416842969345	21.50232235869504	17.22864807885489	0.620774843871061	19.001257313543277	19.00125731168808	19.00125731168808	19.001257281811576	19.001257341564553	19.001257361482146	80.49344861407988	53.69876202294418	53.69876203514707	53.69876202733397	86.46277747541578	86.46277742060366	86.46277740185062	86.4627773924741	86.46277730418012	80.93542037358463	80.93542042473905	80.93542058494401	114.8177353377092	0.0	0.0	80.87848006386008	0.08933731011072155	12.704527671893743
10.019875275914899	11.472526139483136	12.425544097846767	18.71208565770246	26.396355158777965	20.548416842969345	30.37053590908988	34.24016530082338	129.19444777909052	19.001257257884845	19.00125731168808	19.001257304311878	19.001257302465604	53.69876187598672	53.698761960406415	86.46277740152789	86.46277741175973	86.46277737589989	81.92538584509734	80.93542043983635	80.9354204134296	80.93542030653987	13.10051519620339	69.25617754596345	0.0	0.0	0.0	112.28588834783989	248.94271405574344	0.0
1.1029310573934197	9.767619219439695	10.041915291913483	12.425544097846767	7.288462425917714	19.39190893028652	24.370596505537435	32.57536585338528	34.24016530082338	32.57536585338528	40.76568839783258	14.214236831995947	19.001257279406104	19.001257302465604	8.19095797599445	104.56894281533638	104.56894289270807	80.93542034463655	80.93542040022623	17.117851256411456	15.966783153125675	7.255434908915618	14.894230641067395	31.828404549635138	82.91372115739233	0.0	0.0	63.96336827783435	204.19181311937925	0.0
