254.87264814910145	254.6662860837037	253.62946441588508	253.3740962671611	249.3800009209638	246.56811646634617	238.86787603393333	208.02631578947367	214.2	253.86666666666667	154.66995773266336	232.23214285714286	219.0730572657202	250.46666666666667	71.06445753381263	235.571428569	233.142857138	210.49677324054792	233.142857138	192.34285714285716	241.7532467631818	82.2555253282095	230.22688276949106	230.22688276949106	244.0933996041665	247.27849905106655	251.9165343267047	247.61141526796487	250.96888522923987	250.08687569297916
254.99042011989985	251.217043030686	253.62154794485238	245.77519378	247.09302323626375	238.867878378551	241.7532467631818	240.79490246403898	230.0943616682448	148.49200260339768	204.33070903080971	199.92	250.73650720517173	237.613636373515	234.71590895754778	64.57309544338821	215.28688524590166	240.31650252630453	204.99142367066895	179.61874945946803	230.63061820127263	227.418282773096	241.69276334041638	237.82159103938858	234.8473578168665	240.81299923332574	248.8336564062264	239.60424489795918	247.61141526985074	253.32685544337494
229.68837549721593	253.51972789113333	250.06366116514252	238.68	229.62439512960856	240.79490255107422	216.0408215033963	216.04082118548337	230.0325565235221	175.3125	180.53636069143386	190.05100358273197	118.20741855123609	193.37019958277142	113.29636026627443	50.10581467022806	182.09894300647596	175.0839819746006	177.08967248233608	218.91701256579609	219.82210350519026	184.3036750483559	232.60135136706765	223.125	231.5977444815669	239.23521766137677	230.94537722240284	245.14679678262752	244.98027613622781	248.1531070868572
255.0	253.1265306128	232.0556224250264	243.25481334488734	254.9979754023141	216.82952182952184	216.20639525	230.032556497294	228.42899203047085	130.05	200.3950103950104	203.02547770700636	191.25	204.1677286742035	203.02547770700636	206.4992208739219	231.33530607507376	46.13871307940994	239.94403151917007	214.31563716460428	215.07792300709795	215.67795812587596	178.93780319987644	207.26122448762754	223.125	223.1113011952541	229.55297189349827	230.945377227694	246.0627816195075	252.48187321447773
254.91759984187618	156.0310966669396	119.13151244623205	195.8709408072024	189.36151083600154	185.76923076923077	208.87122466388192	166.15384615384613	213.892706299952	197.51460874526268	229.62995581432835	176.53846153846155	191.25	148.24655155519116	163.2	182.14285714285717	168.76303735680287	175.5846325167038	175.58463251670378	200.45824371299238	177.08967243628055	177.08967245391085	220.6730769130917	228.84615383195268	210.375	235.10884353741497	224.3836900642925	230.9453772192669	232.13539518999704	247.190625
22.93902753063523	64.66736607146902	50.29327241101112	11.878695875836343	28.73431720348492	60.749579335212275	101.47470229499999	213.89270618814447	203.71114085029268	171.46144194395617	144.85670057259193	127.49999999999997	170.61818181818182	153.0	238.0	221.0	87.76769039196748	168.76303734071263	168.76303734071263	195.75468966066313	169.29839172849103	217.94414724086153	153.92345679012345	223.98648648648648	215.33333332200002	215.33333332200002	210.24489795918367	254.88393263541192	214.93542122643908	252.06443666197725
221.5214766172622	241.943157725916	163.97898200875022	199.0402210403547	101.47470222504387	101.47470222504387	205.7394782456896	203.71114082274846	168.55932234816146	181.26321410625002	157.13203535753348	62.29806180205293	70.50569554711768	70.50569554711771	33.154725304404565	172.28970227986895	197.86557372739122	195.6407018233363	195.64070185784672	187.22222453476286	198.03680283888315	168.76303735680287	139.3234028075677	139.3234028071997	219.91610730286644	198.99615921509783	223.67142857070002	253.49112426035504	243.4948675101456	252.06443666206283
125.91674699850319	235.18386627077723	235.4255556037496	101.4747021675	101.47470221	101.4747022250439	101.47470226911383	192.26595858599256	167.1060460444598	168.55932197675955	100.05556928287305	181.52446357097605	28.152866242038243	70.50569554711768	142.9838058848719	180.3436444172616	184.61331292024616	177.57077066147787	128.5975813744999	198.03680276625764	120.35847346227939	235.3846153846154	190.32765497936504	195.48863286616103	216.10169490206837	216.10169491525423	207.7777777770167	197.0715847315416	243.49486750904703	248.8296296256
228.01975910574924	141.80186548151391	78.67738823154761	117.69230769230771	117.69230769230768	153.84264916860275	192.26595858599256	192.26595848550267	192.2659584223755	101.47470254999996	178.3844370474743	181.52446356366147	54.509338466455546	28.152866242038215	189.85494226975405	28.152866242038158	118.87823870916012	172.7417919525411	154.42664362926922	148.32584655810757	144.66692358752323	115.00720461095102	136.3953488372093	190.32765500598381	160.0617638541412	208.515625	210.375	201.38329979879276	164.37391493055554	243.6023888221154
254.22331618658734	3.213112603063337	5.695865604149844	137.30769230769232	188.8845081010286	117.17854150809637	192.26595858599256	192.26595851706628	192.26595848550267	192.26595842237552	178.3844370903393	54.50933846947842	54.5093391216848	54.50933913345716	189.85494225077224	172.60125162230045	172.60125162230045	170.01757953560974	119.43218647932673	119.43218650015598	165.61999265408826	106.22505450276708	106.22505450365779	170.95170521999998	141.17558616990564	118.55356425606797	114.63059313215399	127.05729166666666	150.85495619482396	251.15106122424
188.94972800788867	200.4613749355235	31.382279135819488	117.17854127917988	117.17854122918652	117.1785412470974	117.17854124411568	192.26595858599256	192.2659582968173	192.2659584223755	155.8333334735833	54.509339418019835	54.5093391216848	54.50933934009427	54.50933941801958	147.89443590189595	147.89443590189595	25.81260147216159	94.45555592839315	119.43218643264316	119.43218644739056	116.57521017910227	115.41200739536811	115.41200737427468	188.93664187186982	141.1755861896901	122.80799999999999	107.37476370510396	156.14000108506946	247.17594391850955
224.0102766769382	3.205684784564994	137.30769230769232	166.48388495841812	73.33433497254356	117.17854125605282	134.62622147834418	134.62622168614615	117.17854122658358	117.17854138233633	155.8333334735833	49.00369194999146	160.44430822970247	160.444308205201	23.58707029284588	23.587070532162528	23.58707077625155	23.5870702928446	23.587069789495047	159.6419838582115	156.93426914521257	156.93426915334737	156.93426914521257	156.9342691589321	156.93426928604595	67.07272727272729	119.42057291666666	92.89861861861863	92.81165994623655	245.14679678262752
254.72775063538677	89.85526494981661	90.53745299102215	71.99616450855797	133.22925760990773	133.22925753191544	73.33433436906324	73.33433458545571	73.33433457022335	73.3343346708034	73.33433454776932	102.0	127.5	114.84822019818083	135.99555652441933	135.99555653558397	141.3389650553164	23.58706864269601	23.58707059042061	23.58707035991722	156.93426918637118	156.93426908699814	156.934269131493	156.93426921021484	156.93426910405395	88.40846824408467	66.50841346153845	49.06456607303531	167.53500000000003	213.9987611549603
182.86098254871388	108.33134455917761	98.06573089594607	98.06573089594607	133.22925757546915	133.22925758998701	133.22925758998701	133.22925756851774	73.33433458545571	73.3343345728936	122.40000000000003	161.8871652522563	189.1592832044682	140.43602707304854	140.43602725289583	114.84822022073362	44.94323940890786	20.256386957164978	158.25766962624795	68.50746268656712	99.40677964783109	156.934268793179	156.9342691533474	156.93426912463326	156.93426910405393	74.375	155.4878048780488	3.2320336667614527	233.0330166856263	0.0
31.40423824537885	64.64853780580447	98.06573089594605	98.06573087536671	98.06573096038755	98.065731206821	133.22925756851774	133.22925761902277	83.89032042501145	93.93366886594421	106.27088257629228	93.72383928884992	116.40676743164906	114.5639727471042	114.56397292695146	134.95313137578574	118.02231969486664	18.16805387526628	68.50746268145468	88.38068162307917	88.38068181818181	121.77074238097723	121.77074243148229	156.93426903961245	156.93426928604595	65.80645161290326	60.97826086956522	73.75976017761536	213.9987611549603	0.0
31.40423824537885	64.64853775452465	98.06573071395408	98.06573086850696	98.06573084665257	98.06573084665263	98.06573091300183	52.40756131452338	95.06925363172851	100.14444564509375	99.9466292223523	115.52722889793822	94.76585502039936	13.66013359438631	13.660133233316685	134.95313145768517	13.660133206432903	13.66013320643296	13.660132899010392	119.00444346441603	121.77074243148229	121.77074243148229	121.77074241001301	121.77074242453088	121.7707423900923	71.4	60.97826086956522	155.4878048780488	126.79730458680291	7.9043926741263135
64.64853741862933	64.64853778186273	64.64853780176057	98.06573078978516	98.06573085478743	98.06573085478746	98.06573081362882	62.07091789035215	49.406840570881315	49.40684056879118	91.97573351335905	87.45453339598498	13.66013268037679	105.01444098639828	105.01444097445253	55.99101138943965	55.991011394609814	119.00444347558073	50.20320631415177	85.70914035530063	55.636363636363654	75.20423019900997	121.77074246808453	75.52255932391506	39.66666666666666	69.06249999999997	88.51611504158194	15.78518051553445	113.07063518209421	208.13459136658912
79.55480077005168	64.64853783384575	64.64853785368791	143.58262233531966	98.0657308410679	68.74857795978747	55.55047363096307	62.07091793811475	49.40684055669118	61.06211464643181	85.2687776917058	49.406840546968795	49.406840554820775	49.40684054987099	52.40756134204335	48.02158818915959	48.021588215251995	67.23083645732137	50.20320636451868	85.70914031998757	75.20423044777516	62.73404157762448	62.73404170318264	62.73404157762451	62.734041414007436	37.1875	255.0	110.80176726785152	59.2321820148247	116.60688921279043
79.55480067913831	79.55480064883383	64.64853777026994	68.74857795498306	68.74857795978747	68.74857799106414	68.74857806322626	49.62644293633801	86.55821851158373	94.71404886627016	85.2687776917058	86.73433490062484	49.4068406280208	49.40684055220342	63.72002549385891	63.72002550701674	63.72002549021201	67.23083648069661	63.72002557048546	76.61556290966072	62.73404157762448	62.73404151449731	62.73404148293375	62.734041414007436	62.734041414007436	37.1875	255.0	27.129251205016402	3.307067572775537	153.21763052366597
79.55480050350016	79.55480067359403	79.55480071713092	61.54312464535451	68.74857795978747	68.74857792508351	68.74857768692232	55.55047360161271	84.7790774596167	49.62644293633801	49.62644289838829	49.62644290042135	49.62644289100177	49.62644289100177	49.62644292998337	85.2687776917058	63.7200254499688	63.720025516525766	63.720025516525766	76.61556295252572	62.73404157762454	62.734041514497335	62.73404148293375	62.73404141400741	62.734041414007436	255.0	255.0	183.7064948635409	119.5853564193082	195.38568394181874
33.88220377222501	79.55480067913831	79.55480064592066	60.32020578963511	61.54312464535451	61.543124840907666	103.96998993899672	95.9888670136202	77.42619182594856	78.47669830040542	49.62644290042135	49.62644290042135	49.62644288554969	49.62644290042135	49.62644289838829	49.6264428627434	94.71404886627016	49.62644296610608	63.720025482918174	55.81096625281987	62.734041414007436	62.734041414007436	35.354023881044014	37.25229623106847	27.0890325898294	50.929562954275326	76.5	0.0	9.715359855871952	48.87321520973509
16.65437612199284	0.0	79.55480067359403	60.32020570667285	60.32020565800073	61.54312470324399	61.543124732188744	69.318726460411	76.42866585076564	30.44897674659265	30.448976337720723	30.44897632729814	49.62644289664729	49.62644286043857	49.626442868620245	49.62644289429747	49.62644290247914	49.62644296610608	49.62644288158239	34.154801047480476	34.15480121743113	40.23376993013758	34.15480109547988	38.625324945374985	23.1534104124178	124.70077014955638	76.49999999999997	0.0	160.46200173363232	160.36885391609667
64.58380336909639	39.49999979999998	100.99517637113755	79.55480058822485	60.32020569270654	60.320205677563365	61.54312466606723	61.543124691208334	61.54312470377886	57.477849405	30.44897636382575	30.4489762786327	92.23425692605815	47.00914592819245	49.626442900421324	49.626442868620245	49.62644289100186	49.62644292998337	34.15480116078092	34.15480118226708	34.15480118226708	34.15480116057029	16.702894962240606	16.702894909999998	16.70289490686804	22.71499815704317	124.70077014955638	5.329217799810635	77.43166618529662	10.241293257830222
43.773118886396276	39.499999803047444	39.49999980000001	39.49999980000001	100.99517616309035	60.320205621527464	60.320205678740166	9.984009829996921	9.984009843849293	10.20014938522263	10.200149570135153	10.200149603218165	30.448976368988554	92.23425699673533	36.81702704485514	36.81702711397665	47.00914593315659	34.1548010954798	34.15480116078092	34.154801160570315	34.15480108762944	26.99146547920799	16.70289499500001	16.70289492532558	22.71499820309748	22.714998188637082	112.45529623877391	83.30402209935087	26.033958948058086	4.333916782345852
51.21289042101279	33.88220377222501	39.49999980304747	39.499999803047444	39.49999979999998	55.91046762841211	86.23696264319713	86.23696265928734	60.32020572531772	23.35026201666375	23.350261993964352	23.350262080428877	10.200149442693743	10.200149702467343	69.79814576292861	78.89836725224328	34.154801047480476	34.1548010954798	34.1548010675549	26.991465595592302	26.991465746843232	16.70289499500001	16.702894748004326	22.71499818472529	18.202227165440178	18.20222711974705	19.845186134859404	243.3905748538942	74.34267391453332	0.8185578607704826
16.557287902642543	43.773118886396276	46.35001554723016	39.49999982020208	49.85491122027898	50.86577077588484	59.219571886480736	55.41427181268182	41.65169310899307	92.79423500097431	92.79423519694026	23.35026199396438	23.35026205756239	23.350262129225996	10.200149385222545	26.991465465600243	26.99146546336678	26.99146555785893	26.99146559559233	26.991465595592302	16.702894740000005	20.805559272672554	20.805559276797595	18.202227165440178	18.20222711974705	255.0	0.0	182.93180031911658	34.019149980354115	155.9482843256956
254.99025527970224	74.12618121548027	66.26945007002632	28.527464209185524	0.0	37.63272311213501	37.63272311213498	37.632723122695324	37.63272314381601	92.79423512000827	92.79423527945625	92.79423519694026	92.7942352456765	92.79423527387235	92.79423522878659	30.89480370706437	30.89480371287982	30.894803697724228	20.805559416096145	20.80555928086372	20.805559270610075	20.805559271676657	20.805559253302647	20.805559187431584	204.3177098185135	0.0	120.16266874021059	255.0	254.75410437640633	242.32035621233905
126.74009449369706	149.86987573222018	0.0	4.496901491118507	3.603123976254068	48.29974628515657	37.63272301709188	37.632723094285524	37.632723094285524	37.6327231313316	37.63272312180334	37.632723161669816	96.88849597535727	30.894803728993082	30.894803715787504	30.89480368982683	16.79294900166647	16.792949015802208	16.792948997049223	16.792948987672702	16.792948889186903	11.948220162124358	11.948220099896105	11.948219983986576	149.46075717923594	0.0	0.0	214.2056682732494	156.35672340123244	234.4736838672404
10.127119050281152	8.893510082006628	14.723446567321446	19.96821715426725	25.13966730365763	0.0	29.971798048584446	30.374465792951497	7.641790887951288	37.632723062003606	37.632723094285524	37.632723122695324	37.63272314381601	30.894803563065892	30.89480360391758	16.79294895583817	16.792949014462863	16.79294897270421	26.68239450208131	11.948220136761591	11.948220110354839	11.948219982033066	130.04808610065737	57.682052275129564	0.0	0.0	0.0	155.91803518731524	242.3703356182889	0.0
1.090142893592315	9.965572367173309	10.271896143910823	12.577490211104362	12.890096659914946	17.765628853234233	35.55882505688615	255.0	30.374465792951497	64.2375798748107	255.0	54.61283193544992	37.632723094285524	37.63272314381601	39.3350700344275	42.897096004083664	42.89709606672457	11.948220157850898	11.948220097151506	41.814096141057206	39.263720874208104	9.144756688428828	4.55776715375319	2.096643508253038	140.59270130226656	0.0	0.0	243.44219710792783	165.18318338842113	255.0
