254.76589933250008	254.65020575851852	254.99911519491658	253.83568983414938	250.12575455232653	248.31396896033655	250.67015965866585	255.0	252.45	199.46666666666667	166.50551645419986	255.0	219.0730572657202	255.0	16.334042513708425	178.5	238.0	251.33530325280526	238.0	250.08214285714286	243.4090909090909	251.09252518097034	241.1975342501966	241.1975342501966	242.48286922165835	251.78880637816846	251.0930907414017	254.99643064756052	254.98867931667348	253.35961459929308
251.58046832395428	254.99817085823616	225.6453131988801	245.55555553666667	249.08424906868132	250.67016098484297	243.4090909090909	197.91431041915516	233.45473138615458	160.16944669287943	103.2184183021248	199.92	199.5288299206041	234.71590895754778	255.0	14.71066091348473	254.18715846994536	234.187108820526	251.20926243567752	248.79259789074314	227.08515131708808	227.62460642301235	173.04667385464154	239.9947564645546	236.79213641470534	240.79123098159542	250.1240644140998	254.9051556122449	254.99643064756154	254.99919099830853
252.9633830231978	232.05	230.78212291534223	254.745	229.42295426159714	197.91431036069523	239.68882197069806	239.6888217907204	173.7193494119336	255.0	81.27808802445938	190.05100358273197	129.21074827970344	193.37019958277142	123.9824551743574	11.053721294115775	251.41990393052174	250.2990577632118	249.4317164855563	223.35534711816095	219.612622177176	250.56092843326886	252.70270272552045	229.5	231.52139473273846	239.67393180009512	254.8531790556799	254.93938283734948	254.99515524613753	254.99854884545348
255.0	253.86666666666667	229.62439512960856	34.99093717700606	42.182883650678576	200.3950103950104	221.354166578125	173.71934946534026	176.27989586711914	244.8	255.0	163.41075034954173	255.0	241.71798561151078	163.41075034954173	205.92522718482917	255.0	10.132409835994793	255.0	215.234360315359	215.17713399969878	243.98362471071164	250.8616839959764	251.25306122448978	229.5	253.4863544061311	254.8795610569672	254.8531790557259	254.94494294044148	251.49097542242703
191.98465888020255	1.0148527289869094	5.009470265862291	254.196262297727	10.787812100561155	166.15384615384613	214.94139890171982	255.0	144.40340914165228	224.64342419036177	225.6741037462297	238.84615384615384	255.0	148.24655155519116	163.2	250.44642857142858	181.28846924833988	195.74610244988864	195.74610244988864	200.5280018892073	249.43171648578033	249.4317164846966	251.92307691937	103.84615384145494	243.666666678	255.0	254.81139053254438	254.85317905567445	254.91937518966864	254.4962962968
2.321105094884615	20.572534746935474	81.71991789984114	16.07999256903824	27.29092822028926	27.509574621549035	255.0	144.40340906616865	128.56298114010877	209.41363475199532	188.82269644320664	255.0	222.54545454545453	229.5	136.0	255.0	96.80473482410156	181.2884691954601	181.2884691954601	189.91425006988027	240.82698665801544	209.10215291902688	245.93333333333334	103.37837837837836	204.0	204.0	250.31632653061226	215.18889394629042	254.67762962962962	243.8942964702876
73.48680440396228	208.65421200614222	109.54471768219435	190.01904804098882	255.0	255.0	128.36568265276924	128.562980722509	207.64554152230525	188.6208575625	255.0	69.60509222684988	78.42768381083877	78.4276838108388	7.1170354032094565	147.74225917122527	172.75709018790576	181.00138877080084	181.00138876766064	187.80949634754523	198.03680283888315	181.28846924833988	249.16091001878615	249.16091001819535	246.44295297878475	242.17877094989973	224.4	181.06508875739644	224.98925757937457	243.89429646986798
44.7017364527282	94.52562839700533	249.49041033620188	255.0	255.0	255.0	255.0	112.53236007281882	206.75573400603645	207.64554162664558	255.0	113.06837617992755	5.955414012738885	78.42768381083877	142.9838058848719	189.15928311094783	115.33074779970926	184.10536813278745	219.58738118567805	198.03680276625764	230.29614466057834	117.69230769230771	148.40069755438483	181.28846924833988	181.525423712551	181.52542372881356	195.21978022121039	248.89998490500977	224.98925758624867	244.8
163.12561353905073	44.960999582386876	111.40361909342283	255.0	255.0	198.59392196117327	112.53235949446827	112.5323599534155	112.53236000019228	255.0	183.86728524561687	113.0683761872049	61.18034967348072	5.955414012738856	172.8956127526947	5.955414012738771	231.15226073425032	171.09280749714804	140.96053312202145	201.24127974129115	224.08933215464248	248.38616714697406	218.72093023255815	148.4006975502955	233.82935938529369	201.875	204.0	194.96981891348088	252.69422743055554	240.6971153846154
30.278062680595127	3.7660359908594785	50.85995181367255	117.69230769230771	92.86079186803596	255.0	112.5323598800353	112.53235993002716	112.5323599534155	112.53235974901784	183.8672852536733	61.180349902204625	61.180349473535586	61.180349578946675	172.89561273674695	161.90669991763053	161.90669991763053	179.9844631178462	226.31144689746213	226.31144688767895	166.66540880784868	237.5524065067919	237.55240650985286	162.59502888375	218.902764331744	246.677371229654	250.01734304617585	243.93229166666666	254.3034995654518	251.328
1.0885646516970269	103.28275941345956	180.58643794340912	255.0	255.0	255.0	255.0	112.5323594944683	112.53235978364356	112.53235974901784	140.250000014025	61.180348406324015	61.180349473535586	61.18034968467791	61.18034985404074	159.24670599989702	159.24670599989702	5.420267989542452	206.91673887857263	226.31144687450768	226.31144686978763	194.71308206507769	199.12991150883553	199.1299114618593	225.53570512985013	218.9027642662696	244.8	253.91540642722117	252.69422743055554	254.94170497211732
0.03510685713499129	40.91777283107433	117.69230769230768	137.6535316768012	255.0	255.0	179.20376243226067	179.20376234423549	255.0	255.0	140.250000014025	54.99777333655041	167.68835617484345	167.68835616704285	4.9164368998374925	4.916436891705388	4.9164368998374925	4.9164368998374925	4.9164356522992705	159.73459425473538	111.18720626814343	111.18720628230815	111.18720626814346	111.18720632393794	111.18720640026996	242.73939393939395	243.93229166666666	251.7266066066066	251.49097542242703	254.93938283734948
163.12561353905073	255.0	255.0	204.3177098185135	141.94355105075965	141.94355094957692	255.0	255.0	255.0	255.0	255.0	102.0	233.75	134.59568343411308	224.829555817934	224.82955577702637	141.52756764966813	4.916435632061024	4.9164356442040855	4.916436188708104	111.18720622147762	111.18720622332722	111.18720628369869	111.18720634654397	111.18720631480923	232.1357409713574	240.6971153846154	5.077890810664826	252.96	221.49376277210195
85.98073794667101	90.53745299102215	143.8127936851908	143.8127936851908	141.94355099001376	141.94355094268892	141.94355094268892	141.94355092744217	255.0	255.0	183.6	255.0	80.80183696608975	128.89338919091148	128.8933895256128	134.595683494357	50.4749654148585	4.204365416430647	158.25766962624795	209.32835820895522	181.52542374419707	111.18720615383646	111.18720628230813	111.18720629147634	111.18720631480923	201.875	114.02439024390245	143.55505142609908	238.61514576914144	0.0
22.288712711422306	255.0	143.8127936851908	143.81279370852366	143.81279384616354	143.81279384616352	141.94355092744217	141.94355084803928	83.89032042501145	214.46176166652586	106.16010266845726	174.36191973458108	116.58383237278133	126.1066104743872	126.1066108090885	32.32426881807933	118.76600325645387	3.76208119296129	209.32835821236355	173.10770760050696	173.10770755397726	113.05644915196075	113.0564490725578	111.18720615383643	111.18720615383643	219.35483869596774	238.3695652173913	189.48253920149222	221.49376277210195	0.0
22.288712711422306	255.0	143.81279359973007	143.81279371630131	143.81279371769187	143.81279371769187	143.81279377667278	173.50727025966845	155.82039121390932	98.5239219038356	99.9583764845224	102.74142215087713	94.76585502039936	2.7813862290885822	2.7813859500283797	32.32426890088027	2.781385959388814	2.7813859593887855	2.7813856381087874	30.17044422297363	113.0564490725578	113.0564490461511	113.05644905731108	113.05644900998627	113.05644894924035	204.0	238.3695652173913	114.02439024390245	153.21763052366597	239.12032772587364
255.0	255.0	255.0	143.81279365345603	143.81279373185657	143.81279373185657	143.81279377852235	149.31133551140564	138.98509033133362	138.98509033828407	98.25527477887226	0.0	2.781385529129807	175.22233392742137	175.22233395266653	176.79844536048194	176.7984453277023	30.170444182066035	186.60681591200367	73.91195535263734	199.36363636363635	158.18364586653706	113.05644905042308	161.8022860007985	215.33333333333334	201.875	117.34646832319879	110.87106047961817	80.36658321200775	206.33355841201734
64.64853741862933	255.0	255.0	58.651320750695675	143.81279367606203	124.78392679576555	142.45190331519922	149.31133548906905	138.98509032332623	87.38765265989238	86.17444576780304	138.98509035758772	138.98509033915	138.985090339341	173.50727029492086	160.30603570237153	160.30603569919057	154.43956174140084	186.60681588761983	73.91195528226615	158.1836453563726	142.46764025098213	142.46764021635641	142.46764025098216	142.4676405055317	201.875	61.54312464535451	16.910193975364194	250.66273742410883	116.60688921279043
64.64853778186273	64.64853780580447	255.0	124.78392663860538	124.78392670995038	124.7839267626295	124.78392671428267	156.61143393435182	86.21783040834072	93.91133475155155	86.17444576780304	100.04719903843704	138.98509035758772	138.98509034529587	160.49897620317523	160.49897620544542	160.49897620858388	154.4395617919589	160.49897621940113	71.13271474632671	142.46763999980772	142.4676400465845	142.4676400699729	142.4676401199647	142.46763992718115	201.875	61.54312466606723	151.2236495121292	12.16685183594194	0.0
64.64853783384575	64.64853775452465	64.64853780176057	186.08927052513167	124.78392666704275	124.7839267327752	124.7839268656372	142.45190333719702	80.79534012075752	156.61143393435182	156.61143396828197	156.61143395748212	156.61143397615703	156.61143397615703	156.61143394643096	100.04719903843704	160.498976183373	160.49897619746662	160.49897621648162	71.13271475438313	142.46763999980772	142.4676400465845	142.4676400699729	142.4676401199647	142.46764050553173	61.54312470324399	61.543124691208334	225.8386979263996	176.25804608534116	164.5798519695149
41.412324077903634	64.64853778186273	64.64853777026994	60.32020578963511	186.0892707540482	186.08927069116817	40.612258251571006	78.099597518139	77.7064116669805	76.69053821023803	156.61143395748212	156.61143395748212	156.61143395206113	156.61143395748212	156.61143396828197	156.61143403218173	93.91133475155155	156.6114340007236	160.49897621940113	118.120429003309	142.46763992718115	142.46764021635644	159.66104615012318	138.60895656213796	190.23297040861996	140.9249199223679	204.0	0.0	1.017048473777038	2.225766530650361
180.58643794340912	234.11525312908103	64.64853775452465	60.32020570667285	60.32020565800073	186.08927062205782	186.08927055606267	69.27960168239457	76.13560530973447	34.49660099297276	34.49660087603357	34.496601038797024	156.61143394395074	156.61143396017155	156.6114339859913	156.6114339763924	156.61143396017158	156.6114340007236	156.61143399483194	158.97874799431216	158.9787477879994	174.2886395401884	158.97874783645693	140.96053317152422	162.59502893793962	86.42005333530392	204.0	0.0	148.22844167546367	24.414367301296124
11.534791858763072	178.23735127499998	76.0392920677476	64.64853785368791	60.32020569270654	60.320205677563365	186.08927066430186	186.08927064011823	186.0892706280264	57.477849405	34.4966007735444	34.49660076810656	72.00328280951456	159.8811265493328	156.61143395748212	156.6114339859913	156.611433976157	156.61143394643096	158.97874765693535	158.97874770627607	158.97874770627607	158.9787477062761	158.04613340298386	158.046133375	158.04613334761132	103.32634699406913	86.42005333530392	253.7323709355604	157.4766758239761	3.5735180485318665
55.57213740917237	178.23735116789447	178.23735110500002	178.23735102	76.03929204876917	60.320205621527464	60.320205678740166	107.04495264242891	107.04495267581461	2.0670638572086943	2.0670638989405745	2.067063898357617	34.496600806714866	72.00328279088498	132.75101542033565	132.75101544174393	159.88112657180963	158.97874770627607	158.97874765693535	158.97874764118566	158.97874758168672	144.85801906230057	158.04613341750002	158.04613336606883	103.32634702414089	103.32634699198945	8.19095797599445	65.87857782052967	8.502409452922933	253.31048705951804
208.90340030665715	41.412324077903634	178.23735111252194	178.23735113097945	178.23735101999995	56.46124920726314	73.71153075166015	73.7115308045399	60.32020572531772	26.492338594178904	26.492338696844428	26.49233878330898	2.0670637312584574	2.0670638966085164	69.4966949553176	75.88228097298128	158.97874739480721	158.9787475760952	158.9787476381232	144.85801879422536	144.85801889226695	158.04613329	158.04613325013224	103.32634701810946	181.8288396681171	181.82883971334007	141.78920337296245	0.0	128.17112061894278	245.97206023153834
58.054738205549796	11.534791858763072	154.38307951169986	178.23735113455692	26.38565030123661	60.55942225906597	54.031829007589124	55.51602889555505	140.9605331234972	60.34955062871512	60.34955060034511	26.49233875448749	26.49233878404803	26.49233870504466	2.0670636698025078	144.85801853424124	144.858018677966	144.85801874939966	144.85801875089464	144.8580187292293	158.04613329	103.32634702414089	103.32634699406913	181.8288396681171	181.82883971334007	255.0	0.0	15.780027751636652	144.2666386560393	96.73591229611046
30.54267694709273	39.8016887533785	0.006241722833124186	252.26690970108655	7.641790887951288	47.07374923970096	47.07374923970093	47.0737492498026	47.07374934433787	60.34955046771057	60.34955062871512	60.34955060034511	60.34955060674616	60.34955063219371	60.349550595761684	77.81722429158017	77.81722421022897	77.81722420891643	103.32634708428441	103.32634703116943	103.32634703917677	103.32634701810946	103.32634699198945	103.32634705786046	3.603123976254068	0.0	170.06393958292327	0.0	245.30984258790824	188.9404148190613
29.35705752737576	25.33294925846937	34.24016530082338	194.2674012294443	155.65596279056598	13.970001421288998	47.07374922311783	47.07374924892312	47.07374923278218	47.07374923874147	47.07374929138675	47.07374926589256	96.88849597535727	77.81722420891643	77.81722416955336	77.81722419443196	110.69823946405023	110.6982395984661	110.69823957971309	110.69823957033657	110.69823957652082	113.0564491011919	113.05644905731108	113.05644905042308	14.214236831995947	0.0	0.0	1.1066676568525793	181.86234501792688	255.0
10.012044006870383	10.991460941164775	12.425544097846767	10.062662140590362	26.35842189381171	34.24016530082338	29.79660300598914	35.642129522906544	181.2440328297536	47.07374927582478	47.07374923278218	47.07374927457988	47.07374927000595	77.8172241475817	77.81722420891643	110.69823957404341	110.69823954840317	110.69823955777576	85.46954197221558	113.05644907255783	113.0564490461511	113.05644894924035	0.0	140.59270130226656	0.0	0.0	0.0	33.90646165849739	6.953321141241048	0.0
1.084937234924979	9.438391824293461	10.028039571798985	12.425544097846767	12.890096659914946	17.450488300933273	35.55882505688615	34.24016530082338	35.642129522906544	34.24016530082338	64.2375798748107	3.5893330247928077	47.07374923278215	47.07374927000595	0.0	61.15207485256653	61.1520748271235	113.05644896954945	113.05644903294774	16.5598723514982	15.444014106065197	7.255434908915618	17.582038709789543	34.21428038332499	107.61725697287685	0.0	0.0	8.665036076508216	25.61276410721061	255.0
