254.8480363627362	246.57024792888888	254.94438353958068	223.1392809139785	235.54966158305328	191.5564903846154	194.17605498499918	235.6140350877193	232.05	244.8	173.73578512951303	242.85714285714286	234.4260299209701	244.8	228.96561520136984	232.333333339	243.666666661	239.83748298935734	243.666666661	236.96785714285716	247.27272728045455	103.05087929847045	191.95769902453856	191.95769902453856	249.2612575419982	223.65427878754858	253.87939533760456	254.69567972524038	254.9248575703506	254.9671416291619
254.4790207525445	254.90983008564706	243.66153793726565	208.63636364666667	231.39360641483518	194.17605247185776	247.27272728045455	127.77865261343733	169.91837982942536	167.34231694425878	160.5855499974795	223.125	250.73650720517173	226.02272714430526	243.4090907707903	219.33250890756767	170.46448087431693	237.7228298535074	240.71183533447686	230.12196379848555	241.73463381027744	227.48931311167158	206.53870023893745	223.64782027546892	234.67598186597561	240.97671331817688	238.60343883642386	253.7248698979592	254.6956797253693	254.8654023435898
254.9916232783038	252.98518518493333	219.12646013873191	248.115	205.50063994642045	127.77865269280936	158.1069943987786	158.1069936014498	103.05385133666482	212.5	230.9360137345995	217.21847516821984	136.17426745193768	213.1919436960543	130.76372447799565	200.06993725403424	240.41759203643326	235.25604260548954	228.48219080684876	193.5670265556105	219.39774478071098	238.72340425531914	245.52364866523808	229.5	231.82789218526702	240.26576165182595	252.13231601905682	254.18399973355093	254.53940232926863	254.94320768128006
255.0	254.4962962968	231.79632520868742	153.96532198361004	159.98501059430595	124.73566973566975	132.8125	103.05385134291822	111.71993364778203	48.44999999999999	239.24710424710423	63.346883468834676	212.5	204.1677286742035	63.346883468834676	146.26763464914941	216.8199092092828	190.1681656233199	230.70903528557494	214.18389538947187	215.2668560511205	224.97285451248894	239.94042112950453	234.39183673469387	229.5	250.81299376131466	253.33794258614736	252.13231601929309	253.33452394835484	254.88575268817203
255.0	179.27797335727635	160.56432800486982	186.6879383869358	241.82546509129185	93.46153846153848	115.188649190922	218.07692307692307	77.75568169170265	146.65560410217938	132.56183423712747	176.53846153846155	212.5	180.02651824055465	191.25	133.57142857142856	181.28846924833988	128.25723830734967	128.25723830734967	200.6758620976106	228.48219079986634	228.4821908000716	242.30769229672816	190.38461537600068	216.75	243.55102040816325	250.72092270710058	252.13231601828844	254.06375587368234	249.2625
9.04009785575306	254.957540255486	246.2950819705328	247.15780760419187	159.91430068637712	51.22674355409259	133.33408022999998	77.75568178435307	65.64284533455768	110.21527086150093	0.19253634876668002	170.0	170.61818181818182	178.5	204.0	204.0	102.63863261226254	181.2884691954601	181.2884691954601	216.8645726753545	227.92554311798352	182.25363355128246	205.13333333333333	189.52702702702703	178.5	178.5	220.6530612244898	229.92944924897589	245.2482962962963	254.36131629946922
32.77476952091942	31.36700436045564	29.947538571355977	141.78920337296245	133.33408004696048	133.33408012079056	62.963845758567544	65.64284525964968	106.56049062621452	93.35971355625006	183.35567747190316	74.43219377773067	83.62098722816702	83.62098722816708	157.76050505277846	56.90677977730746	127.52394856168182	191.46667571087212	191.46667573486323	188.13730542177504	186.60295848380616	181.28846924833988	242.57495969113796	242.5749596911708	247.29865771941297	246.63058658517275	248.7666666678	200.68047337278108	251.50314315297206	254.3613162998298
254.957540255486	114.05694064180963	135.67732711907473	133.334079975	133.33408006000002	133.33408006541805	133.33408006795173	54.309718811825235	104.75184006227218	106.56049095328459	141.5728043534688	94.6690649134377	145.27600849256902	83.62098722816708	165.551917321458	201.24127976949995	178.97368878590578	145.67488566552407	187.18999757080542	186.60295843191352	200.37348018875574	137.30769230769232	225.0313045747222	138.16998792674127	239.1525423703907	239.15254237576272	238.03113553630425	253.34742111089875	251.50314315312517	232.05
11.564564116281815	13.633430997032235	254.30762707849019	176.53846153846155	176.53846153846155	88.44060054104906	54.30971823347471	54.30971869674312	54.309718846361164	133.33408022999998	124.77145203955553	94.66906484101352	65.62125406357376	145.27600849256902	182.2505803738584	145.27600849256905	194.28341107141082	171.16250868229577	115.33074784962139	156.23892462505398	182.50805814971505	232.95389048991353	210.3488372093023	225.03130448977518	246.13616776358347	244.375	178.5	237.7263581471831	254.71177842881946	253.77403846153845
70.10450356512555	250.5979343159866	80.36247085274437	58.84615384615387	37.6516684754053	145.77907817165195	54.309718619041774	54.30971874752137	54.30971869674315	54.309718595186666	124.77145208310316	65.62125294235969	65.62125301574284	65.6212533282526	182.2505803553455	201.37939840850197	201.37939840850197	169.5014834196274	180.6541836687417	180.65418368489182	215.1314660345107	224.21012912963275	224.21012912937456	228.59388542250002	243.37361870991057	243.84268309010577	253.55532431347555	252.23307291666666	254.89126096954618	254.84762962968
120.76904078167092	80.34630251501014	81.31186602888627	145.77907817165195	145.77907808376273	145.77907803167864	145.77907805172396	54.30971823347468	54.309718522649945	54.30971859518664	140.250000014025	65.6212532351143	65.62125343242883	65.62125349983828	65.62125359704356	110.94505405068932	110.94505405068932	138.89662028430672	142.2347571207095	180.65418363977128	180.6541836692245	230.5037071487861	234.15244799109158	234.15244787234045	244.89919708774354	243.3736185692521	254.592	254.87948960302458	254.501953125	254.07620209362923
8.2357817927454	200.69162061428594	58.84615384615384	125.04347877257794	111.03336653105953	145.77907805534517	77.71165275925867	77.71165276665732	145.7790779917599	145.7790781263448	140.250000014025	58.99151462139744	189.6847468619199	189.6847468525305	132.46764703483763	132.46764804398293	132.46764800164942	132.46764848505615	132.467648589284	100.5839535731335	203.95734934493026	203.95734941709802	203.9573493984426	203.95734940558359	203.95734931851092	242.73939393939395	251.015625	251.7266066066066	252.3009072580645	254.18399973355093
4.36881048162607	138.4777707241397	147.6310923283741	110.95474892207613	54.911261124809386	54.911261242048965	111.0333662293194	111.03336626875262	111.03336632989942	111.03336638018945	111.03336647378092	127.5	84.99999999999997	76.66709447289668	176.93429828210856	176.93429823951303	143.0065964490492	132.46764804398293	132.4676471115198	132.4676474115179	203.95734941986544	203.95734934317485	203.95734939130168	203.95734934317485	203.9573493770198	226.546699875467	243.046875	180.55867481901163	69.10499999999999	221.49376277210195
200.7170543841243	42.40528844360006	51.04265062298023	51.04265062298023	54.91126113120325	54.91126115505844	54.91126115505844	54.911261147360364	111.03336626875262	111.0333663370954	122.40000000000003	140.9605332114484	140.9605332114484	174.57052625121023	174.5705265768164	76.66709457532275	54.16567433909367	118.41709313454632	132.9952892150031	186.49253731343282	207.45762713622523	203.95734907207745	203.95734933495353	203.9573493877312	203.95734937701977	228.4375	38.008130081300834	244.0133669038902	254.196262297727	0.0
2.543680077157944	115.96296906511068	51.042650622980204	51.0426506122688	51.04265068148911	51.04265092792252	54.91126118697045	54.91126120276883	109.71452417934529	59.264070933906396	106.21244056025168	115.33074784287777	110.77911719423017	80.4294734231836	80.42947374878977	83.6387000969325	118.65932280312634	108.39917630777964	186.49253731854532	220.02742953691626	220.02742951704548	200.08873879723117	200.08873885263966	203.9573493185109	203.95734956494434	235.80645159919354	249.45652173913044	171.52735252989567	202.47415330664612	0.0
2.543680077157944	115.96296901402161	51.04265068148911	51.042650608698324	51.042650665046466	51.04265058290201	51.042650656825145	114.41333550741612	95.06925363172851	100.01646964440346	99.56910383514989	107.92092897267884	115.08791618135834	91.23579346385006	91.23579337670364	83.63870014764348	91.23579319093537	91.23579329920977	91.23579298232997	78.06570176048697	200.08873881302955	200.08873883943627	200.08873884494156	200.08873886879675	200.08873887519061	244.8	249.45652173913044	38.008130081300834	221.29466968959895	254.06885694097588
115.96296904753169	115.96296906071595	115.96296904852375	51.04265065682512	51.0426506015574	51.04265065506971	51.04265058013456	100.1310760907175	93.2497568936272	93.24975689620976	91.06763672628196	100.45565480137475	91.23579317027495	127.7535936135183	127.75359364432015	120.09108526452945	120.09108529082778	78.06570171789147	159.35817058337005	135.31673351983022	190.0909090909091	210.97644518452051	200.08873875795103	214.22973432440062	215.33333333333334	223.125	129.9565212274221	0.17762853574680548	254.99948361762296	250.8132853336855
28.24036914114933	115.9629691060764	115.96296907390018	22.072050755897095	51.042650594416415	68.74857795978747	98.08325497198703	100.13107604985316	93.24975688246312	89.69563325013453	88.50219187467002	93.2497568751204	93.24975688994016	93.24975690479127	114.41333552737893	111.63669541263485	111.6366954252045	77.457794890824	159.3581704567783	135.31673348458145	210.97644500190657	200.69028140481333	200.69028147735003	200.69028140481333	200.69028176652532	207.1875	76.86834869678364	111.43104191823042	0.7100192013209892	116.60688921279043
28.24036940028509	28.240369389527643	115.96296906770797	68.74857795498306	68.74857795978747	68.74857799106414	68.74857806322626	94.32396536411372	85.82854701678005	93.91133475155155	88.50219187467002	81.95209442485177	93.24975695617238	93.24975688500024	95.66738985190477	95.66738985232251	95.66738984642942	77.45779486206635	95.66739001061325	130.2285479168969	200.69028140481333	200.69028130325685	200.69028125247866	200.69028138095823	200.69028118817477	207.1875	76.86834864864738	130.1658450869019	172.21917354517336	74.55015093557105
28.24036923126951	28.24036935081861	28.24036947036771	36.55815588547094	68.74857795978747	68.74857792508351	68.74857768692232	98.08325494919288	81.28148830433287	94.32396536411372	94.3239653508688	94.32396537133513	94.3239653534317	94.3239653534317	94.32396538392928	77.04570721689487	95.66738983648088	95.6673898602433	95.6673898602433	130.22854796044442	200.6902811536389	200.69028130325688	200.69028125247866	200.69028118817477	200.6902817665253	76.86834867378178	76.86834867179687	43.74381309374323	1.5970848549698644	0.23934196692798082
41.412324077903634	28.24036940028509	28.24036939066832	81.84941906399308	36.5581561143874	36.55815625268963	14.409014151269531	78.35038717648325	91.38588785168412	78.34459163502581	94.32396537133513	94.32396537133513	94.32396534539924	94.32396537133513	94.3239653508688	94.32396529972144	96.12488546591402	94.32396540384846	95.66738983547862	144.8941186959006	200.69028118817477	200.69028118817477	185.04033421883983	164.84388540055681	190.23297040861996	212.69013690586812	25.5	0.0	140.7928458752349	254.97270912274342
58.620452993504955	25.912848012639188	28.24036935081861	81.84941901606803	81.8494189640727	36.558156103447885	36.55815609797804	69.54139124614471	76.06833017412478	37.237531338669015	37.23753101589969	37.23753117772489	94.32396531113403	94.32396533762389	94.32396531113403	94.32396536411372	94.32396533762392	94.32396540384846	94.3239653355283	128.8026184161019	128.80261819205316	163.41259226914252	128.8026182863548	204.0	169.2429976899151	26.525178363595074	25.5	0.0	193.7608408570992	160.36885391609667
20.20113026226909	11.668160204999992	66.60605142286985	28.240369368012608	81.84941893807502	81.84941894426936	36.55815606810825	36.55815606335727	36.55815606098176	74.68777084500002	37.23753112096901	37.23753111509902	21.571621090949577	90.64883352657372	94.3239653713351	94.32396531113406	94.32396535343173	94.3239653355283	128.80261806690112	128.80261811278032	128.8026181127803	128.80261815617393	158.04613340298386	158.046133375	158.04613334761132	148.98466615174988	26.525178363595074	209.59841436715135	45.10491622570498	224.80061082665011
102.33335621475788	11.668160130836014	11.668160120000039	11.668160077500005	66.60605134787488	81.84941888440747	81.84941886008198	13.27224854438856	13.272248602629446	71.19388389505372	71.19388385289145	71.19388394069168	37.23753115888141	21.571621162930853	64.92656889654691	64.92656893830306	90.64883352162175	128.80261802599307	128.80261806690112	128.80261809108353	128.80261796800443	133.0324113907027	158.04613341750002	158.04613336606883	148.98466612221125	148.98466612819985	167.58900253029617	112.11733608273698	81.19511346716874	236.43705632151264
0.10360884951987259	24.414367301296124	11.668160075463504	11.668160093920989	11.668159949999989	56.22591535107759	73.71153075166015	73.7115308045399	81.84941897671979	28.625860083840564	28.625860280523625	28.625860194059015	71.19388386017215	71.19388398833314	69.41066636272342	76.1504157006633	128.80261781659695	128.80261802599307	128.8026180421769	133.03241137119716	133.03241123454993	158.04613329	158.04613325013224	148.98466612449994	255.0	255.0	14.530509302230485	8.995282537763188	80.45355433894375	127.89196113394536
130.86860507742637	8.629038483830954	180.7598131999786	11.668160135903463	49.27665513114039	50.86577077588484	59.44061617254161	55.25168168144006	13.085759023430995	16.975257371656056	16.97525739113337	28.625860165237555	28.62586022280371	28.625860068383986	71.19388375449907	133.03241111121304	133.03241131262632	133.03241128660088	133.03241132786647	133.03241130620114	158.04613329	136.97495729421115	136.9749573213686	255.0	255.0	255.0	0.0	45.77184274382549	14.544949695461497	94.28610147884322
130.86635295433274	2.7798727401858514	21.84672267311032	11.570599833152727	96.27562641868838	22.55631452606721	22.556314526067155	22.556314549748606	22.556314597111538	16.975257237926968	16.975257371656056	16.975257270190212	16.97525736547658	16.97525738308221	16.97525736238697	105.04103512010465	105.0410350918774	105.04103508914338	136.97495739156977	136.97495727444158	136.97495728063237	136.97495729721442	136.9749572768891	136.97495734276015	17.22864807885489	0.0	253.15788589719068	110.21292534936174	107.38258155503323	225.3610380699794
4.683484298823203	2.7771753094619953	64.2375798748107	8.190895078656808	6.562921269940745	49.210771661732224	22.556314461597907	22.55631452578524	22.55631452578524	22.556314528640797	22.556314587493603	22.556314628632464	67.90646787538591	105.0410350578745	105.04103507776372	105.04103506646146	145.52483273985177	145.5248326569938	145.52483265699382	145.5248326569938	145.5248326286238	119.94950808005294	119.94950812655591	119.94950830536644	220.97746225803277	0.0	0.0	186.64050294993297	246.90988393589691	15.5639372242822
9.858829090356778	13.971393542883334	12.951697460585848	19.85222817548177	26.084841739623613	64.2375798748107	30.489489334363697	32.57536585338528	20.060841885110875	22.556314525785268	22.55631452578524	22.556314549748606	22.556314597111538	105.04103497610618	105.04103499533679	145.52483262488752	145.52483265643082	145.52483264716182	156.5537486841813	119.94950812214077	119.94950809573402	119.94950808018496	76.46143961245701	191.9817856261043	0.0	0.0	0.0	231.90450935942874	231.90450935942874	0.0
1.0803187344747585	10.494502936589953	13.993987022465177	12.716078713186306	4.328050675407553	10.062662140590362	17.244664251024034	20.548416842969345	32.57536585338528	20.548416842969345	42.768578068619036	31.451129933216095	22.55631452578524	22.55631459711151	21.479235177439392	70.13491499777237	70.13491497772247	119.94950803715068	119.94950808253066	102.04981678358627	97.44684290934327	67.58034993286009	100.03092294200815	68.75689789362971	1.0810466101290217	0.0	0.0	52.95696813835798	9.04009108017621	0.0
