253.96448493152354	253.93860561703704	253.49167061241317	252.08017941148233	249.09132209095486	242.38573590745193	236.29341114778984	223.77741228070175	232.05	244.8	254.85718376200023	242.85714285714286	237.53195905073605	250.46666666666667	251.8711171718333	232.333333339	241.77777777400001	209.04622946478565	241.77777777400001	204.18214285714285	247.27272728045455	247.2124332049626	254.65592843972428	254.65592843972428	229.3798203862162	254.98735936160313	243.62417967762678	246.98902123591066	251.2478916919538	255.0
254.98969634799303	252.98177917442655	253.56397984396727	238.54838707666667	246.32222614285715	236.293410939885	247.27272728045455	226.12746104993462	223.12002906025825	254.53681819534452	252.32377319511585	227.897652675	226.93544952044806	226.02272714430526	240.5113633548231	248.26675542324017	170.46448087431693	228.31537925243944	214.46826758147515	177.16176348917492	204.5280356445348	227.4217978689619	241.3197325663312	247.8384545298724	234.82571345524238	240.7913014446128	253.3542385501109	244.87272704081633	246.98902123809293	250.867460666899
254.82880364430022	252.98518518493333	243.1897639389135	248.115	237.78132198899715	226.12746107519186	211.8228821543155	211.8228813432906	208.68749583872946	195.234375	173.71033277099076	222.85230760511607	253.47549601076602	217.63278825716625	252.25499756487216	242.27639834995495	202.38878298323	187.93322408848834	174.94451407237395	238.18967556535657	219.63537399229017	193.83945841392648	245.52364866523808	221.0000000085	231.5723105302118	239.3853106601867	229.61272670679605	248.5186264550617	242.61592225951972	252.39337368463714
255.0	254.31440329173333	231.79632520868742	254.9959231872778	254.91353996240497	124.73566973566975	205.6451611875	208.68749588319116	208.0045422874806	48.44999999999999	229.62874962874963	216.41378834170507	212.5	183.7677286742035	216.41378834170507	190.22993525300393	231.33530607507376	236.35742742493585	239.94403151917007	214.14660980323004	215.3880020894279	199.87607361803217	199.9895026051828	190.46938775510205	221.0000000085	224.24158676248766	236.99915733973253	229.61272670860703	238.6698042482299	253.5987693299059
41.61314549873197	145.7309359628125	163.17765671226783	196.82128222784024	254.82661080297754	93.46153846153848	196.48925887262763	203.0769230769231	184.8936949774299	193.37508431313748	219.83831862661987	162.69230769230768	212.5	187.57380847183936	197.783933595	133.57142857142856	164.89558354244275	245.72383073496658	245.72383073496658	200.59076756757253	174.94451404697506	174.9445140504743	239.42307692378176	200.27472527555318	216.75	233.48979591836735	215.84025038351962	229.61272669971308	242.99002985846357	249.2625
212.23841547585175	239.68443374242966	250.07938934959952	7.0628027556376765	138.00482228903581	60.323188443560895	133.33408022999998	184.8936950140764	170.88653456054797	165.97079826758164	15.384077399025358	148.75	148.36363636363637	178.5	204.0	221.0	245.91060087898106	164.8955835521353	164.8955835521353	158.53988578224516	170.95129637848873	182.25363355128246	114.46666666666667	189.52702702702703	189.428571414	189.428571414	158.20408163265307	240.49157942649066	177.55051851851852	252.4914808427622
172.7204983828794	177.88632465743572	18.708378042995065	214.0580848472972	133.33408004696048	133.33408012079056	172.45059206666366	170.88653446227337	162.9406779889572	167.28288054375003	183.35567747190316	239.00734189078594	241.62064204349326	241.62064204349326	216.9851365037924	202.1907585674205	164.61030016178182	143.3962935319717	143.39629352682192	187.8670299591392	183.2122667861395	164.89558354244275	188.35968817951863	188.3596881736325	230.18456367698246	228.82332402271197	237.4333333356	217.27810650887574	244.76824628235855	252.49148084328138
239.5900218041755	127.89645936776252	233.27191941304122	133.334079975	133.33408006000002	133.33408006541805	133.33408006795173	155.87295323619574	161.42462501330962	162.94067791086758	120.06994374246716	145.54633007097942	209.52229299363057	241.6206420434933	171.06860013809165	196.93394563592324	178.97368878590578	209.54829656156232	141.1643571781184	183.21226669584524	141.98417228738168	156.92307692307693	194.5682270656038	138.16998792674127	219.18886197209792	219.1888619842373	211.3657770772078	224.718447361325	244.76824628138155	238.1387755152
249.89938736443767	250.21604204188097	75.05421775002256	156.92307692307693	156.9230769230769	147.60045815107435	155.87295323619574	155.8729533340715	155.87295336661813	133.33408022999998	176.4140750338717	145.54633002320932	236.07780114547353	209.52229299363057	159.3735101236789	209.52229299363057	131.52557567476697	170.6476020084772	125.69139900079162	156.23892462505398	126.72176284896895	177.47118155619597	126.62790697674416	194.56822700126907	193.39270323810632	218.571428566875	178.5	203.52112677766598	223.125	247.3940345360577
92.86246379042183	229.11144728524073	0.3371881868854132	58.84615384615387	143.35595183880463	145.77907817165195	155.87295323619577	155.87295331779816	155.87295333407144	155.8729533666181	176.41407504913772	236.07780080693175	236.07779954056863	236.0777999044536	159.37351014967297	119.29764462750262	119.29764462750262	169.92152548455948	117.41726263633464	117.41726265832966	188.07093308215048	153.2651349991615	153.26513501113755	184.59340840875	185.7906304639963	178.15517472218505	200.48560527081165	191.25	229.79441964162834	253.78985185194
127.69818015239248	32.23295391597952	116.36173875080175	145.77907817165195	145.77907808376273	145.77907803167864	145.77907805172396	155.87295323619577	155.87295323619577	155.8729533666181	160.2857141815286	236.0777984835935	236.07779954056863	236.07779983897282	236.07779993131047	195.56182819198364	195.56182819198364	205.4981655191435	65.6960116474942	117.41726256111505	117.41726258610416	158.04947509397857	160.2227393374905	160.2227393617021	194.0144816946015	185.79063047327443	205.632	211.49574669187146	223.125	246.6599292266565
151.79205740044438	244.86438906627154	58.84615384615384	139.0213307163768	90.83283281546838	145.77907805534517	128.9053770181577	128.90537715638578	145.7790779917599	145.7790781263448	160.2857141815286	228.89133775976546	189.6847468619199	189.6847468525305	201.293086676135	201.29308746872215	201.29308764294728	201.2930895765727	201.29308913710418	160.0093913314347	162.15602128576018	162.1560212951478	162.15602128576018	162.1560213344241	162.15602142952844	158.56363636363636	191.25	194.42078078078077	194.2387912826421	248.5186264550617
249.89938736443767	138.4777707241397	127.27672631889337	110.95474892207613	117.88576820849738	117.88576822103514	90.83283251372825	90.83283270727216	90.83283271488833	90.83283281546838	90.83283285715942	134.210526195	84.99999999999997	210.17450338304417	176.93429828210856	176.93429823951303	139.96878121667874	201.29308620907779	201.29308796589413	201.29308797363444	162.15602132472725	162.15602122795747	162.1560213084461	162.15602135117422	162.15602135381783	142.71108343711083	157.22956730769232	163.2027878032714	69.10499999999999	0.0
235.97498661324633	42.40528844360006	92.84397875320687	92.84397875320687	117.88576817887102	117.88576810401258	117.88576810401258	117.88576813226399	90.83283264175009	90.83283271355319	102.0	161.8871652522563	140.9605332114484	87.73226525635562	87.73226542674735	210.1745033791291	221.55864990318827	188.7580374231269	126.27441958627713	106.56716417910448	129.66101696014078	162.15602118309496	162.1560212951478	162.15602131978903	162.15602124679313	127.5	172.7642276422764	1.3089236961830295	33.70335860390901	0.0
228.54324199064013	96.45412770699764	92.84397864618214	92.84397868021097	92.84397881690501	92.84397881690501	117.88576809265388	117.88576813670693	116.76252749820009	59.264070933906396	106.70372143820427	115.33074784287777	116.38410236065076	167.26773457325268	167.26773474364438	93.3931208282728	119.33256957382895	177.63053763827807	106.56716419018156	130.39772719863765	130.39772727272725	137.11423186329307	137.114231867736	162.156021183095	162.156021183095	137.09677417983872	149.67391304347825	85.65298400049116	0.0	0.0
228.54324199064013	96.45412770872369	92.84397857047159	92.84397869155393	92.84397870485216	92.84397870485219	92.84397877204253	60.2787705159532	77.30725391540136	99.55549828077591	99.65678692009936	122.72935924839737	120.34652288950218	163.79991246541368	163.7999125525995	93.39312082951113	163.79991264860837	163.79991254033402	163.79991220761337	78.06570176048697	137.1142319073461	137.11423188093937	137.11423189598742	137.11423182112895	137.11423179150262	142.79999999999998	149.67391304347825	172.7642276422764	221.29466968959895	30.901844974469185
96.45412756255686	96.45412774373949	96.45412768478849	92.84397864882578	92.84397871423982	92.84397871423982	92.84397867527275	60.933070666177514	56.77886445310111	56.778864455690496	91.63679061325561	90.75667501944116	163.7999124769202	101.79309699053607	101.79309703981238	62.31481177875196	62.31481177943465	78.06570171789147	81.40809638224587	89.64000779883972	97.36363636363637	114.71547243097152	137.1142317789649	116.809646395854	107.66666666666666	127.5	115.97866928362319	0.0	14.462545764428768	0.43167011001224864
28.24036914114933	96.45412773265883	96.4541276335139	98.55909408577898	92.84397866557589	54.431305929031595	62.702203154758536	60.93307067204276	56.77886442181958	92.3883733077057	85.7420946814324	56.778864406012985	56.778864455562626	56.77886444918221	60.2787705482707	60.84167733783735	60.841677380486686	37.42618481529294	81.40809634937418	89.64000780525089	114.71547279381423	99.1270466333819	99.12704676380423	99.1270466333819	99.12704676380423	100.93749999999997	94.99424144864415	33.328987494052086	0.0	116.60688921279043
28.24036940028509	28.240369389527643	96.45412770074523	54.431305929990884	54.431305929031595	54.431305919446345	54.43130589835724	48.49307580614007	85.65010482330783	89.88545447522304	85.7420946814324	144.52929173409245	56.778864406012985	56.77886443904609	52.257942317161735	52.25794229811771	52.25794231417083	37.426184814194585	52.25794239575632	78.58592495086228	99.1270466333819	99.12704666592853	99.12704668220186	99.12704676380423	99.12704676380426	100.9375	94.99424143016324	228.73785355120188	21.00914741598129	100.22164890045977
28.24036923126951	28.24036935081861	28.24036947036771	36.55815588547094	54.431305929031595	54.43130603027768	54.431306131485	62.70220312021999	81.31691747143	48.49307580614004	48.49307583115771	48.49307579353581	48.49307583273239	48.49307583273239	48.49307582352807	144.52929173409245	52.257942252606796	52.257942320873184	52.25794230185815	78.58592496612823	99.12704663338192	99.12704666592853	99.12704668220184	99.12704657102074	99.12704676380426	94.99424142021832	94.99424141781805	10.378690604037047	0.0013835216880693224	198.69472701606364
138.33430901407223	28.24036940028509	28.24036939066832	88.23387939061729	36.5581561143874	36.55815625268963	79.4100238564834	78.47495992668951	77.38818012625353	78.35651555485859	48.493075696733854	48.493075696733854	48.49307581813224	48.493075890337735	48.49307583115771	48.49307585352028	89.88545447522304	48.49307589924919	52.257942308189	76.22237090007692	99.12704676380423	99.12704676380426	81.60645171588376	74.6877708011136	79.28487949137855	88.89342074471762	25.5	0.0	11.283466512445614	49.992495374068795
116.36173875080175	5.419299502783417	28.24036935081861	88.23387926919764	88.23387921621682	36.558156103447885	36.55815609797804	68.83449135324054	76.56890247977051	209.35183631214173	209.3518362137889	209.35183617704263	48.49307579410265	48.49307581413484	48.49307582212964	48.49307584818058	48.49307585617541	48.49307589924919	48.49307587192905	57.88957500622445	57.88957519012524	73.57063521259366	57.889575237235675	85.85213571030951	67.76599896196336	142.38198787267805	25.5	0.0	112.5844940032645	205.89625858704557
255.0	11.668160204999992	77.10997111324565	28.240369368012608	88.23387924876829	88.23387926862438	36.55815606810825	36.55815606335727	36.55815606098176	79.49696349000001	209.35183620296573	209.35183616996488	125.0095929538877	41.55103320791548	48.49307579353578	48.49307582212964	48.493075832732416	48.49307582352807	57.889575128825015	57.889575150448394	57.88957515044842	57.889575172145214	52.9401191841209	52.940119219999985	52.9401191841209	45.65831915768075	142.38198787267805	61.01271096404278	236.77642642388304	61.81162424579597
205.89625858704557	11.668160130836014	11.668160120000039	11.668160077500005	77.10997106071255	88.23387920762795	88.23387922833888	89.40410171635051	89.4041017516862	136.74181503389397	136.7418150043411	136.74181496577472	209.35183632402757	125.00959296587871	23.70501717240714	23.705017182177272	41.551033206768494	57.88957510705475	57.889575128825015	57.88957510705484	57.88957507427364	51.69562198053538	52.94011917749998	52.940119184120846	45.65831909807039	45.65831907033936	167.58900253029617	44.28234079318395	162.5858849447463	0.8752438232469899
39.61734925682754	138.33430901407223	11.668160075463504	11.668160093920989	11.668159949999989	55.965632147466664	90.10441645755725	90.10441644786471	88.23387929653649	185.81189332870534	185.81189344751664	185.81189336105206	136.74181515430337	136.74181485007537	69.4357867991697	86.82222230203709	57.889575006224476	57.88957523723565	57.889575040248985	51.69562211252685	51.69562221917312	52.940119304999996	52.94011909636734	45.658319084433515	58.890763854395715	58.89076378074205	234.51182043540845	254.8322516759105	120.96118703383243	186.48983196817585
188.09462438526478	255.0	145.67458910047714	11.668160135903463	50.09273527553762	47.85236083778392	52.913998427277676	54.572390080059705	13.085759023430995	109.38776729595688	109.38776754529283	185.81189333223057	185.81189328077272	185.81189336606346	136.74181489333924	51.69562185254273	51.69562209985423	51.69562203985467	51.69562206919613	51.695622047530804	52.94011904999999	45.65831909807039	45.65831915768075	58.890763854395715	58.89076378074205	255.0	0.0	158.69052770084892	185.84104603655254	50.484724045276295
66.7337378510797	128.65637397796735	16.873420959730225	1.3109709203082502	96.27562641868838	106.66061601338791	106.66061601338788	106.660616008206	106.66061607217415	109.38776743591643	109.38776757443873	109.38776754529283	109.38776753461849	109.38776755388321	109.38776751470837	44.416909508528704	44.41690946889	44.41690948454723	45.65831913052324	45.65831909148051	45.6583190682652	45.658319084433515	45.65831907033936	45.65831907033936	40.333365616098604	0.0	255.0	175.7995653432706	128.09496440417635	251.12649486340493
132.1646737428602	108.0020818182866	64.2375798748107	8.190895078656808	6.562921269940745	9.622906375844707	106.66061598569297	106.66061600502263	106.66061600502263	106.66061598624347	106.6606160238018	106.66061603632122	61.07732005503604	44.41690948454723	44.41690944907057	44.416909467332346	43.39824023875846	43.398240113380325	43.398240132133395	43.39824014150989	43.39824002376878	37.870093749090955	37.870093774977846	37.870093671430254	220.97746225803277	0.0	0.0	240.87488353314458	57.387820100231465	15.5639372242822
10.093149179037852	9.611138101234815	11.855026687109813	18.628613879564256	29.393671457783455	64.2375798748107	29.965644128308355	32.57536585338528	4.195436580354681	106.66061600502263	106.66061600502263	106.660616008206	106.66061599784226	44.416909508528704	44.416909484547205	43.398240160064745	43.39824014228691	43.3982401027809	49.19130904531599	37.87009374771398	37.87009374771395	37.87009368025872	102.79109376835595	191.9817856261043	0.0	0.0	0.0	177.32247552997143	194.55607318675254	0.0
1.0854662689503414	11.227675471140827	10.303575981321444	11.855026687109813	3.1301304395928184	20.43363101134122	13.90499010203871	0.0	32.57536585338528	0.0	42.768578068619036	31.451129933216095	106.66061600502263	106.66061599784226	21.479235177439392	60.21813220091073	60.2181323115625	37.8700938267516	37.87009374771398	46.27763063459537	43.508023103435704	13.662064715363528	0.2631009334540124	9.35471719778846	9.562413569130882	0.0	0.0	246.32804027262682	136.78174439032566	0.0
