254.96070778367286	254.7947789340741	247.29923267904178	253.7587157078053	246.7143285595286	248.0088557391827	242.92961321489307	208.02631578947367	163.2	250.46666666666667	64.78487698926855	201.875	169.89802806776243	226.66666666666666	172.26864612034666	232.333333339	223.833333339	175.72770212061405	223.833333339	152.27142857142857	231.8181818181818	216.06667295816706	156.02535803268722	156.02535803268722	248.56145791789848	193.33823383028547	253.74029448576024	240.32618365422763	242.51060680301381	254.44428298627793
254.9970121005126	238.32778180642308	254.30247575498743	247.76595747333334	245.93757307417582	242.929615305123	231.8181818181818	240.27574092390535	232.8415683490471	61.52596398384148	153.66310351554728	132.771020085	226.93544952044806	237.613636373515	228.92045456027247	160.4649276065494	230.03415300546447	239.13046834367645	172.91595197255577	122.38809375094397	240.73043504708818	227.81158348400228	246.7701319743314	226.74767957035792	234.64735613886998	241.5614818927916	240.31728199718725	213.6150612244898	240.32618365411497	254.46658929921114
254.09403481017247	252.98518518493333	250.60501605633988	199.92	255.0	240.2757410108598	223.18266814318767	223.18266650330133	229.21931765274843	175.3125	116.04474991289868	115.2423950838899	45.31131802383223	139.9589093408407	43.17470860036693	135.13716131139597	176.15274506449185	147.92298238426872	156.91605514783618	197.09187411639883	224.41491569805981	177.72727272727272	219.67905406889724	233.7500000085	231.64132763144866	255.0	216.99312665259384	228.51371380039635	241.78447168617572	246.6752347657335
255.0	251.19074074086666	232.0556224250264	206.5008222642948	246.02668299051433	216.82952182952184	220.41223403125	229.2193175288838	227.62352688898596	163.2	154.8024948024948	226.67840436366146	148.75	183.7677286742035	226.67840436366146	212.05025197505012	197.92401597174086	126.1421349497414	218.6870765461469	215.28137342686918	215.03376657030617	232.43941208785162	173.78915699901808	222.3877551042092	233.7500000085	198.7200488237354	209.582623272384	216.99312665350055	250.82918228534334	251.70675110666284
78.70860553810309	65.45984594726232	181.74816171157636	51.86293047033115	134.4774015062635	185.76923076923077	213.82913724995558	120.0	212.70551286587408	204.86658052374648	245.34258092949756	158.0769230769231	148.75000000000003	80.78324935351156	98.81852539500002	201.875	190.5415427185756	96.16926503340758	96.16926503340756	200.3559628197332	156.91605513763017	156.91605512797565	212.01923075963714	234.44055943939185	216.75	200.64625850340138	225.70958357841698	216.993126649119	228.95340519900327	249.2625
7.254778072418276	89.70686458782765	26.997280343174737	13.464075814170258	0.019542224722414403	254.92945126924468	56.57143124999999	212.70551262139165	202.319065312497	181.4196532237516	105.09966504655918	127.49999999999997	148.36363636363637	102.0	221.0	170.0	32.0681825815241	190.54154269385904	190.54154269385904	214.72327911966215	138.91017539823628	255.0	160.30370370370372	235.47297297871623	227.181818205	227.181818205	255.0	251.866181156122	219.83377046181985	251.02632612256963
247.63757168864757	46.685187638722084	219.0965797618486	54.99496992595215	56.57143117793993	56.57143117793993	204.35121150909126	202.31906516564197	178.77503875195347	187.24379094375	113.14138915514471	21.173308055020726	24.558163617535342	24.55816361753537	96.70217490790961	181.2662668124574	221.59022944880638	220.92218853736284	220.92218857195994	189.84637745732851	214.6997180458611	190.5415427185756	100.79704831357864	100.79704831331242	216.4932885970649	193.65398044422273	215.0500000017	241.42011834319527	240.61858438768203	251.02632612268548
38.81261457773971	20.12763212217999	250.1278176283254	56.5714311225	56.57143116500001	56.571431122567446	56.57143120250862	190.66781240627745	177.44874813261765	178.77503835804237	100.05556928287305	185.8922273673635	85.36093418259026	24.55816361753537	92.17730365373652	165.85124788579455	178.97368878590578	149.68666034675164	93.1488779324095	214.6997179981516	115.54233563335029	196.15384615384616	181.7393536271494	255.0	209.61864405241312	209.6186440677966	212.96703296579096	163.01182205054988	240.61858438630878	251.9652892578
178.1105609715057	91.33462903326352	113.64510504348951	78.46153846153842	78.46153846153848	165.32613654187224	190.66781298462797	190.66781245081754	190.66781255566468	56.57143124999999	162.60803764325004	185.89222732088422	18.069451980565987	85.36093418259023	186.29070826012003	85.36093418259017	95.10428526890121	171.86033378191206	170.77627193486703	156.23892462505398	163.80722372212153	67.24063400576367	125.23255813953486	181.73935361834788	125.77851191258105	203.203125	229.5	216.34808853289738	147.421875	241.3037109375
249.78912661220716	248.50862618556545	224.22857887461095	137.30769230769232	186.89386407062102	76.86834869678364	190.66781240627745	190.66781239839395	190.6678124508175	190.66781230449027	162.60803756260464	18.0694519297669	18.069451921512723	18.069451628639143	186.29070830894128	208.6250565760246	208.6250565760246	170.2698373386924	101.44436337205732	101.44436340201923	154.06809224855445	73.89569008888142	73.89569008950104	164.23020452625	143.5684399360781	65.38706654170576	89.15712799167534	111.56249999999997	121.25574838038335	248.74116666678
239.3544339346982	85.10533262193476	120.63919940618567	76.86834869678364	76.86834864864738	76.86834867179687	76.86834867378178	190.66781182792693	190.66781240627745	190.66781230449027	127.50000014025	18.06945124106346	18.06945150482636	18.069451901828273	18.06945232685129	99.79178035696327	99.79178035696327	79.82914274232729	99.60516239262603	101.44436329316088	101.44436332795752	118.67526661294636	117.66431254341992	117.66431263826769	234.739581805458	143.5684400578569	83.53800000000001	71.70368620037806	118.22387695312503	230.2713576596403
248.85524447058503	234.46493130669558	137.30769230769232	126.55916523661409	73.33433497254356	76.868348633663	145.40704620940107	145.40704629801746	76.86834866228082	76.86834881751298	127.50000014025	16.28000133945247	130.08527787244424	130.08527788731965	74.42356360609028	74.42356366871337	74.42356360608946	74.42356505630877	74.42356418501711	159.69447791733336	146.73372674836844	146.73372681574477	146.73372674836844	146.73372679918995	146.7337266987239	29.98181818181817	86.66015624999997	43.24432432432434	43.20384504608296	228.51371380039635
242.8744195129823	21.50232235869504	57.70016904383286	17.22864807885489	140.27569561192243	140.2756954717616	73.33433436906324	73.33433458545571	73.33433457022335	73.3343346708034	73.33433454776932	55.43478252000003	148.75	54.781967893875475	112.04792769744446	112.04792776682729	142.36265439732261	74.42356177924628	74.42356322270928	74.4235630926089	146.73372679380833	146.73372675103852	146.73372676889673	146.73372675103855	146.73372680995328	46.49066002490662	29.729567307692292	10.47467327363455	199.92	255.0
127.41764894701205	108.33134455917761	108.26627329707142	108.26627329707142	140.2756956040006	140.27569558727652	140.27569558727652	140.27569556834334	73.33433458545571	73.3343345728936	102.0	107.77568139329088	161.8871652522563	183.9880453783718	183.9880456714328	54.78196785771436	14.882216473917936	64.87739938614416	203.26936381151398	45.67164179104478	73.47457625580296	146.7337266987239	146.7337267336003	146.7337267791609	146.73372670292858	63.75	187.96747967479675	16.110985557874812	232.3953201762409	0.0
120.72361422467131	39.25226473762433	108.26627319004672	108.26627322083914	108.26627330127607	108.26627330127607	140.27569556834334	140.27569555382829	41.316395502335695	113.14138915514471	106.15877994652223	57.47784929317484	116.5948976794277	71.01195432856721	71.01195462162823	147.65126796328087	121.05656295292738	58.64062661954864	45.671641787636446	90.35640496002478	90.35640501136362	114.72430444617171	114.72430443165669	146.7337266987239	146.7337266987239	49.35483870967744	38.80434782608694	184.52685014787772	255.0	0.0
120.72361422467131	39.25226466749447	108.2662733012761	108.26627323110327	108.26627326639968	108.2662731842552	108.26627324896148	39.23515919138319	77.30725391540136	99.88255767310162	85.29498617504703	113.18087567275913	55.05053521870775	46.30948662649604	46.30948658368797	147.65126796641	46.3094864265253	46.3094864265253	46.309486485515066	142.95207223317266	114.72430443165669	114.72430443165669	114.72430441272348	114.72430439599944	114.72430438807757	45.900000000000006	38.80434782608694	187.96747967479672	126.79730458680291	9.867359636788024
39.252264797433156	39.25226460687247	39.25226478431094	108.26627324896148	108.26627325163156	108.26627325163156	108.2662732061917	41.569486707881964	32.00329943033245	32.00329944864538	92.27022052224171	80.81217805051364	46.30948648104754	63.632624756482414	63.63262473710449	52.10888784187105	52.10888781176388	142.95207230255554	32.72253403439893	91.49541052489474	27.81818181818187	77.00005932637279	114.72430452823838	77.39204753384908	17.0	47.8125	128.4408347633859	188.69542444614228	149.6195792953098	125.24458535436625
79.55480077005168	39.25226467723496	39.25226470771992	141.34344037502817	108.26627320081005	54.431305929031595	38.66699344244597	41.569486776478726	32.003299432541354	103.00532186166615	0.0	32.003299455038444	32.00329941959859	32.00329942812357	39.23515925135348	45.427140674973174	45.42714071516497	148.79149030575675	32.72253401423998	91.49541050943756	77.00005964390667	64.33218769550976	64.33218759372252	64.33218769550976	64.33218817207313	15.937499999999972	145.77907817165195	9.669458639348761	196.25742489627387	116.60688921279043
79.55480067913831	79.55480064883383	39.252264706433294	54.431305929990884	54.431305929031595	54.431305919446345	54.43130589835724	40.011372974236565	85.81312692786958	89.60214338651483	0.0	83.17434355779187	32.003299455038444	32.00329943141185	78.21159430488774	78.21159429151604	78.21159428581689	148.79149030598987	78.21159433524241	92.39196243739539	64.33218769550976	64.33218754918246	64.33218760160605	64.33218759372255	64.33218759372255	15.9375	145.77907808376273	252.2147299314961	182.0557624582978	201.42729657638873
79.55480050350016	79.55480067359403	79.55480071713092	76.86834869678364	54.431305929031595	54.43130603027768	54.431306131485	38.66699344266621	81.3010312432267	40.01137289015546	40.01137291447398	40.01137289003404	40.01137293084048	40.01137293084048	40.01137292324606	0.0	78.21159427393891	78.21159430030463	78.21159430030463	92.39196235674996	64.33218744433532	64.33218754918246	64.33218747601887	64.33218759372255	64.33218701537203	145.77907805172396	145.77907803167864	28.88188267168536	0.3030547455662713	162.41442937140081
124.55217517777325	79.55480067913831	79.55480064592066	28.94497928576891	76.86834869678364	76.86834881751298	105.95786686847694	78.58248225562892	77.72299666825367	77.95567873886495	40.011372793232056	40.01137279323203	40.01137290005016	40.01137298683591	40.01137291447398	40.01137295645802	89.60214338651483	40.01137300638243	78.2115942476751	39.85125366137464	64.33218759372252	64.33218759372255	26.003240004039895	25.146106171434468	11.360986745337755	52.467539050178345	102.0	0.0	0.7519103311414597	100.98995854457769
49.942872519631464	0.0	79.55480067359403	28.944979255553704	28.94497925108581	76.86834867378178	76.86834866228082	69.50245616124047	76.0832875000261	9.633079309006291	9.6330792960988	9.633079292801284	40.011372847294325	40.011372896751936	40.011372903348416	40.011372932196	40.011372938792476	40.01137300638243	40.01137297164698	21.74724183471281	21.74724169761845	19.59557161772466	21.747241764286883	24.08767893740236	9.710409108651731	159.05188378414238	101.99999999999997	0.0	0.6654367995837447	205.89625858704557
26.309043505451484	56.57143124999999	67.70033354393888	79.55480058822485	28.944979248851894	28.944979275481188	76.86834864864738	76.86834867179687	76.868348633663	29.413807065000015	9.633079234687045	9.633079313561808	100.9067909114784	47.990974473473926	40.011372890033954	40.011372903348416	40.01137293084048	40.011372923246	21.74724164339915	21.747241590712406	21.74724159071235	21.747241634106047	6.852397363279579	6.85239731499999	6.852397307907012	18.94991464273724	159.05188378414238	38.80605420405806	52.681890193848744	24.258954740758583
0.1316384024820536	56.57143117793993	56.57143116500001	56.5714311225	67.70033337378067	28.94497927033737	28.944979242150055	48.176964567830936	48.176964577885116	35.140917281221164	35.14091731508634	35.14091737709498	9.633079305990833	100.90679092623452	39.411176093748196	39.41117610376901	47.99097450849817	21.747241503925153	21.747241543481636	21.74724156901567	21.747241560524202	12.796426217499942	6.852397357499996	6.852397326364525	18.949914588422274	18.94991455377823	85.74827458338453	176.6833723576445	205.96069711966913	140.51582838688316
78.8660933909959	124.55217517777325	56.571431122567446	56.57143117793993	56.57143124999999	55.72689930165674	64.45845728142442	64.45845730614099	28.94497898300793	7.337354709995651	7.33735465728094	7.337354743745465	35.140917388941205	35.14091734736169	69.79451439460695	75.57131221960645	21.74724123520781	21.747241503925153	21.74724154774225	12.796426359746818	12.796426501797242	6.852397230000008	6.852397144765291	18.94991457247187	10.994849581363127	10.99484950794377	24.688473836648882	135.9494632988006	254.71966155339996	1.933305197915871
249.27414038053323	0.1316384024820536	31.358278673978475	56.57143120250862	49.86094654538414	47.85236083778392	53.28672740956091	55.7708698560167	57.47784929317484	126.1488108704421	126.14881120037373	7.337354714923947	7.3373547071144	7.337354706033892	35.140917140666346	12.796426229754758	12.796426359648564	12.796426307258912	12.796426359746818	12.796426359746818	6.852397230000008	13.677418935710364	13.677418887864206	10.994849581363127	10.99484950794377	255.0	0.0	227.05234175778315	253.05516148619023	87.33566793463888
219.10101754433055	27.453233458074635	63.268479545390505	42.755875334818796	0.0	15.275808480068065	15.275808480068065	15.275808466937264	15.275808515007611	126.14881101831813	126.1488111489239	126.14881107943052	126.14881110300217	126.1488110800714	126.14881108004136	21.25456777581931	21.254567683821165	21.25456769441263	13.67741918307621	13.67741895203801	13.677418959633428	13.677418931258671	13.677418889700078	13.677418889700078	110.95474892207613	0.0	10.27151169230487	110.61924454525348	118.7141672789609	207.1606526505044
174.07334428209504	241.5392431852233	20.548416842969345	21.50232235869504	17.22864807885489	99.03818756160152	15.275808375249511	15.275808431205803	15.27580846348775	15.27580846542159	15.2758085261178	15.275808481785958	161.37887751727553	21.25456769441263	21.254567637822078	21.25456765445827	12.101974228427991	12.101974150752511	12.101974131999498	12.101974122622948	12.101974111182386	4.901782133592917	4.901782102606603	4.901782044140504	114.8177353377092	0.0	0.0	149.72662529013405	242.74790194293368	234.4736838672404
10.12964963893026	11.260980125997548	12.054788603913579	18.538563500774387	25.095093985297098	20.548416842969345	29.914213591325193	20.548416842969345	56.758671672870065	15.275808485009009	15.27580846348775	15.275808491714542	15.275808515007611	21.254567487822328	21.25456756933704	12.101974148082519	12.101974108108465	12.101974109133153	27.54506642761345	4.901782136935964	4.90178211052924	4.901781980018313	130.04808610065737	57.682052275129564	0.0	0.0	0.0	58.11266920953909	3.7740832567578764e-05	0.0
0.9120271146313712	10.018480402102824	10.220176393519552	12.447244717307797	62.51363126263584	20.815280513424966	100.83180258459157	255.0	20.548416842969345	45.684891360443885	255.0	114.8177353377092	15.27580846348775	15.275808515007583	85.74827458338453	69.0178192424012	69.017819144258	4.90178204063406	4.901782097325878	34.228239636722776	32.07429600288049	7.585777350456368	4.107805519308357	1.7377281819364612	255.0	0.0	0.0	254.48656009060062	210.62158419532952	255.0
