254.89728267824484	254.92916666666667	254.34490898856023	254.51824229250673	250.76710261526833	251.41789362980768	249.07516433177636	244.0953947368421	232.05	236.86666666666667	132.20764458388552	242.85714285714286	155.12957558368345	250.46666666666667	144.26669666030176	215.333333339	226.666666661	220.247459374745	226.666666661	216.75	231.8181818181818	229.47261308273963	204.1049699133584	204.1049699133584	246.5634931697112	232.26246752425467	253.00220296399587	254.33710279108453	254.41274410263304	254.3283414301492
254.9333531506053	254.139375	251.0677866783356	250.75	251.03021978021977	249.0751666784371	231.8181818181818	245.94870863833674	240.60905991604994	126.51092296858448	247.34247936411936	115.33433504999999	219.68347726884986	240.5113633548231	246.30681818675748	133.23391551382662	251.9808743169399	222.75005439878584	224.52830188679246	223.97238858079206	236.11199193460064	227.92392318917925	228.93942719648535	233.02015516927366	234.46095207720614	240.95205531777844	245.56712231746423	249.2625	254.33710279112168	254.98590217039072
254.00910422748467	248.82962963013333	250.44134079331582	248.115	224.93448351310875	245.94870877575406	235.7905389369784	235.79053774789386	238.41451885418928	227.109375	250.18460290270207	97.19689529758415	98.44540767335056	125.4354634204733	94.18240352437087	109.20789145105974	220.78018487780764	219.37730438344943	220.44925720613878	209.40911787652928	220.0758541192633	231.9825918762089	236.29343628724956	237.9999999915	231.42386017801505	239.3549592340704	250.18025447918635	251.3280820663125	254.4813851349869	254.89069643217573
255.0	251.8518518516	237.78132198899715	83.92714834402958	190.45372531445227	229.62874962874963	232.421875	238.4145187279725	236.90670721825416	232.05	246.13899613899613	180.52431256796643	212.5	237.5562178828366	180.52431256796643	222.07964153432926	206.8987742280779	101.44164452162633	224.39700364008806	215.7216660234405	215.14866179305042	243.85691497035128	236.16442965777497	245.28571428788266	237.9999999915	242.94988034872347	249.79928925321607	250.18025447884443	254.62993197286286	246.65994623655914
10.23745440178834	228.27063183890277	146.0213118184659	233.0330166856263	75.39650379984184	203.0769230769231	228.0564302775286	230.76923076923077	226.60227300991968	219.45838696956417	248.31835339300702	219.23076923076923	212.5	66.95338492271364	84.29752056000001	242.85714285714286	200.67713795230458	141.130289532294	141.13028953229397	200.30782668224333	220.4492572049509	220.4492572042241	234.89010988937147	211.15384614429166	233.142857121	238.8095238095238	251.83063652143912	250.18025447715593	253.5510139307093	253.1265306162
252.74002682315322	117.63426259861637	241.63753079368462	250.99015939814734	253.33601230696416	244.96864363605224	133.33408022999998	226.60227275817303	218.9019245217102	201.916662547212	94.61547363114457	191.25	215.43636363636364	178.5	187.0	221.0	72.02244954350425	200.6771378704278	200.6771378704278	205.54181033011056	204.84424473695907	255.0	219.74074074074076	218.2432432489865	224.4	224.4	255.0	254.0714610832954	250.1246456332876	246.83830501154958
227.04990510908172	28.61265826785234	196.41646587845295	255.0	133.33408004696048	133.33408012079056	220.7288427991351	218.9019240638225	199.89406801802284	206.05485661875002	183.35567747190316	50.027599142592095	57.0383154987918	57.03831549879186	76.02337557111022	143.60077613882936	186.60188346291676	200.6165019604177	200.6165019773171	181.37272903209748	217.48740013795057	200.67713795230458	179.94915694781082	179.94915694666196	222.48322139639544	195.37110933791382	187.000000017	248.96449704142012	230.85504893769397	246.83830501186185
11.971856691433402	211.4471507267525	112.47472208899862	133.334079975	133.33408006000002	133.33408006541805	133.33408006795173	210.04413164934533	198.8770296544664	199.89406785851048	164.95577479194338	184.5302147938067	66.23142250530788	57.03831549879183	80.16281655145892	169.9999999780531	154.42664365900427	164.68078547300297	156.23892468152354	217.4874000348852	192.82790411898623	215.76923076923077	159.08314604889273	255.0	191.03389827475726	191.03389830508473	174.6703296716093	192.10888161614093	230.8550489305185	251.328
1.3567993636209223	150.21036243252092	249.7977232867092	196.15384615384616	196.15384615384616	189.55608177734427	210.04413107099484	210.04413132492678	210.0441314234121	133.33408022999998	189.11883992963917	184.53021470680324	43.44340503741162	66.23142250530785	148.32149706409467	66.23142250530785	168.85310288149088	170.63365329195904	166.66540882178197	180.3436443694484	205.229096292726	183.71757925072046	158.72093023255815	159.08314596678946	154.714162597078	180.625	229.5	188.12877265291752	156.14000108506946	229.25480769230768
252.988885554579	166.3091373535433	5.723256160090671	156.92307692307693	210.5287534802349	145.77907817165195	210.04413126377833	210.04413127568415	210.04413132492678	210.04413117223766	189.11883985380334	43.44340347370098	43.44340406206001	43.443404053684986	148.32149711230738	190.0103768542021	190.0103768542021	170.15481597233816	168.56514101897153	168.56514102772826	123.31856622067423	144.54133825255747	144.54133823238757	138.43777078124998	111.23571522956414	154.43587781879387	118.66978842221641	119.42057291666666	155.31769475177066	236.8666666644
8.143582134410423	151.40569810524528	31.382279135819488	145.77907817165195	145.77907808376273	145.77907803167864	145.77907805172396	210.0441310709948	210.0441310709948	210.04413117223763	112.20000001122	43.443403268166065	43.44340406206001	43.443404292524804	43.443404715883105	126.81447298809891	126.81447298809891	61.52265105457525	160.17853033706342	168.5651409811835	168.565141009816	90.9991740117714	88.32504759908045	88.32504749682664	189.5608566768027	111.23571538793132	115.362	123.76417769376181	156.14000108506946	250.21699617894922
168.22075911500863	9.80206376664529	156.9230769230769	78.48352411690863	134.92552669983712	145.77907805534517	169.5586450111735	169.55864449014123	145.7790779917599	145.7790781263448	112.20000001122	39.06880618477118	130.08527787244424	130.08527788731965	56.963986386230886	56.963986659478195	56.9639868696371	56.963986386230886	56.96398773373204	159.7920524998941	121.94760011217545	121.9476000837924	121.94760016568782	121.9476001486272	121.94760020522048	92.72727272727272	119.42057291666666	124.56456456456456	124.44796466973887	251.3280820663125
1.3567993636209223	138.4777707241397	169.76514915475138	110.95474892207613	164.73378353286859	164.7337833613243	134.92552639809696	134.92552647917762	134.92552649867702	134.925526548967	134.9255265408837	46.36363641	212.5	86.21985385400276	145.1000223888746	145.10002236390926	140.71346706651377	56.96398539983383	56.96398680017302	56.963986548211636	121.94760011450586	121.94760002307837	121.94760011139871	121.94760014629509	121.9476001098451	119.84682440846822	91.94711538461536	146.05113847320024	248.115	145.884990057276
26.719859991658893	127.27672631889337	133.05239999717958	133.05239999717958	164.7337834848154	164.73378346517535	164.73378346517535	164.73378344208106	134.92552647917762	134.92552649974633	173.4	161.8871652522563	123.31856626171214	160.50020051123266	160.50020066745893	86.21985391444343	35.79329813118227	49.37206157557492	211.87130471009067	98.955223880597	95.0847457275496	121.9475997123536	121.9476000837924	121.94760008425413	121.9476000028204	69.06249999999997	130.60975609756093	205.61261864520205	124.24651032328526	0.0
6.3507592535486594	139.03703093488934	133.0523998901549	133.05239991574587	133.052400041213	133.0524002876464	164.73378348169115	164.73378342589518	33.80927635312344	183.35567747190316	106.47151036222994	115.33074784287777	114.57141643078035	94.49979933254107	94.49979948876734	106.20854832937567	118.14525637983118	44.495839245919115	98.95522385418246	65.53321684628793	65.53321673863633	90.26621657410479	90.26621655791894	121.94759995878704	121.94760020522048	68.5483871104839	72.06521739130434	95.77283033760685	145.884990057276	0.0
6.3507592535486594	139.03703092269996	133.05239979477955	133.05239988860131	133.0523999162076	133.0523999162076	133.05239997692163	88.50380456475503	144.71115653267736	99.23897339065005	98.08064032727941	115.04282948383323	46.737420905627005	34.53097551828063	34.53097527434892	106.20854836665609	34.530975182854235	34.53097523699148	34.530975064428816	109.89997763609068	90.26621651830885	90.2662165447156	90.26621653482465	90.26621651518462	90.26621646713141	66.30000000000001	72.06521739130434	130.60975609756096	100.22164890045977	233.04802957720452
139.03703095246834	139.03703093928408	139.03703095147625	133.0523998537049	133.0523998343122	133.05239988782452	133.05239988549414	70.83845134616521	66.77945925081983	66.77945925179861	92.27022052224171	90.26700653262091	34.5309748797967	113.4885834381262	113.48858348073202	104.96706647214455	104.96706651024488	109.8999776111254	74.93339497467883	59.012578400628286	78.81818181818181	54.83691310320836	90.26621663867573	54.45009323655961	56.66666666666666	69.06249999999997	176.51647588309135	172.33781079859745	53.318249389510754	148.0333534196103
96.45412756255686	139.03703089392366	139.03703092609982	170.3156569073962	133.0523998513728	113.58358117148879	72.40395539861817	70.83845130490775	66.77945922022852	72.4900764590763	87.89708904445689	66.77945924353347	66.77945925414645	66.7794592814111	88.50380455986183	102.94536717912871	102.94536721185725	148.79149030575675	74.93339511418472	59.01257834941174	54.83691347631088	44.955868827762345	44.95586892900516	44.955868827762345	44.95586892900519	53.125	186.0892707540482	77.58719960252859	223.46442459238918	116.60688921279043
96.45412774373949	96.45412770699764	139.03703093229205	113.58358112940113	113.58358108567359	113.58358110739746	113.58358106339014	83.41397215872377	85.94239255500324	122.35959306696776	87.89708904445689	85.2687776917058	66.77945916248146	66.77945925060874	124.26936898311237	124.2693690004688	124.26936899059456	148.79149030598987	124.2693690055589	65.88116014619663	44.955868827762345	44.95586867507322	44.95586872431588	44.955868736221646	44.95586892900516	53.125	186.08927066430186	219.16056619600712	170.2108443760402	50.806252099826764
96.45412773265883	96.45412770872369	96.45412768478849	145.77907817165195	113.58358104276599	113.58358098542956	113.58358093136809	72.40395540299133	81.43158402856713	83.41397215872377	83.41397216559977	83.41397220188514	83.41397213765154	83.41397213765154	83.41397217021989	85.2687776917058	124.2693689747943	124.26936899429109	124.26936899429109	65.8811600703608	44.95586857658793	44.95586867507322	44.95586872431588	44.955868736221674	44.95586892900516	186.08927062205782	186.08927064011823	207.98748051069146	15.167674747981096	0.8656276220714574
1.3052392164147761	96.45412774373949	96.45412770074523	23.69594848257165	145.77907817165195	145.7790781263448	105.35625045377154	78.25387324038817	70.7046062354018	78.93943705866118	83.41397220188514	83.41397220188514	83.41397215833155	83.41397220188514	83.41397216559977	83.41397213855464	122.35959306696776	83.4139722221768	124.2693690055589	53.06340143930785	44.95586835065464	44.95586863982993	36.95147033555196	37.25229623106847	39.37139434026247	34.64129683672746	178.5	0.0	163.56278926275888	216.12741491099177
31.382279135819488	60.66363235609373	96.45412770872369	23.695948349100433	23.69594838480407	145.77907805172396	145.7790779917599	69.40478431043118	76.13645633472723	23.907834836606582	23.90783506413399	23.90783488137862	83.41397213017379	83.41397213043524	83.41397218622782	83.4139721587238	83.41397217247581	83.4139722221768	83.41397217021989	52.783789891490585	52.783789622761674	58.36161540657767	52.783789620438796	35.640705658338675	33.651332828012954	101.12586792055788	178.5	0.0	48.379507753203995	41.412324077903634
43.773118886396276	133.33408022999998	37.19386100387101	96.4541276335139	23.69594840265586	23.695948383516992	145.77907808376273	145.77907803167864	145.77907805534517	24.34382132999997	23.90783469089496	23.90783460673299	68.98966312386113	97.30649874667071	83.41397220188509	83.41397218622782	83.41397213765157	83.41397217021989	52.78378961242052	52.78378966383238	52.78378966383235	52.7837896855292	24.712053282193295	24.712053314999963	24.712053337565862	20.805559276797595	101.12586792055788	20.229271150239015	121.14081999527642	254.8413577483833
87.91144043345099	133.33408012079056	133.33408006000002	133.334079975	37.19386101162209	23.695948333989634	23.695948456211227	58.994372501860965	58.994372533850566	26.04221610915809	26.042216063067116	26.04221612764195	23.907834564969818	68.98966302953454	78.71724116710772	78.71724116642102	97.30649874273092	52.78378962043874	52.78378961242049	52.783789620438824	52.78378965378536	40.133156510652015	24.71205331499999	24.71205331910835	20.805559272672554	20.805559253302647	21.479235177439392	199.02611926172875	184.3283833277166	227.48673551974997
168.2803089808282	1.3052392164147761	133.33408006541805	133.33408004696048	133.33408022999998	53.23001588601571	54.32286204769542	54.3228621295722	23.695948457305434	18.293082738847573	18.29308279091191	18.293082877376463	26.04221597146119	26.04221610560728	69.23371811834224	78.89209204900888	52.783789291985585	52.78378962043874	52.783789622761674	40.13315654544411	40.13315646354394	24.71205331499999	24.712053182180483	20.805559271676657	22.121196310911955	22.121196195406753	199.0402210403547	42.20823587905289	222.272285457125	231.20300561213563
0.38185058460609866	43.773118886396276	105.47520537911558	133.33408006795173	49.79948186077252	57.85035053929602	51.83991955502262	56.728177072365355	115.33074784287777	72.3042745408737	72.30427458561164	18.293082848555002	18.293082831800263	18.293082979310782	26.042215921751847	40.13315628545999	40.133156487098006	40.13315647924668	40.13315650211342	40.133156480448065	24.712053570000023	20.805559272672554	20.805559276797595	22.121196310911955	22.121196195406753	255.0	0.0	254.53653088241458	18.89148390383994	248.9500619754435
73.56011045137842	7.684625411898679	105.4136054497232	1.8561040019797588	4.195436580354681	26.011136387121468	26.01113638712144	26.011136398246407	26.011136494828264	72.30427449896149	72.3042745408737	72.30427458561164	72.30427460738022	72.30427467226181	72.30427464063345	29.1813336686657	29.181333626159102	29.18133362762569	20.805559416096145	20.80555928086372	20.805559270610075	20.805559271676657	20.805559253302647	20.805559187431584	155.65596279056598	0.0	50.830326632411726	57.48914993072401	187.8129104082218	138.3750946023041
17.311535786337657	60.94020650756272	32.57536585338528	138.4777707241397	110.95474892207613	55.84380916237194	26.011136361328795	26.011136380270244	26.011136380270273	26.0111364158451	26.011136409259336	26.011136471627992	175.5390447423041	29.181333596356808	29.18133360490583	29.181333598742327	17.614264416158647	17.614264411250076	17.614264411250076	17.614264411250076	17.61426430451357	17.677477691990674	17.67747768988309	17.677477880724638	31.451129933216095	0.0	0.0	60.71498616568914	7.366195129345215	175.7995653432706
10.128886043335058	9.464901722471325	13.42394460581545	17.765628853234233	25.43493879172732	32.57536585338528	30.219265292181888	32.57536585338528	46.96371222022785	26.011136369509643	26.011136380270273	26.011136398246407	26.011136420496314	29.181333380668747	29.181333533819043	17.61426440736389	17.614264429580857	17.61426438789178	17.767350780001323	17.677477665669244	17.677477692075968	17.67747759194077	52.10880364579657	9.562413569130882	0.0	0.0	0.0	78.47476168998023	205.60117965982388	0.0
1.0976343246705085	9.258737076758166	10.10408355985706	13.42394460581545	81.14331191315486	19.33078732987579	119.7175906107548	27.01249382867556	32.57536585338528	27.01249382867556	0.0	31.451129933216095	26.011136380270244	26.011136420496314	21.479235177439392	111.02882743448367	111.02882738344928	17.67747768566798	17.677477705279358	20.749808367336158	19.37339415290012	3.8911108227341913	10.819455657887914	1.8429142145388653	20.283443501017388	0.0	0.0	92.79196255068067	165.27158722281504	0.0
