254.948792187911	254.93257981333332	237.74569205417674	250.09145452308948	243.39942093897378	237.0240927283654	221.8055530912562	131.6940789473684	232.05	182.46666666666667	37.31951485138336	182.14285714285717	245.17795302126166	141.66666666666669	89.1564284000255	192.666666661	181.333333339	151.2074309031378	181.333333339	193.39017857142855	200.90909091681817	240.14371663219845	172.4899545974239	172.4899545974239	247.07024560099308	208.06570095621962	253.2406470221642	229.67734664030314	234.80807845188113	253.62659141426687
254.998210572899	251.40358757730823	254.49374784879916	250.85365852	242.05976948626375	221.8055528804515	200.90909091681817	228.22236839884422	215.52462958778455	35.35570665988706	162.83806612097266	239.721377415	108.02298131305238	228.92045456027247	223.12499972833808	81.29125752264088	215.28688524590166	239.9142769764471	140.07504288164665	79.19221649642975	237.49783714224844	228.1175601204185	248.52885867894997	231.7002025122422	234.2135169068699	241.02861370403494	244.33249845427625	240.11462707270408	229.67734664947483	234.79299686610835
252.94956233282866	239.762962968	247.251669173285	248.115	228.2809592022531	228.22236832526644	190.8999774110258	190.89997619113154	211.55994807701285	99.609375	61.15830315256454	236.8538215907706	25.557489961454735	229.73147029625784	24.32183327822358	63.84034549793742	135.59952819632974	102.82005325686194	137.2330857601616	206.25564714131343	233.1955065059154	143.77659574468083	225.55282558686167	233.1428571465	231.49512520829205	238.5297734394527	200.3180081378153	203.13281132908125	213.82305774674384	225.305237134723
255.0	233.718518516	255.0	200.44203136909073	223.733841118304	154.8024948024948	194.35975607812497	211.55994795766557	210.68247132182177	232.05	89.21591921591923	218.87136864999223	127.5	110.75334018499484	218.87136864999223	222.4835876886306	116.9242905995892	58.891442302758094	167.1533732013118	214.89202746181718	215.2262100303203	174.78873331792528	130.6923905092214	145.47142859311225	233.1428571465	183.38609159076506	163.73225845488295	200.3180081452481	207.95487074461164	254.17119504067782
250.16151662714248	10.877206501992816	254.99052745350892	73.79708906683393	205.59224208302214	120.0	183.3832085383574	64.61538461538461	188.56430149757645	174.26791541019008	176.97273007842836	94.61538461538461	127.50000000000001	208.77977935270104	215.954631285	182.14285714285717	189.16935267464453	109.988864142539	109.98886414253894	200.02247349061753	137.23308574318486	137.23308573474137	218.7062936901038	230.32544378188572	241.090909077	124.60884353741497	162.90689984952152	200.31800812609129	194.19170329125814	254.241322317
169.64252249108745	181.9731770492579	218.25358482251818	87.97160658775053	193.73056506489814	208.84977594824673	133.33408022999998	188.56430153230423	174.91345749083854	141.7675841134661	172.47344170697158	63.74999999999997	81.90909090909093	178.5	119.0	85.0	17.898641022333692	189.16935268755032	189.16935268755032	208.19336138598214	123.16310838449434	198.8948196801022	198.2074074074074	231.37065637804054	243.230769219	243.230769219	176.76530612244898	254.0714610832954	242.3513781435757	253.6668336406356
195.50341631026174	102.36921083232147	223.6782029041889	152.27139137912008	133.33408004696048	133.33408012079056	176.58985130624188	174.91345727788803	138.305084917179	153.6471358125	93.93366886594421	11.621625842751172	13.555402140144935	13.555402140144963	42.69410096554202	175.4649011035952	216.926174915542	215.70827224633652	215.70827227782326	187.03774885627894	171.23071134626161	189.16935267464453	107.73271896217625	107.73271896256526	221.6275167841229	216.60106653112288	185.29999998300002	248.96449704142012	248.6892569879685	253.6668336407042
149.26971817206123	247.49602201379292	47.93523440484714	133.334079975	133.33408006000002	133.33408006541805	133.33408006795173	160.1983275205023	136.58011624256213	138.30508461243898	46.56753093422046	163.5480280683349	36.454352441613594	13.555402140144963	187.44670700474404	117.94161830227503	128.92462568053605	160.6809968232542	129.6584487818243	171.23071128117942	80.06304035043519	215.76923076923077	210.1008575087515	164.89558354244275	229.85362093893343	229.8536209561017	224.4632290786774	214.31502247278797	248.68925698785287	254.4568047324
197.97786797887903	222.93122009152745	15.935406409058714	39.230769230769226	39.2307692307692	120.91885362937987	160.19832694215174	160.1983273529514	160.19832746780273	133.33408022999998	148.1171764991281	163.54802805747858	9.862090000766614	36.454352441613594	188.62890371547314	36.454352441613565	61.49047534195563	170.97197470976135	200.2172121710949	195.44483074317557	87.877931712898	61.36167146974063	99.06976744186048	210.100857437888	179.98707267670835	226.02272727562502	244.0714285605	226.48749640774648	204.38368055555557	249.73140496009614
212.07093591694107	34.07819396154525	239.6792434445893	78.46153846153842	148.70676793100654	61.54312464535451	160.1983273277188	160.198327421113	160.1983273529514	160.1983274678027	148.11717647949308	9.862089931630805	9.862089968536054	9.862090381542288	188.62890360345762	199.96172863053113	199.96172863053113	170.3047761696523	85.59662868708963	85.59662874979014	121.68270930591382	79.4977360389066	79.49773601819132	195.6733193775	181.44601167328358	102.11120249411857	155.81859175208115	168.22916666666666	193.14492818804337	235.9486666644
54.14578346906046	247.8353413572128	5.079067937768031	61.54312464535451	61.54312466606723	61.543124691208334	61.54312470324399	160.19832694215177	160.19832723132703	160.19832696545382	129.46153860394617	9.862089281756909	9.862090385222416	9.862090513373943	9.862090367544397	113.02766505306303	113.02766505306303	33.517680274139536	134.65835671580447	85.59662862488997	85.59662869720896	153.72888060557472	155.55137184998316	155.55137171935445	55.948956179374534	181.4460117205478	107.71199999999999	146.54064272211718	192.744140625	212.65744122082614
245.9743988003711	228.94299840969117	78.46153846153848	138.91159645949625	31.60285966347766	61.54312470377886	105.29782252971359	105.29782286773451	61.543124732188744	61.543124840907666	129.46153860394617	8.893333571273246	84.11956002477791	84.11956002945257	30.714284918087344	30.714285130332797	30.71428491808726	30.71428491808669	30.7142860965304	159.59970007495883	182.45013484903092	182.4501348759125	182.45013490254325	182.45013487701823	182.45013501683064	84.38181818181818	155.390625	114.51567567567565	114.40848214285711	203.13281132908125
129.06238573285452	4.496901491118507	27.73548727941244	110.95474892207613	104.22818425256531	104.22818434709251	31.60285905999737	31.60285917574501	31.60285926115742	31.602859210867422	31.602859356070468	155.21739126	127.5	63.90775868057139	121.75201423189188	121.75201418738925	141.2123948811281	30.71428387068846	30.71428520619429	30.71428500542538	182.4501347189434	182.45013480545344	182.45013485671853	182.45013480545347	182.45013487209377	74.94396014943959	83.671875	233.7504449227642	248.115	170.62254723189702
40.366701935453534	57.70016904383286	72.54986512790623	72.54986512790623	104.22818421860771	104.22818423658313	104.22818423658313	104.228184220185	31.602859241267026	31.602859235853515	51.0	46.793371970183046	68.77433050451256	172.77035088032233	172.7703513453814	63.90775869311307	8.12446800492748	26.424160436521504	105.03747871748081	49.47761194029849	116.6949152641267	182.4501345239637	182.4501348759125	182.45013483380617	182.45013487209374	106.25	176.21951219512192	75.96879334148855	252.56883534422641	0.0
5.082621911933558	18.110407652639083	72.54986512790623	72.54986516619383	72.54986522960283	72.5498654760363	104.228184220185	104.22818427253412	139.42192576610353	93.93366886594421	105.58168711638552	115.33074784287777	117.77643158201525	82.22964865461856	82.22964911967765	138.07092849795134	118.68355170567983	23.722629650568138	49.477611955636036	125.7167830450473	125.71678326136364	150.77181572746588	150.77181577981497	182.45013477039714	182.45013501683061	95.9677419217742	88.69565217391303	248.7179000861351	170.62254723189702	0.0
5.082621911933558	18.11040765795508	72.54986498316941	72.54986514328147	72.54986512408749	72.54986512408749	72.54986519454653	23.365035681400826	36.62369904954727	99.09275160818214	99.48154752185008	118.33227766145009	136.73344239062382	17.954292014727457	17.954292128638514	138.07092853378575	17.9542921467704	17.95429203849605	17.954291844817874	133.24798581261075	150.77181577981497	150.771815779815	150.77181576341684	150.77181578139232	150.7718157474347	61.19999999999999	88.69565217391303	176.21951219512195	201.42729657638873	174.09224247293992
18.110407485961844	18.11040761096976	18.110407716739473	72.5498651945465	72.54986509745675	72.54986515096908	72.54986528105661	31.987662143781364	50.00019292498712	50.00019293453488	92.60142601982605	82.81933418713828	17.95429157926185	27.611173593338975	27.61117363798965	36.21334640330889	36.21334641213568	133.24798576810815	35.57904877495287	107.22072884696885	46.363636363636346	110.16798905701967	150.7718156529075	112.05651338120808	51.00000000000003	95.625	116.08840354050375	231.7858328429327	169.353214965029	236.45066951805413
39.252264797433156	18.110407472613787	18.110407735977645	103.29941106743217	72.5498651229818	24.359754778152535	27.192089810206255	31.9876621601677	50.00019291083794	88.38564748365704	90.88935871319453	50.00019288789048	50.000192936362794	50.00019297433673	23.365035762980796	28.544955773816753	28.54495575100475	45.65170437132059	35.57904878665116	107.22072877200219	110.16798925124246	94.80167253219727	94.80167276867297	94.80167303454618	94.80167305784826	47.8125	186.0892707540482	166.02726509882842	84.40421130597463	116.60688921279043
39.25226460687247	39.25226473762433	18.110407677549915	24.359754679743958	24.359754735244962	24.35975477382337	24.35975496198205	32.36511364140776	85.7592405579042	102.89366742805515	90.88935871319453	93.41781133187663	50.00019288789048	50.000192920205336	32.138328396225035	32.138328413090846	32.138328423574734	45.65170436145169	32.13832847827416	106.88282352050692	94.80167278337177	94.80167264704858	94.80167257888701	94.80167267228123	94.80167247949771	47.81250000000003	186.08927066430186	130.92194298912415	46.71550922312531	237.2394010006285
39.25226467723496	39.25226466749447	39.25226478431094	61.54312464535451	24.359754713791176	24.359754765855882	24.359754637272772	27.19208978050446	80.53200485816242	32.36511364140776	32.365113665095976	32.365113628773	32.36511367103077	32.36511367103077	32.36511366488767	90.88935871319453	32.1383283529029	32.138328424169885	32.138328424169885	106.88282350087187	94.8016725321973	94.8016726470486	94.80167257888706	94.8016726722812	94.80167305784826	186.08927062205782	186.08927064011823	2.5008738300184348	93.71362236172851	227.12615560911144
7.518509511807622	39.25226460687247	39.252264706433294	110.79439834976196	61.54312464535451	61.543124840907666	93.7505602184184	77.09167411604005	79.04800589216427	78.51029544401061	32.365113628773	32.365113628773	32.36511364941157	32.365113628773	32.365113665095976	32.36511379780424	102.89366742805515	32.36511373850533	32.138328390706846	67.20277789952999	94.80167247949771	94.80167247949771	53.621684846759734	53.40479914863769	35.227635374542956	84.06995065033274	178.5	0.0	189.23375734746327	0.045196941453525596
28.619742957029302	73.31590772120006	39.25226466749447	110.79439827162176	110.79439821515851	61.54312470324399	61.543124732188744	68.956438283317	75.26028165954949	5.2073259122025775	5.207325774064401	5.207326121425041	32.36511356799838	32.36511364674362	32.365113652079515	32.36511368344833	32.36511368878416	32.36511373850533	32.36511371328862	23.734773958744057	23.734773972694114	33.228069350313774	23.734774141755793	32.69615390129911	30.109598671752934	146.0711111744344	178.5	0.0	0.08168275178815065	255.0
208.37615823282135	133.33408022999998	77.02370990320154	39.25226470771992	110.79439818692691	110.79439821975058	61.54312466606723	61.543124691208334	61.54312470377886	95.48647328999999	5.207325835092831	5.207325794075302	95.20923387476981	22.586407280644437	32.365113628772946	32.365113652079515	32.3651136710308	32.36511366488767	23.734773968044152	23.734774011574927	23.73477401157487	23.734774011574927	21.977467672679012	21.977467654999998	21.977467617306445	35.504254961359834	146.0711111744344	211.20650967247656	190.86900358190184	16.86223556594726
163.41933966788224	133.33408012079056	133.33408006000002	133.334079975	77.02370996423923	110.79439815474484	110.79439810223204	72.86398235343194	72.86398239575527	13.432822776009743	13.432822864347628	13.432822860559043	5.207325779411661	95.20923377490925	59.75232556776291	59.75232562407919	22.586407298268057	23.734774011574927	23.734773968044152	23.73477394648455	23.734773986644285	22.085523134125282	21.977467612499993	21.97746763576393	35.504254954320515	35.504254918553016	112.45529623877391	8.8176736085409	217.0590585664195	132.07506089407883
10.013726667697824	7.518509511807622	133.33408006541805	133.33408004696048	133.33408022999998	57.407544067135035	65.8306473253555	65.83064731244968	110.79439795972777	3.961105919198502	3.9611060713405095	3.9611059848759	13.432822831896942	13.432822849193428	70.07597650141773	77.85011739606028	23.734773958744057	23.734773881394062	23.734773972694114	22.085523195034654	22.085523407519105	21.97746774000001	21.97746757147854	35.50425495635278	28.46916505130949	28.46916505365715	11.733563153477633	144.3683659742757	253.87911592593144	247.93750109570246
242.78251086391364	163.41933966788224	42.163573687551235	133.33408006795173	50.04620071159664	119.7995414406779	51.21265999203692	55.07737007505733	115.33074784287777	112.99827816101086	112.99827828024294	3.9611058984114607	3.9611059176430103	3.9611059170597116	13.43282268230655	22.085523065042594	22.085523121163334	22.085523216615258	22.085523195034597	22.085523195034654	21.97746774000001	30.959623416422374	30.959623473118512	28.46916505130949	28.46916505365715	255.0	0.0	253.1296128358432	51.55958148773624	40.731382593430595
253.128037178043	232.31781279497855	20.819648440483604	32.05282824323231	56.758671672870065	18.21255395855127	18.21255395855127	18.21255397005507	18.212554067394706	112.99827805163588	112.99827816101086	112.99827815929979	112.99827811987632	112.99827816617776	112.99827823854991	38.26068932404951	38.26068923525247	38.26068925794027	30.95962360637742	30.95962343002705	30.959623388074306	30.959623399757334	30.959623405088962	30.959623339217927	155.65596279056598	0.0	75.63816742584137	12.704527671893743	4.55793687170592	105.73451007528365
210.47754732153896	146.36594570019741	0.0	4.496901491118507	110.95474892207613	22.90011514635688	18.212553929348672	18.212553988805666	18.21255395652375	18.212553958829318	18.212554018782015	18.2125540387662	41.929391046716916	38.26068922667139	38.26068919085395	38.26068922979917	26.563102200097802	26.563102111920898	26.563102093167913	26.563102083791364	26.563101968003423	15.7213238614452	15.721323889972751	15.72132395827387	31.451129933216095	0.0	0.0	229.91912202696008	28.859166082831422	110.61924454525348
10.11369814573817	10.332545353010431	12.379025592202765	18.82194641982636	35.89520281465903	32.57536585338528	29.847035132589895	32.57536585338528	143.7916034413019	18.21255393500249	18.21255395652375	18.21255397005507	18.212553993062812	38.260689036052554	38.26068916413365	26.5631020498013	26.563102090797713	26.563102049866302	46.178379537957454	15.721323901955799	15.72132387554899	15.721323827619642	206.5914137019854	255.0	0.0	0.0	0.0	204.7417361125695	34.42406710463237	0.0
0.9988629013795389	9.981401937575669	10.523520557922012	12.279156021895687	0.9953964115382519	14.039459378276007	6.490047152596816	45.684891360443885	0.0	40.76568839783258	45.684891360443885	31.451129933216095	18.21255395652372	18.212553993062784	112.45529623877391	60.29278357508909	60.29278362340088	15.721323947027855	15.721323862345685	68.23692603854704	64.54261739922089	19.435005093868455	0.031451630660797036	4.465711381288941	69.25617754596345	0.0	0.0	236.39592432268927	66.80801877903721	255.0
