254.8889898953117	254.97275804148148	254.94434793381492	254.8110428517425	252.95961816679673	253.19851950120193	253.159116480408	249.78070175438597	244.8	250.46666666666667	158.05723113545142	250.44642857142858	247.79681131670256	117.86666666666667	221.48311659866678	221.0	144.5	239.83420554568764	144.5	239.3357142857143	231.8181818181818	240.34758253870845	185.98897029666983	185.98897029666983	249.0937007267596	219.09888703203362	253.84669628186927	254.4328136204135	254.03617463710842	251.26389399696126
254.95944823004825	254.94089129737043	251.97394799332622	252.36434108	242.7485305576923	253.1591183174847	231.8181818181818	240.79490246403898	246.04766837771098	151.82650336550006	204.33070903080971	243.788927295	250.73650720517173	249.2045451680656	223.12499972833808	211.0469797556151	254.18715846994536	249.6720790783411	242.6072041166381	229.3116031206901	241.49354209434102	227.60776870738175	232.82641328457024	224.4487174724513	234.52325658724752	240.95663161075538	239.04115194218915	254.03776530612245	254.43281362035054	254.45630971568167
249.28539059047216	250.46666666666667	253.2441210910947	252.96	228.2809592022531	240.79490255107422	246.90379765725513	246.9037956405524	230.0325565235221	239.0625	247.30333642539105	241.68110773302539	121.31006943136788	234.4979633384058	116.30613695970999	189.81801826007703	185.6148948824531	197.5440393281442	222.22928226380674	194.4491096020157	219.49887414804465	177.2340425531915	232.60135136706765	114.75	231.64033051722433	240.19200445154354	250.65625975462908	254.3842528601642	254.06204872863358	249.08681284609978
255.0	207.11666666666667	227.54798063576987	207.21279785809747	184.31996566327803	250.75883575883574	240.915697625	230.032556497294	228.42899203047085	244.8	89.21591921591923	137.1197762933043	233.75	204.1677286742035	137.1197762933043	229.07524309774874	78.74419980887203	179.74691468152625	142.86240848688672	216.68056936325746	214.89280577736304	208.83620271030617	182.58577489908123	222.17959183890306	114.75	239.50758003369913	241.72835068661485	250.6562597547899	250.77576787523427	234.74073840725805
254.91759984187618	219.61935025714192	253.24485309017086	195.8709408072024	2.042091874728584	241.15384615384616	238.16935380470738	64.61538461538461	213.892706299952	235.826866830968	91.23016631762948	199.6153846153846	233.75	217.34852904642935	223.23529413	250.44642857142858	55.946454789145406	122.38864142538975	122.38864142538975	199.0097300096663	222.22928226323117	222.22928226239486	147.1153846087278	248.96449701950388	229.5	200.29931972789115	247.4356187375261	250.65625975416148	234.2645052515462	252.45
246.169740107473	85.83021564437126	191.47887472796967	254.0195170252239	247.82120342632405	30.803029119271912	178.23735127499998	213.89270618814447	203.71114085029268	225.91176621015185	129.82097261078363	212.5	170.61818181818182	204.0	221.0	67.99999999999997	90.29468836146228	55.9464546651775	55.9464546651775	216.34508050721678	197.26833827155332	255.0	240.56049382716049	223.98648648648648	247.153846146	247.153846146	255.0	170.3868912152936	254.18235553523346	230.11043733915756
254.78692907628846	235.55180726359197	30.54352799679353	101.58910129873908	178.23735113097945	178.23735116789447	205.7394782456896	203.71114082274846	224.74576256901753	221.53216130625	214.46176166652586	64.32105163085217	72.70624784259579	72.70624784259579	146.78504497610527	100.9523098749514	161.22941151279622	198.8335194575413	198.83351948675013	189.67262016138227	164.75976784548004	55.946454789145406	139.3234028075677	139.3234028071997	219.91610730286644	141.5677374281904	145.35000000000002	132.78106508875737	202.40510861780854	230.11043733988316
245.4475604071986	113.08522082886901	125.07680486216128	178.23735102	178.23735110500002	178.23735111252194	178.23735113455692	192.26595858599256	224.15803243690445	224.7457626356794	190.8199153710995	215.56143638367388	134.08704883227176	72.70624784259576	194.68623947527936	87.1384498834868	161.8871652437	146.66855652886588	191.79879070629892	164.75976782629772	123.86972304222078	78.46153846153845	117.44351513908788	255.0	151.27118640551566	151.27118644067798	222.88250211174272	117.68820084513564	202.40510861278636	254.7585798822
251.17495371936624	141.80186548151391	252.76517791701988	39.230769230769226	39.2307692307692	218.7583921311562	192.26595858599256	192.26595848550267	192.2659584223755	178.23735101999995	212.93343549507296	215.5614362819539	56.35009692548516	134.08704883227176	225.14462533512628	134.08704883227173	141.7893117071397	170.30048677289653	210.27004103686065	174.3619196689565	163.51664586589186	51.80835734870317	196.3953488372093	117.44351518448761	86.2209135184732	151.40625	229.5	146.22736418511067	192.744140625	208.18359375
254.22331618658734	104.40069562237204	11.183051417992317	215.76923076923077	188.8845081010286	186.08927052513167	192.26595858599256	192.26595851706628	192.26595848550267	192.26595842237552	212.93343546697184	56.3500967710975	56.350097574698225	56.35009730833764	225.1446253523171	202.8332391429114	202.8332391429114	167.05301219817653	171.1136596464445	171.1136596638014	87.78531762438712	106.22505450276708	106.22505450365779	109.73164704749999	141.17558616990564	84.40464395692678	114.63059313215399	155.390625	150.85495619482396	207.8505
0.20402291731164723	80.87417020881028	120.63919940618567	186.0892707540482	186.08927066430186	186.08927064011823	186.08927062205782	192.26595858599256	192.2659582968173	192.2659584223755	237.34615382673462	56.350096504499874	56.350097574698225	56.350097513311766	56.35009795221657	108.77649545587732	108.77649545587732	127.6562901994352	194.3199038145504	171.11365960286966	171.11365962123102	116.57521017910227	115.41200739536811	115.41200737427468	176.1030526164938	141.1755861896901	83.53800000000001	71.70368620037806	118.22387695312503	254.07580779229988
224.0102766769382	4.9814137103391545	215.76923076923077	229.74336931815478	164.1671677880119	186.0892706280264	202.4776632151077	202.4776634772198	186.08927055606267	186.08927069116817	237.34615382673462	50.657147487645204	130.08527787244424	130.08527788731965	121.21404149171119	121.21404228450481	121.21404245852344	121.21404439214885	121.21404341330148	160.19830969004005	82.75040754781318	82.75040754383454	82.75040760132558	82.75040758974865	82.75040757049138	67.07272727272729	86.66015624999997	92.89861861861863	92.81165994623655	254.3842528601642
148.58058413129385	194.2674012294443	27.73548727941244	155.65596279056598	188.14051873471715	188.14051877396443	164.16716718453165	164.16716729272787	164.16716728511167	164.1671673354017	164.16716740492876	165.00000011999998	233.75	72.47357283106814	135.99555652441933	135.99555653558397	141.42960607431715	121.21403976521552	121.21404195406811	121.21404183639112	82.75040745957017	82.75040753050612	82.75040754155268	82.75040753050615	82.75040752903158	60.97135740971356	66.50841346153845	158.4968704434956	252.96	213.9987611549603
87.08304360371207	194.24785373032108	172.24959247096842	172.24959247096842	188.14051879787803	188.14051874504548	188.14051874504548	188.14051871587807	164.16716722720582	164.16716728644678	122.40000000000003	36.6310462787533	161.8871652522563	176.4307586871924	176.43075847278482	72.47357284437123	46.46827707074047	107.73957232543012	95.04494877888163	68.50746268656712	47.54237286377477	82.75040707762446	82.75040754383457	82.75040751166628	82.7504075290316	95.625	91.21951219512198	215.64947967387354	252.3444619507694	0.0
120.72361422467131	18.110407652639083	172.24959247096842	172.24959248833375	172.24959242950865	172.24959292237554	188.1405187554882	188.14051863938033	150.2511818871568	214.46176166652586	106.44268002369324	140.9605331234972	113.41477335760402	78.56924152721521	78.56924131280758	202.0834963642997	118.35991029327971	98.33714729949492	68.50746268145468	88.38068162307917	88.38068181818181	66.85948136061967	66.85948128412193	82.75040757049132	82.75040757049132	65.80645161290326	38.80434782608694	111.7126778348561	213.9987611549603	0.0
120.72361422467131	18.11040765795508	172.24959242950865	172.2495924584473	172.24959245616543	172.24959245616546	172.24959246949388	67.2084093934516	95.06925363172851	99.33626582173329	98.91193911353449	111.44773415560013	144.39902807082842	81.68671707323028	81.68671706956437	202.08349628927377	81.68671703183884	81.68671708597597	81.686716973481	119.00444346441603	66.85948124451181	66.85948127091856	66.85948125495452	66.85948120212197	66.85948126528285	45.900000000000006	38.80434782608694	91.21951219512195	29.93654701159801	44.58781479189466
18.110407485961844	18.11040761096976	18.110407716739473	172.24959246949385	172.24959239867445	172.24959245218682	172.24959254042986	100.1234747380636	98.2050128119696	98.20501281375411	92.27022052224171	87.45453339598498	81.68671699628058	63.370696947487914	63.37069697929948	51.83118729649644	51.83118732064818	119.00444347558073	50.20320631415177	104.75401880169164	37.09090909090912	75.20423019900997	66.85948122603557	75.52255932391506	39.66666666666666	47.8125	25.256630681845223	120.2813075279827	6.703189344262938	169.68038994211113
167.277400676434	18.110407472613787	18.110407735977645	143.58262233531966	172.24959241025135	68.74857795978747	102.89043556444977	100.12347477189613	98.20501280114752	61.06211464643181	0.0	98.20501276000834	98.20501281614165	98.20501282279167	67.20840946106489	49.967823086028034	49.96782312323077	148.79149030575675	50.20320636451868	104.75401874302011	75.20423044777516	62.73404157762448	62.73404170318264	62.73404157762451	62.734041414007436	37.1875	36.5581561143874	110.80176726785152	254.18296133743542	116.60688921279043
167.27740033956917	167.27740032441693	18.110407677549915	68.74857795498306	68.74857795978747	68.74857799106414	68.74857806322626	85.59911613916373	85.34424797392126	94.71404886627016	0.0	90.88935871319453	98.20501276000834	98.20501279743053	77.96962098158525	77.9696209901561	77.96962099171733	148.79149030598987	77.96962109954879	42.06656453302813	62.73404157762448	62.73404151449731	62.73404148293375	62.734041414007436	62.734041414007436	37.1875	36.55815606810825	61.01550638553181	250.0417401807637	237.2394010006285
167.27740037830705	167.27740033679703	167.27740029528698	186.08927052513167	68.74857795978747	68.74857792508351	68.74857768692232	102.89043550934917	80.06044192000124	85.59911613916373	85.5991161041793	85.59911612447283	85.59911610822539	85.59911610822539	85.59911614037904	0.0	77.96962095987823	77.96962098628003	77.96962100529507	42.066564504927044	62.73404157762454	62.734041514497335	62.73404148293375	62.73404141400741	62.734041414007436	36.558156103447885	36.55815606335727	59.81685876623635	149.0658876497958	0.0
33.88220377222501	167.27740033956917	167.27740032296032	122.97877987995278	186.0892707540482	186.08927069116817	115.71708591635894	78.44613657914005	32.64734954123102	74.49241151857262	85.59911612447283	85.5991161244728	85.59911609727132	85.59911612447283	85.5991161041793	85.59911605948332	94.71404886627016	85.5991161810561	77.96962101198145	24.99631542116208	62.734041414007436	62.734041414007436	35.354023881044014	25.146106171434468	27.0890325898294	50.929562954275326	204.0	0.0	151.28385170158992	18.70546077816465
5.079067937768031	108.28624857065597	167.27740033679703	122.97877988597452	122.97877982763052	186.08927062205782	186.08927055606267	68.95093657740765	76.328418015446	31.557717155415276	31.55771696903713	31.557717132806545	85.5991160692937	85.59911611123545	85.5991160833072	85.59911609712319	85.59911611123547	85.5991161810561	85.59911609197806	34.154801047480476	34.15480121743113	26.350946558745363	34.15480109547988	24.08767893740236	23.1534104124178	67.287264505401	204.0	0.0	174.80635360623825	160.36885391609667
163.41933966788224	178.23735127499998	187.51060246110148	167.27740029411245	122.97877985750043	122.97877983624343	186.08927066430186	186.08927064011823	186.0892706280264	103.50742586999999	31.5577170145271	31.557717049749044	42.629608452940516	78.01433751484706	85.59911612447277	85.59911608330722	85.59911610822542	85.59911609197803	34.15480116078092	34.15480118226708	34.15480118226708	34.15480116057029	16.702894962240606	16.702894909999998	16.70289490686804	30.959623473118512	67.287264505401	44.70131865960363	18.02407080669755	62.14322983802768
0.1316384024820536	178.23735116789447	178.23735110500002	178.23735102	187.510602353288	122.9787798143887	122.97877971094258	73.2179394359776	73.21793948271772	63.322512423950116	63.32251240353128	63.32251249355153	31.55771689670044	42.62960852255625	114.23625358818447	114.23625365148547	78.01433749113798	34.1548010954798	34.15480116078092	34.154801160570315	34.15480108762944	17.358019062300542	16.70289499500001	16.70289492532558	30.959623416422374	30.959623405088962	8.19095797599445	224.3609670542653	237.78997649551775	245.90604896988398
249.8511933037531	33.88220377222501	178.23735111252194	178.23735113097945	178.23735101999995	55.54611416165949	199.05354521085457	199.0535453348225	122.97877947692677	24.20995691160178	24.209957013701796	24.20995710016632	63.322512455393905	63.32251254785308	69.46126082183147	78.13792059299325	34.154801047480476	34.1548010954798	34.1548010675549	17.358018794225302	17.358018742608067	16.70289499500001	16.702894748004326	30.959623399757334	10.994849581363127	10.99484950794377	19.845186134859404	2.840549116990587	100.72783938299469	168.30901781052017
248.00257829590183	0.1316384024820536	4.8924524465925	178.23735113455692	49.85491122027898	50.86577077588484	59.219571886480736	55.52357648899857	140.9605331234972	45.63114290930517	45.631142946132314	24.209957013701796	24.209957102367156	24.209957023699843	63.32251228339538	17.358018664233242	17.358018752795402	17.358018749399633	17.358018750894644	17.358018729229315	16.702894740000005	13.677418935710364	13.677418887864206	10.994849581363127	10.99484950794377	255.0	0.0	241.5974119422538	10.021654166341477	252.89037382904243
79.07370428043117	28.020004130265562	66.26945007002632	88.93178698504755	83.83151515604055	21.096196754719415	21.096196754719386	21.09619675369447	21.09619675164467	45.631142967774565	45.63114290930517	45.63114306707547	45.63114307834877	45.63114310590478	45.63114302362956	12.903815491161453	12.903815397591387	12.903815387991841	13.67741918307621	13.67741895203801	13.677418959633428	13.677418931258671	13.677418889700078	13.677418889700078	6.562921269940745	0.0	217.6116443180107	12.704527671893743	253.1633402104664	184.40608223299637
14.020269533045507	0.49467293715764526	34.24016530082338	194.2674012294443	155.65596279056598	157.65802098999836	21.096196763943595	21.09619673945255	21.096196723311607	21.0961967582642	21.09619675292285	21.09619677266369	34.192399842667015	12.903815387991841	12.903815350806354	12.903815389046656	16.79294900166647	16.792949015802208	16.792948997049223	16.792948987672702	16.792948889186903	11.948220162124358	11.948220099896105	11.948219983986576	14.214236831995947	0.0	0.0	177.05048907876665	162.7171287787259	23.81396105688802
10.141814434198352	10.547761206454169	12.35518958342999	19.96821715426725	25.13966730365763	34.24016530082338	30.253173096411984	34.24016530082338	143.7916034413019	21.09619677711484	21.096196723311607	21.09619675369447	21.09619675164467	12.903815347162976	12.903815325454048	16.79294895583817	16.792949014462863	16.79294897270421	26.68239450208131	11.948220136761591	11.948220110354839	11.948219982033066	30.704048922865496	51.55725119257383	0.0	0.0	0.0	92.2081662832523	6.579225721009038	0.0
1.08241105856834	10.107062751287742	10.679563879935131	11.76887626687585	0.5360213423215043	24.336367425052657	4.298189398792118	30.374465792951497	34.24016530082338	40.76568839783258	30.374465792951497	14.214236831995947	21.09619672331158	21.09619675164467	8.19095797599445	10.715964674565129	10.715964625444713	11.948220157850898	11.948220097151506	8.777006892118663	8.168565427284165	1.9580198533137434	4.55776715375319	0.44208020936954995	69.25617754596345	0.0	0.0	83.87393137810298	179.7147613722941	0.0
