254.919965291285	254.7548224237037	254.9248889565111	254.32350749447966	252.95961816679673	250.4358514423077	247.95397058262043	235.6140350877193	244.8	236.86666666666667	0.7649008325047646	250.44642857142858	242.08466068832425	255.0	8.50448779042597	226.666666661	238.0	238.21913901871253	238.0	215.83928571428572	247.27272728045455	243.08460378509824	176.1093065367814	176.1093065367814	246.33808829420386	211.11978264215836	252.97140742627715	250.05022651604645	253.0223988296671	254.58039582651628
254.98031350505337	254.07642652150145	252.94720748900414	247.09302324	250.35139278021978	247.95397139785243	247.27272728045455	242.11955012030717	238.1231596636885	0.7225751330072399	211.4944926174926	234.92711374499999	255.0	231.81818154158057	243.4090907707903	7.65065147851999	230.03415300546447	249.24388137653258	223.7993138936535	226.575942284958	235.9389451806102	228.55850149259703	237.67507715362075	233.5619658319449	234.96932186594836	240.8700146314607	245.70619085562012	248.98603316326532	250.0502265174002	251.7321395374911
254.89875856523338	251.8518518516	248.4734312021664	252.96	205.50063994642045	242.11955011830366	233.25292189538786	233.2529214906748	232.1316190677344	212.5	210.1896987187241	231.1701077369887	0.5107440679601609	224.58366556516214	0.4853477313020278	5.724792295575128	174.06413013095516	188.56001638672677	186.9026311193195	209.77685204659838	218.94005040857306	184.3036750483559	248.10810812487216	204.0	231.57887959466052	239.72999722886624	236.58350151842316	251.15114323302637	247.11218326242087	245.661389920427
255.0	253.86666666666667	226.21922258834715	254.18913259580773	252.18668343333061	179.87080487080488	228.5610464375	232.13161913881387	230.52091509702223	163.2	239.24710424710423	179.84499335439216	233.75	212.73237410071943	179.84499335439216	210.0970037649344	255.0	5.244674519463416	255.0	214.63689097784905	215.1965719586581	198.6447211522026	170.6012926297024	195.3265306144133	204.0	232.72355323989427	237.32950415490822	236.58350151795997	241.0355962800656	249.00874100326422
254.91759984187618	201.26127608718312	46.548464967080974	215.8970257057761	188.6249133373271	144.23076923076923	223.4724335629238	218.07692307692307	216.99260059994967	216.2938969706226	253.81885290918973	190.3846153846154	233.75	199.65188644026745	208.163265405	201.875	138.16998792674127	113.20712694877506	113.20712694877503	200.5280018892073	186.90263111942863	186.90263110792912	238.84615383534634	201.92307690240168	224.4	255.0	225.10125983307398	236.58350152044156	226.87935302268693	251.328
47.784864879914664	250.99259814662122	246.74044648708303	49.67509717988494	68.95617609620899	167.89155868282614	178.23735127499998	216.9926004865217	207.3670922467228	197.39365323874483	29.543493896474615	170.0	180.8181818181818	204.0	187.0	255.0	0.3533324594514511	138.16998786581644	138.16998786581644	205.21629410661345	184.46711331155728	182.25363355128246	146.7037037037037	172.2972972972973	204.0	204.0	180.40816326530614	247.57168866636323	209.00749885688157	248.13211099002677
244.52536384555503	37.87604680910954	177.4920111864078	176.6355750324311	178.23735113097945	178.23735116789447	209.37412360314227	207.36709175569007	195.22407383940083	199.682950725	214.46176166652586	0.22489306225944006	0.26406627545736683	0.26406627545739525	3.673289670125172	138.70989428329327	196.0554611291559	206.2252831447367	206.22528316868502	188.28635633682705	176.93578088880872	138.16998792674127	145.04663782883682	145.0466378230651	219.91610730286644	210.4818435724793	218.4499999983	230.85798816568047	233.64685286970638	248.13211098926055
22.04109926287569	46.26819595135561	86.86795463354264	178.23735102	178.23735110500002	178.23735111252194	178.23735113455692	196.48747730943768	194.1337139226051	195.22407340924607	141.5728043534688	170.56700578003705	3.067940552016978	0.2640662754573384	180.19123899619797	189.15928311094783	169.9999999780531	165.15530917034692	155.07011385077806	176.9357808768877	112.63623274574113	176.53846153846155	164.80714612611757	138.16998792674127	195.93220336404482	195.93220339271187	183.2326007305182	169.42720530485457	233.6468528676674	244.8
28.948578044103755	133.32983789455545	1.5428340885674743	176.53846153846155	176.53846153846155	184.1462350325421	196.48747673108716	196.4874770633368	196.4874771662732	178.23735101999995	212.93343549507296	170.56700575747055	0.18957393847333037	3.0679405520170064	223.15449105336654	3.067940552016978	132.1718928810113	171.31417074536964	140.96053312202145	166.66540882178197	131.64387045515417	162.4063400576369	106.3953488372093	164.8071461170328	131.8586612972105	189.479166663125	178.5	146.22736418511067	138.20570203993057	234.41973824831732
254.89468185187738	113.30034956094451	239.08440120795626	98.07692307692307	194.1164083623989	186.08927052513167	196.4874771166542	196.48747713745584	196.48747706333683	196.48747691509874	212.93343546697184	0.18957365434096118	0.18957393785376553	0.18957413628555742	223.15449115062648	196.50924550924682	196.50924550924682	169.56324825312615	129.02160276592866	129.02160278194674	158.4585581365091	111.31393593828611	111.31393594991039	148.08722947875003	134.6307075583208	110.48748159057439	110.53243148022892	103.48307291666666	146.26096997415328	249.76116666678
170.66437727931066	227.0083951656818	71.59620419382347	186.0892707540482	186.08927066430186	186.08927064011823	186.08927062205782	196.48747673108716	196.48747702026242	196.48747691509874	187.00000011219998	0.18957305022900073	0.1895743545397579	0.18957449322883235	0.18957485987448308	117.97167023598536	117.97167023598536	2.7896167756832426	88.82071259840225	129.02160269835613	129.021602723017	110.8804675482263	109.32281744298191	109.32281738243469	140.13920027431226	134.63070738676313	115.362	123.76417769376181	138.20570203993057	253.87126929128823
218.24221031826556	154.14203249275124	98.07692307692307	232.16946379352353	111.03336653105953	186.0892706280264	163.96963473270233	163.96963454859164	186.08927055606267	186.08927069116817	187.00000011219998	0.17116049662632804	189.6847468619199	189.6847468525305	2.527915977334146	2.527916452193068	2.5279169441469094	2.5279174275526657	2.527917092420438	159.8345587367222	127.94396136780412	127.94396132665493	127.94396136780409	127.94396138557944	127.9439614500147	67.07272727272729	103.48307291666666	92.89861861861863	92.81165994623655	251.15114323302637
28.948578044103755	194.2674012294443	147.6310923283741	155.65596279056598	156.01949009201667	156.01949030848536	111.0333662293194	111.03336626875262	111.03336632989942	111.03336638018945	111.03336647378092	145.714285605	148.75	66.09458508926218	190.11362941533594	190.1136293913187	140.39631882870128	2.527913932904312	2.527915828614539	2.527915984522423	127.94396142113008	127.94396126497504	127.94396135002876	127.94396138819182	127.94396131447809	81.73972602739724	66.50841346153845	46.60551659862497	199.92	213.9987611549603
48.03450824057953	73.70757177570857	127.05603868552193	127.05603868552193	156.01949007027076	156.01949011247342	156.01949011247342	156.0194900831566	111.03336626875262	111.0333663370954	132.59999999999997	255.0	123.31856626171214	168.44198850255387	168.4419887265691	66.09458515763373	0.1562482850203537	2.160708270835812	114.68187449728651	72.31343283582086	77.79661017608444	127.94396095714774	127.94396132665496	127.9439613411411	127.94396131447806	58.4375	129.91869918699186	23.501080494586574	245.1478911098111	0.0
6.3507592535486594	115.96296906511068	127.0560386855219	127.05603865885888	127.05603879641879	127.05603904285225	156.0194900435465	156.0194900144674	129.0647925905609	113.14138915514471	106.19082385129167	140.9605331234972	120.58698533856435	86.55801127343088	86.5580114974461	95.17573103621658	118.04331582855394	1.93285901702464	72.31343284945422	83.10092459198808	83.1009244943181	98.98050998553259	98.9805099168434	127.94396120358121	127.94396145001464	63.06451611532259	72.06521739130434	26.506793825277555	213.9987611549603	0.0
6.3507592535486594	115.96296901402161	127.05603854998533	127.05603864997126	127.05603867334504	127.05603867334507	127.05603873502494	60.69990275097581	104.34263795847093	99.32233106689932	99.76696847951422	113.50336034006128	129.32239813758468	1.425985712162543	1.4259854316027258	95.1757310991197	1.4259853196044787	1.4259853737416677	1.4259851590094001	64.88637060868126	98.98050995645352	98.9805099300468	98.98050988752658	98.98050992972921	98.98050990798333	66.30000000000001	72.06521739130434	129.91869918699186	178.4293315236146	178.15368016120522
115.96296904753169	115.96296906071595	115.96296904852375	127.05603861180819	127.05603863219591	127.05603863219588	127.05603857886993	96.56212575160421	65.9511753724268	65.95117537940573	91.55120852697578	87.95157045036524	1.4259850095795343	175.22233392742137	175.22233395266653	55.99101138943965	55.991011394609814	64.88637058466409	53.20029300857499	64.70964805376681	51.00000000000003	70.43296060678495	98.98050969151464	70.56305302515779	39.66666666666666	58.4375	22.830536206476495	247.47153088772646	215.324333053422	240.76702342973687
51.314431046086014	115.9629691060764	115.96296907390018	149.6237734473566	127.05603861442056	76.55234734205035	71.60042271205913	96.56212574311789	65.95117535937854	16.5316938212664	87.89708904445689	65.9511753831242	65.9511753936055	65.95117538547501	60.699902809064554	43.90155315840008	43.90155322385499	47.49400463312119	53.20029307498905	64.70964801859378	70.43296074395369	58.51252308490126	58.51252297973758	58.51252308490126	58.512523268912844	37.1875	117.17854127917988	110.80176726785152	29.2257262817632	116.60688921279043
51.31443127885325	51.314431259306275	115.96296906770797	76.55234724888328	76.55234734205035	76.55234733285175	76.55234750078873	55.24017599248816	85.82181823567456	94.71404886627016	87.89708904445689	79.57382311928222	65.9511753831242	65.95117536309436	55.233874091016986	55.2338741029061	55.23387408785578	47.494004628473164	55.233874256667946	42.06656453302813	58.51252308490126	58.512522936663146	58.51252286254419	58.51252288334584	58.51252269056232	37.1875	117.17854122918652	28.404912464852032	78.36002151266229	74.55015093557105
51.31443127223068	51.314431259496956	51.31443124676326	76.86834869678364	76.55234727768894	76.55234730340709	76.55234741180936	71.60042271677958	80.95213589087658	55.24017599248816	55.240175976021504	55.240175987160455	55.240175976675374	55.240175976675374	55.240176014591384	79.57382311928222	55.23387409572109	55.23387412551364	55.23387410649863	42.066564504927044	58.51252283372682	58.5125229366632	58.51252286254419	58.51252288334584	58.512523268912844	117.17854124411568	117.1785412470974	36.812838894399846	192.4729666800749	248.35281848020568
33.88220377222501	51.31443127885325	51.31443125525237	100.0521093628353	76.86834869678364	76.86834881751298	98.16666797710158	78.20729576286212	80.5326269954717	78.27734093464849	55.24017589035847	55.240175890358444	55.240175964108374	55.24017589035847	55.240175976021504	55.240176042022256	94.71404886627016	55.24017606290852	55.233874081533315	42.4279782998496	58.51252269056229	58.51252297973758	33.76811181473303	31.117357733526035	27.0890325898294	46.925483643212715	102.0	0.0	147.28975789963346	47.27144363206284
71.59620419382347	25.912848012639188	51.314431259496956	100.05210938679087	100.05210941070834	76.86834867378178	76.86834866228082	69.3506684039898	76.60968426457859	0.0990080992831679	0.0990077827457867	0.09900795728341905	55.24017587056733	55.24017595955479	55.2401760107025	55.24017599248816	55.24017600159536	55.24017606290852	55.24017596619038	36.342766256699605	36.34276597830751	36.71439566360084	36.342766147716816	35.640705658338675	23.1534104124178	100.49828190106803	101.99999999999997	0.0	234.6996608189056	135.17638416095025
12.88781470953765	56.57143124999999	192.53842940335753	51.31443122021224	100.05210942266703	100.05210941790725	76.86834864864738	76.86834867179687	76.868348633663	88.063313895	0.09900785816591906	0.09900785815034396	65.55352384289657	47.53510596892724	55.24017598716037	55.24017592662142	55.24017597667543	55.240176014591356	36.34276597118739	36.34276601753592	36.342766017535894	36.34276601753595	16.702894962240606	16.702894909999998	16.70289490686804	17.145115870721384	100.49828190106803	10.208721659676797	172.0527181232836	8.036963857252204
87.91144043345099	56.57143117793993	56.57143116500001	56.5714311225	192.53842941107445	100.05210944544314	100.0521093404594	78.51423818027561	78.51423821114514	1.059155133706895	1.0591553141363192	1.0591553138376355	0.09900788759026113	65.55352380335054	34.072103450658574	34.07210346496524	47.53510600593799	36.342766017535894	36.34276597118739	36.342765952445546	36.34276599966799	24.515351657313687	16.70289499500001	16.70289492532558	17.14511591788002	17.14511590034951	85.74827458338453	244.50706560596643	172.6496794861806	196.53320703036974
144.86119371845479	33.88220377222501	56.571431122567446	56.57143117793993	56.57143124999999	56.00226626936325	116.8300120732587	116.83001213418356	100.052109528051	0.07520227157991144	0.07520235090197502	0.07520243736652787	1.0591551331879145	1.0591553129414706	69.24481151990034	77.81824625394822	36.34276565719463	36.34276588735503	36.34276597830751	24.51535178162149	24.51535192785542	16.70289499500001	16.702894748004326	17.14511589739689	22.121196310911955	22.121196195406753	35.58829175712836	41.46475373965856	33.400858724362706	35.07149124106991
95.77893801456977	12.88781470953765	139.60238909445556	56.57143120250862	49.83994731293578	52.08384176433094	59.219571886480736	56.362375648182166	57.47784929317484	71.78184150435911	71.78184140941732	0.07520240854501026	0.0752024718227915	0.07520239670949991	1.0591551337068097	24.51535152163737	24.51535164292565	24.51535173790228	24.51535178162146	24.51535178162149	16.702894740000005	17.14511591788002	17.145115870721384	22.121196310911955	22.121196195406753	255.0	0.0	114.9095549870583	227.0983758987108	254.2070710783639
55.84327220533535	113.26210485254634	74.59768390083264	0.58576600062122	26.81615525181647	18.93658560379899	18.936585603798903	18.936585615267603	18.936585712536896	71.78184120157621	71.78184122587732	71.78184128847425	71.78184129257397	71.7818413753721	71.7818413259223	22.761574231986145	22.761574236270604	22.76157424355955	17.145116012197178	17.145115928856143	17.145115941459295	17.14511589739689	17.14511590034951	17.14511590034951	71.99616450855797	0.0	183.55294824783778	110.21292534936174	237.20470774947222	0.6231734655612797
101.11073099235008	64.307524292458	20.548416842969345	21.50232235869504	17.22864807885489	89.7951918524117	18.936585574912954	18.936585609701325	18.936585609701353	18.936585579816665	18.936585639586013	18.93658565950912	50.167992010853965	22.761574212290697	22.761574238412862	22.76157421415141	15.983451647371396	15.983451464636147	15.983451464636204	15.983451464636147	15.983451404528012	11.948220162124358	11.948220099896105	11.948219983986576	114.8177353377092	0.0	0.0	47.890972609652835	9.84979417931956	211.06959393996615
10.119592593706471	9.949172374579518	12.194028296005541	20.30910127236686	25.237398948514965	20.548416842969345	30.00151908325614	34.24016530082338	20.060841885110875	18.93658555589812	18.936585609701353	18.936585615267603	18.936585638204917	22.76157408798767	22.76157414975293	15.983451517368934	15.983451465238858	15.983451445001919	24.4538699846278	11.948220136761591	11.948220110354839	11.948219982033066	76.46143961245701	224.90522689180452	0.0	0.0	0.0	252.190928537979	227.20769946545406	0.0
1.0723194097703868	11.765999211392938	10.135043303895486	12.194028296005541	1.717721788267255	16.806946756908275	9.330597207651039	20.548416842969345	34.24016530082338	20.548416842969345	50.852469013865004	14.214236831995947	18.936585609701325	18.936585638204946	8.19095797599445	9.642693118917748	9.642693280819827	11.948220157850898	11.948220097151506	23.471564464742073	21.930664330523314	4.956277988353293	5.841900352919225	3.332866372583254	1.0810466101290217	0.0	0.0	224.54590034550066	65.72192296115554	255.0
