254.91957661843574	254.67762962962962	65.10832572475937	251.49097542242703	242.6861166989624	240.6971153846154	228.0770414261618	94.69298245614033	91.79999999999998	214.2	253.68210782801043	133.57142857142856	150.7866270247247	236.86666666666667	49.52005318594888	225.25	229.5	23.885550247264575	229.5	0.0	228.92045454545453	236.94001176526888	227.3147734332146	227.3147734332146	204.35539734352906	245.87773323202683	215.95221348925418	65.2052314601928	195.7472745429279	254.2649990563605
254.99949164371074	0.0	254.7869856754083	245.93333333333334	245.65934065934067	228.07704045101022	228.92045454545453	232.910957974814	220.60051115735007	252.46963865253647	57.942507041342935	110.46270871500002	56.44703202705767	220.22727274702996	226.02272714430526	44.82874257240772	170.46448087431693	175.0636709539923	25.514579759862784	103.74326214452307	157.88029830018135	227.63101858435073	251.78084997340227	251.72177502941642	234.40958469788487	240.83213189483916	254.57295410909163	0.0	65.20523151284962	251.55814706850794
254.94344168709443	251.52916666666667	246.85139665907715	124.44	231.79632520868742	232.9109580011264	199.48367664080848	199.48367614920127	218.18026885458067	69.0625	66.74820846077225	92.2834513361147	247.61898676153265	121.26300871212126	244.58183412180597	34.32457207883547	23.9433236345605	36.56288406390823	23.96187577629948	247.979203553373	223.93442214629138	168.68471953578336	225.21718147501468	246.5000000085	231.57744140372077	238.9827266875711	45.5715346264862	48.45001582041334	112.7874260559928	242.65868500872548
255.0	252.45	0.0	254.52285289899547	44.06042106081381	47.78883278883279	201.875	218.1802688313844	216.92642252168343	91.79999999999998	124.73566973566975	230.874631039304	84.99999999999997	71.42096608427545	230.874631039304	206.9167388892962	216.8199092092828	31.54607151541137	230.70903528557494	214.77448998846086	215.20070852422538	227.94594454426803	162.3407686721111	194.28571428788268	246.5000000085	132.18207679959733	67.65397417274605	45.57153467690026	240.54421768725922	253.83568992864824
192.84544061796882	233.41344812320222	193.66023326904005	65.34635715738037	235.2233168884119	33.46153846153845	192.0953915200736	93.46153846153848	197.2772727240009	181.87932625621352	193.04789538194996	65.7692307692308	85.00000000000003	63.298014945815396	80.35077285	133.57142857142856	224.40695067628167	171.0412026726058	171.04120267260578	200.44043732019028	23.961875784542144	23.961875783067825	229.94505493959525	219.23076920931084	225.857142879	174.04761904761904	123.76854343652568	45.57153460353095	221.13534966397964	251.6693877576
230.11279357110166	254.4692760800043	7.178062038947871	105.01835059630395	90.59847610211258	228.75801275798074	24.712053314999963	197.27727275417416	184.61460052304042	151.18025030889572	72.45438767360972	42.5	51.00000000000003	51.0	153.0	187.0	228.7941031280844	224.40695052510378	224.40695052510378	109.92379336267393	80.19053266248585	247.20080834548423	19.938271604938308	231.6441441364865	220.999999983	220.999999983	224.64285714285714	254.0714610832954	38.31758370167151	253.31217068100716
240.89324561341067	36.6629102901675	62.503214189350075	3.3932376327501004	24.71205331910832	24.712053392938373	186.50368877010342	184.61460038000533	147.85905427736435	162.59502875625	59.264070933906396	211.87140551202785	218.11874352778736	218.11874352778736	22.452274312979682	225.99552822534713	192.3640132810058	206.11829040113602	206.11829038413003	188.1994490940178	218.2041224058042	224.40695067628167	19.170493279038737	19.170493211630628	213.9261745035359	218.2661612146192	223.125	248.96449704142012	247.42460412217713	253.31217068142809
40.303198005856814	0.8901338374541581	231.14894193677557	24.71205331499999	24.71205331499999	24.712053337565862	24.71205318218054	170.77399436512403	146.20157505749893	147.8590542325054	30.409637072258334	161.4506998211528	18.949044585987252	218.11874352778733	76.83373225530906	174.36191968717029	167.90091845388486	231.8195998547432	0.0	218.20412242197636	105.35051499847256	215.76923076923077	204.59140187287767	242.47456800211975	226.18644067108016	226.18644068084745	214.05677655491982	175.537153279277	247.42460412218426	250.4666666712
236.4811682554277	99.55993047755436	218.0920436832777	58.84615384615387	58.84615384615384	131.1264155443857	170.77399378677347	170.7739941841835	170.77399421183767	24.712053569999966	145.48226621883342	161.45069979470173	205.0612120364943	18.949044585987224	88.06676863429178	18.949044585987252	20.136319822084573	171.52627980199287	161.88716519506778	168.79426600052776	130.57274071145082	36.74351585014409	12.209302325581376	204.59140177511765	137.79230105632666	221.354166663125	232.3333333305	228.03487591991953	128.47764756944446	248.3139690175481
251.9275652881565	159.10075501590995	110.82550021404248	19.61538461538464	161.91819296794682	36.55815588547094	170.7739941723405	170.77399417035645	170.7739941841835	170.77399421183767	145.48226619940925	205.06121241197383	205.0612121997006	205.0612119741446	88.06676856166118	56.48194305519772	56.48194305519772	170.53693046232445	12.867188951264438	12.867189029237124	164.8438854004304	13.171222538990463	13.171222549791821	188.620857435	169.8282295090878	0.0	93.55012138657648	95.18229166666666	126.53450516934646	251.015625
212.1697765861923	51.822702024183826	95.47902404263107	36.5581561143874	36.55815606810825	36.55815606335727	36.558156103447885	170.77399378677347	170.77399407594874	170.77399421183765	70.12500000701252	205.06121204502398	205.0612117830146	205.06121197631222	205.0612116830954	232.16297897526738	232.16297897526738	17.320516969577767	10.172018064030937	12.867188792397627	12.867188942249044	142.53655099435778	143.42866171747633	143.42866181621736	77.24734186040612	169.82822937749094	75.072	98.81852551984875	128.47764756944446	45.50003639451552
247.10732310744578	73.45696034403204	19.615384615384613	56.98276149177536	20.20053371559115	36.55815606098176	114.19054026563978	114.19054005412033	36.55815609797804	36.55815625268963	70.12500000701252	192.4882824373446	123.69557480069054	123.69557474181778	15.778309273896042	15.778309032058303	15.778309273896213	15.778310724114561	15.77830825724672	159.69063364260273	175.0296108229621	175.02961079795938	175.0296108229621	175.02961086982498	175.02961093648707	0.0	95.18229166666666	0.0	0.0	48.45001582041334
236.4811682554277	8.190895078656808	42.40528844360006	0.0	113.05644910768078	113.05644905042305	20.200533413851048	20.200533561480455	20.200533615011125	20.20053371559115	20.2005336166215	43.96551721499998	84.99999999999997	110.75839792468165	121.1523936209619	121.15239359515263	140.29028233768372	15.778307142591188	15.778309071029014	15.778308593653094	175.02961085652606	175.02961085191228	175.02961084744902	175.02961085191228	175.02961089642287	0.0	0.0	193.67702150602747	124.44	234.4821336350597
223.6091828404521	13.619868011328208	79.97038921060187	79.97038921060187	113.0564491011919	113.05644905731108	113.05644905731108	113.05644903294774	20.2005336270025	20.200533623542213	30.599999999999966	123.31856626171214	93.72383937307688	37.58852962482669	37.58852956139921	110.75839789098575	182.20468186285797	13.52532683654411	214.13637284854428	7.61194029850742	82.1186440315355	175.0296106900536	175.02961079795938	175.02961080618013	175.02961078939816	53.125	194.8780487804878	198.4833850108114	97.86853335750251	0.0
49.97781902573516	28.240369389527643	79.97038910357716	79.97038919381984	79.9703893099464	79.97038930994637	113.0564490725578	113.05644896954945	31.871030128269922	59.264070933906396	106.19495788848005	26.921066246994428	117.2846839448249	217.4114704386008	217.41147037517328	117.74557926865972	118.624316802859	12.118713204800002	7.611940278909572	113.92643527333726	113.92643533806819	141.94355103045055	141.9435509670523	175.0296106900536	175.0296106900536	52.09677420725808	55.434782608695656	1.997159149416376	234.4821336350597	0.0
49.97781902573516	28.24036935081861	79.97038906351295	79.97038915255095	79.9703892020406	79.9703892020406	79.97038914808772	7.01107477894152	21.55494761687791	99.35009784841304	99.55908151562286	113.8450259030879	44.50077237802324	9.047200078489567	9.047199994453706	117.74557931813234	9.047199830069928	9.047199830069957	9.047199841594392	133.84760640484737	141.94355092744217	141.94355095384896	141.94355094268894	141.9435508988081	141.94355089231925	40.79999999999998	55.434782608695656	194.8780487804878	248.62582479382831	121.10858063445698
28.24036914114933	28.24036940028509	28.24036947036771	79.97038914808772	79.9703891770379	79.9703891770379	79.97038914347397	3.501511013799984	0.0	0.0	92.30814640462839	100.68568118931651	9.04719986089242	47.23417456990717	47.234174556949	47.27887594453975	47.27887600614949	133.8476063790381	5.269237168935433	92.79723080861959	0.0	98.88294972431046	141.94355094957695	100.25057440280403	0.0	53.125	198.01723850822464	222.82754175083574	147.01899642588296	5.455060592676631
8.731527656174563	28.24036923126951	28.240369368012608	115.55013564158028	79.97038913017502	14.05643554320855	3.5979103407263437	3.501511034892502	0.0	106.67727897427562	83.17434355779187	0.0	0.0	0.0	7.011074854782635	40.20057148911721	40.2005715441538	82.22874752315212	5.26923714441682	92.79723071809912	98.8829493400325	84.22600578816233	84.22600592405124	84.22600578816235	84.22600621322653	0.0	186.0892707540482	17.410728059354398	112.45428182522886	116.60688921279043
8.731527937604568	8.731528031414541	28.24036939066832	14.056435562108334	14.056435543208579	14.056435559385278	14.056435553939195	4.138474775007722	85.82304800474193	86.34742617798284	83.17434355779187	70.85622893467885	0.0	0.0	54.576278313953054	54.57627829295484	54.57627829623493	82.22874752404579	54.57627843593329	109.51773380059078	84.22600578816233	84.2260058158165	84.22600582964358	84.22600582765949	84.226005634876	0.0	186.08927066430186	138.91823791986872	175.84682974523903	221.29466968959895
8.731527857851972	8.73152804552069	8.731528106632453	36.55815588547094	14.056435543208522	14.056435536112929	14.056435537600919	3.5979103632773786	81.62548860590255	4.138474690926614	4.138474733308328	4.138474685969896	4.138474733585269	4.138474733585269	4.138474732799864	70.85622893467885	54.576278260351074	54.57627829024173	54.57627830925671	109.51773378116656	84.22600578816235	84.2260058158165	84.22600570405635	84.22600582765949	84.22600621322653	186.08927062205782	186.08927064011823	38.027970168644	54.67157453006715	53.22695408615746
197.22859927382098	8.731527937604568	8.731528023705607	22.346405085007376	36.5581561143874	36.55815625268963	92.31287579237346	78.12243018110289	78.586161207938	78.16156076782906	4.138474685969868	4.138474685969868	4.138474607868972	4.138474685969896	4.138474733308328	4.138474876431729	86.34742617798284	4.138474816024825	54.57627826079863	45.036322726213285	84.22600563487597	84.226005634876	27.535008067454612	28.112087181234642	0.0	72.6193682558467	51.0	0.0	37.780029852724994	254.4882884970254
95.47902404263107	124.36046747174288	8.73152804552069	22.346405176303733	22.346405133493164	36.558156103447885	36.55815609797804	69.39230119763468	76.44173078288762	158.7868596421289	158.78685970152526	158.78685962971574	4.138474608210089	4.138474691608906	4.138474692291197	4.138474732967126	4.138474733649446	4.138474816024825	4.1384747812007845	3.381510596288564	3.381510748152209	0.0	3.381510668268561	21.288639563990728	0.0	167.03820645158805	51.0	0.0	0.8232574034382196	240.59879354807882
4.044494591758593	24.712053314999963	25.76927058899389	8.731528219034516	22.346405112087865	22.34640516769761	36.55815606810825	36.55815606335727	36.55815606098176	23.021998740000015	158.78685958146315	158.7868595966296	163.36032040736833	14.732163887943074	4.138474685969868	4.13847469229114	4.138474733585326	4.138474732799864	3.38151069753107	3.3815107116621164	3.381510711662088	3.381510733358965	0.0	0.0	0.0	15.388451035834322	167.03820645158805	237.19158336418766	80.0619943570018	245.84670086756788
26.309043505451484	24.712053392938373	24.71205331499999	24.71205331499999	25.769270536345147	22.346405073093763	22.3464051659557	67.86129652177766	67.86129656165616	6.741827884079271	6.741828027462674	6.741828097481061	158.78685970746767	163.3603204802738	3.2391611676460457	3.2391612121080016	14.732163873534347	3.381510668268504	3.3815106975311267	3.381510733358965	3.381510600263539	0.0	0.0	0.0	15.388450982225436	15.388450987462448	167.58900253029617	0.15987958331425034	85.32242228753893	141.97176429114637
18.16918442296091	197.22859927382098	24.712053337565862	24.71205331910832	24.712053569999966	56.222830671233964	30.593049323718304	30.59304947489622	22.34640506118015	131.62904010184997	131.62904007290473	131.62904007290473	6.741828068182201	6.741828091776597	67.49812716245575	76.55170288088476	3.381510596288564	3.381510668268504	3.381510748152209	0.0	0.0	0.0	0.0	15.388450984812323	16.325954908000483	16.32595492794883	238.93359453636646	134.48771448749469	254.80832625853154	1.5028289756239985
115.85881875111835	4.044494591758593	76.79920551907145	24.71205318218054	49.96102282943494	63.58809709791427	54.039634466706104	56.621325237402004	26.921066246994428	134.60982142702886	134.60982140277616	131.6290400152617	131.62904000009235	131.62904009336202	6.741827884079214	0.0	0.0	0.0	0.0	0.0	0.0	15.388450982225436	15.388451035834322	16.325954908000483	16.32595492794883	255.0	0.0	46.52192766299373	32.95087025479455	3.978267482743746
34.47854817006345	116.60203229269052	32.53206093547101	10.276110399253241	197.41229054437125	35.838820481836365	35.838820481836336	35.838820492483904	35.83882051377887	134.6098213053623	134.60982142702886	134.60982140277616	134.60982137802708	134.60982139940407	134.60982135352612	24.305794647621838	24.305794556198038	24.305794566236273	15.388451178354956	15.388450983487331	15.388450955420979	15.388450984812323	15.388450987462448	15.388450921591414	155.65596279056598	0.0	36.55865168752388	15.5639372242822	232.15262100303264	225.98261944107844
227.15240581787765	76.67419661801938	64.2375798748107	8.190895078656808	0.0	80.81504873975561	35.83882053467272	35.83882048997526	35.83882048997526	35.838820494512305	35.83882055000214	35.83882059002002	179.36346983285068	24.305794566236273	24.305794510486123	24.30579454737733	12.857141409327426	12.857141269595957	12.857141269595985	12.857141269595957	12.85714116330766	0.0	0.0	0.0	185.3239164562707	0.0	0.0	41.963680455342256	245.48758174808958	125.19123819261998
10.111742478703917	10.126915606593258	12.128293612018922	19.885630660999198	23.10819078746863	255.0	30.152022560222633	255.0	96.27562641868838	35.83882048997529	35.83882048997526	35.838820517261155	35.83882051377887	24.30579450362336	24.305794441160714	12.8571412667593	12.857141289583296	12.857141247491427	39.21519568149901	0.0	0.0	0.0	226.96813904043208	0.0	0.0	0.0	0.0	242.98549397648986	43.6872710230424	0.0
0.8757278930340249	9.794291850203876	10.414319411541442	12.128293612018922	86.7478328703559	19.056697759902107	125.0970780701806	42.768578068619036	64.2375798748107	42.768578068619036	39.19820460146647	185.3239164562707	35.83882048997526	35.83882051377887	167.58900253029617	136.19129690947602	136.1912970028739	0.0	0.0	59.26458428542932	55.9169374685618	15.482409470077243	0.38289674883861835	4.871182211510728	191.9817856261043	0.0	0.0	15.391712051516237	253.90278818352917	255.0
