254.7290576194819	244.8	254.22630837632892	63.41878454721103	179.5774647811446	44.32712173978368	23.908738183116952	162.5438596491228	48.44999999999999	253.86666666666667	223.84584788972433	104.73214285714286	108.76651669362948	250.46666666666667	222.51988863492485	236.111111113	234.22222222599999	218.25405195235658	234.22222222599999	214.01785714285714	229.242424245	197.24668812679698	236.49474309874233	236.49474309874233	246.10029473469874	250.01490163000108	252.66928560462603	254.387427306569	254.83177212490764	253.5244256333248
254.76711555937445	253.9414688866618	247.48350617661953	204.0	205.4945054945055	23.908735891095972	229.242424245	45.78833316190449	45.95367315205988	218.36331310179315	178.31059550548142	69.10499999999999	208.3467577714148	231.81818154158057	228.92045456027247	212.17958971609215	138.99590163934425	128.55645810914487	218.69639794168097	246.75608454048023	234.30415431201467	228.55850149259703	216.7032953780227	234.10633184948608	234.49457797961423	240.95436007410078	246.88191279480515	248.41358418367346	254.3874273066799	254.99783253576317
252.4333915881041	253.60082304553333	222.23463688144065	69.10499999999999	255.0	45.788333169026686	16.325367009558846	16.325367955996313	34.501654501218525	127.5	248.79832693060067	53.13724369236567	192.41975904817275	83.00518007575698	186.29336816971744	191.18920990659228	218.78195588347046	227.21220811142973	221.3620905761769	213.00180564553312	218.75185846772132	250.88974854932303	206.7567567707268	252.45	231.50529400826932	238.47096378902853	250.42744968856996	249.79599993338775	254.71285091911824	254.99776282371008
255.0	253.30699588533332	226.21922258834715	47.68938541157152	187.35066902239953	179.87080487080488	24.14772729687496	34.50165459023748	41.09804681777513	48.44999999999999	154.8024948024948	90.20273419294702	63.75	171.8065775950668	90.20273419294702	140.96053317725594	236.10410685662174	181.1312158981966	242.97804126057196	216.04846125094832	215.61419609297388	249.08845665496833	250.15418319241488	249.79591836734693	252.45	248.64049142273905	251.79067389330868	250.42744968892544	254.89379425239483	254.994597734255
224.906599033669	223.99255989898714	49.09927568386291	138.00936715021936	13.406404506934251	144.23076923076923	16.71155926438044	120.0	24.235537363587042	18.321916495061657	62.10408866706527	132.69230769230768	63.75000000000003	35.511470196444094	48.44999999999999	104.73214285714286	244.86440476627104	186.37527839643653	186.3752783964365	200.44453200754825	221.36209056674525	221.36209056738858	221.53846152843715	228.1468531396766	209.1	249.21768707482994	253.27180754163928	250.42744968732353	254.8921909806562	246.738
16.349851992725263	38.67019698410533	49.577318975484786	252.7875775581774	239.46093814885697	167.89155868282614	11.668160204999992	24.235537217623005	19.715191993346167	9.697762170111957	158.87274892212338	84.99999999999997	136.3090909090909	25.5	238.0	221.0	154.44715475051083	244.86440482343124	244.86440482343124	202.19819261022644	220.2620517353974	248.02338520202815	217.22222222222223	241.21621621621622	213.272727282	213.272727282	250.66326530612244	254.88393263541192	249.40329218106996	254.97925126369847
0.2832332027590496	254.59646968241506	196.9478563541342	190.01904804098882	11.668160093920989	11.668160130836014	17.94348842782503	19.715191836445797	9.06232901350603	14.833799756250016	43.382286616298956	121.8212188338054	132.91335864687608	132.91335864687608	148.21225270644368	98.35443881005051	119.92717850665147	177.39499715720282	177.39499714700978	187.60947498319837	223.4645416788191	244.86440476627104	239.66403646499205	239.66403646429163	248.15436233168552	245.74022346025504	249.3333333339	253.49112426035504	254.8514681308188	254.97925126362475
49.93559780890712	164.20748664824444	34.364581721872355	11.668160077500005	11.668160120000039	11.668160075463504	11.668160135903463	15.703515787411277	8.756811638712179	9.062329274470386	63.47815097158076	98.94175613187662	135.5307855626327	132.91335864687608	48.669736940594674	182.2103487028524	185.59779064306878	169.39431946370422	152.77257496432455	223.4645416028588	227.64053062427325	235.3846153846154	253.16044510218865	243.79561927390313	254.13559322869003	254.135593220339	247.52747253021997	254.99875839426142	254.85146813031764	248.1719008224
13.871049964114405	1.1316746195789449	197.71671039817227	78.46153846153842	78.46153846153848	6.079431176794202	15.703515787411249	15.703515815966597	15.703515810810671	11.668159949999989	60.01042151722092	98.94175607173466	110.72963427177538	135.5307855626327	54.271956343409556	135.53078556263267	180.50785539782532	255.0	151.84742098965268	146.81266246003753	218.57142857142858	216.78674351585016	221.51162790697674	253.1604451160033	254.92674519548453	253.9375	232.05	251.40845070422534	254.99769422743054	254.9141826923077
110.53164630785858	177.89768523152918	55.35854771645515	98.07692307692307	9.61647445382576	26.08351197377587	15.703515787411305	15.703515818544588	15.703515815966597	15.703515559636173	60.01042152534728	110.72963418261205	110.7296347432696	110.72963453975959	54.271956416636954	173.0263965437216	173.0263965437216	170.59099367163213	169.86379810870807	169.86379812800038	216.98684439727162	219.07848398457153	219.0784839874776	251.88843594	252.37285323257916	246.677371229654	254.88206728954214	254.88932291666666	254.9974638131063	254.874074074098
1.3563281556297397	65.03511801068416	2.5419014334901533	26.08351197377587	26.083511995047928	26.083512024797272	26.08351204227617	15.703515787411277	15.703515787411249	15.703515559636173	25.500000028049982	110.72963365873923	110.72963432658287	110.72963462264309	110.72963438259771	147.41998941425777	147.41998941425777	129.1010318183706	156.8504542353138	169.8637980645069	169.86379808317304	248.60050647203704	249.86753193002485	249.86753200631648	230.04079213526683	252.37285329611973	254.898	255.0	254.99769422743054	249.65583694039486
15.307321924763954	0.0	98.07692307692307	6.414744745323759	44.09269388436874	26.083512039671888	5.956259333746829	5.9562591726694905	26.083512076526347	26.083512183713026	25.500000028049982	99.90827909829417	124.36949359892509	124.36949365081125	122.65487037072063	122.65487125490938	122.65487133753246	122.65487182093915	122.6548707101123	159.0139712500424	251.49067938286848	251.4906794298184	251.4906793828685	251.49067941903436	251.49067942868794	245.10909090909092	254.88932291666666	252.5372972972973	252.97619047619048	249.79599993338775
26.909454863500116	28.743041690255836	57.70016904383286	6.562921269940745	7.550491919815016	7.550492059456104	44.092693582628556	44.09269377190549	44.09269378378869	44.09269388436874	44.09269394581247	25.5	63.75	125.05738950715926	95.05681470766797	95.05681469565934	142.10754996323627	122.65487125490938	122.65487092803136	122.65487144460661	251.4906792773167	251.49067930716694	251.49067941805242	251.49067943038364	251.49067948842034	232.1357409713574	245.19230769230768	69.6662260554528	69.10499999999999	202.47415330664612
51.36342707144638	73.70757177570857	3.5093205115796593	3.5093205115796593	7.550491874344232	7.550491873444059	7.550491873444059	7.550491917469344	44.09269370638347	44.09269378619311	91.79999999999998	161.8871652522563	189.1592832044682	140.9065558339151	140.90655616872425	125.05738951490491	92.25898794466622	109.09726444030889	231.4517357465796	178.88059701492537	250.67796607971846	251.4906791822545	251.49067934767393	251.49067938213204	251.4906794884203	249.6875	55.975609756097555	210.83960181384484	238.61514576914144	0.0
0.0	39.25226473762433	3.5093205115796593	3.509320617867928	3.5093205713120597	3.5093208177454756	7.550491917469344	7.550491871643686	17.620024206776435	43.382286616298956	106.35864630660612	13.085759023430995	116.25558473012916	114.09344383127575	114.09344416608488	133.53108326313833	117.70080333255507	99.61209472937753	178.88059698254625	245.65249238883382	245.65249267329546	247.4495081283563	247.44950808253066	251.49067942868794	251.49067918225447	249.51612904596774	255.0	103.84723542442183	180.4575378582192	0.0
0.0	39.25226466749447	3.5093205713120597	3.5093205819475486	3.5093206523260676	3.509320570181586	3.509320692833029	99.4723272234867	68.77725920590521	99.38379686964637	99.17005858111835	111.41302242816042	26.673755788645565	82.88313820150037	82.8831381051123	133.53108329450464	82.88313810643064	82.88313805229356	82.883138049597	159.94318530434063	247.44950808253066	247.44950810893738	247.44950812655594	247.44950812565574	247.44950808018496	249.9	255.0	55.97560975609758	178.4293315236146	122.19824370713212
39.252264797433156	39.25226460687247	39.25226478431094	3.509320569616335	3.5093206171314932	3.5093206171314932	3.509320722683327	68.86209712631015	64.35087977911539	64.35087978635198	92.33417474409961	97.75612558351042	82.88313789175245	155.87408044806904	155.87408051592277	180.15741908556478	180.15741909596005	159.94318529233203	150.91542564893192	171.645407038625	199.36363636363635	242.75602075472224	247.4495079405439	243.97896381006305	221.0	249.6875	248.5852552546762	146.05141312120404	250.30917011930433	188.50162571081268
51.314431046086014	39.25226467723496	39.25226470771992	5.454653078053354	3.5093205809656354	47.82869095136445	66.45003757585465	68.86209713013918	64.3508797659567	90.96225501845129	89.4823149682853	64.35087980316388	64.35087977286486	64.35087979227407	99.4723272597991	154.5636447594279	154.56364481603782	157.41311485202624	150.91542559289616	171.64540702571293	242.756020703122	239.29648444036383	239.29648421258872	239.29648444036383	239.29648421258872	212.5	255.0	211.3165976914081	249.60195464393942	116.60688921279043
51.31443127885325	51.314431259306275	39.252264706433294	47.82869081583456	47.82869090845685	47.828690905367495	47.8286910844333	84.52036624071226	81.97104185292736	96.12488546591402	89.4823149682853	88.50219187467002	64.35087980316388	64.35087978296451	148.00596338140957	148.00596337683902	148.00596337293865	157.41311486496437	148.0059635311315	194.98957847465275	239.29648418918939	239.2964841840334	239.29648418145547	239.29648421258872	239.29648421258875	212.5	255.0	240.460027519481	254.8992343505564	201.42729657638873
51.31443127223068	51.314431259496956	51.31443124676326	26.08351197377587	47.82869088700306	47.828690798498	47.82869073244524	66.45003757092829	81.77585135743922	84.52036624071226	84.52036626869975	84.52036622206342	84.5203662544217	84.5203662544217	84.52036628678013	88.50219187467002	148.00596339155453	148.00596336948132	148.00596338849633	194.98957848277908	239.29648418918936	239.29648418403343	239.29648418145544	239.29648421258875	239.29648421258875	255.0	255.0	117.36216569999564	73.41818936186829	40.406314624915154
24.414367301296124	51.31443127885325	51.31443125525237	12.441364999971285	26.08351197377587	26.083512183713026	20.222993288046553	78.07031908779717	77.1625088345854	79.84605969769689	84.52036612526146	84.52036631886537	84.52036624059363	84.52036631886537	84.52036626869975	84.52036625469486	100.04719903843704	84.52036632491198	148.00596335599684	221.80182766594464	239.29648421258872	239.29648421258875	217.60498564181194	218.19392038071302	198.0109624612225	247.66887682847977	25.5	0.0	233.93678129503573	186.63159912041908
2.5419014334901533	34.63877335274745	51.314431259496956	12.441364919629024	12.441364878347343	26.08351204227617	26.083512076526347	69.40654418660802	76.01442649462822	67.60145512205293	67.60145500246557	67.60145515389738	84.52036622654057	84.52036625464669	84.52036626858114	84.5203662827528	84.52036625464669	84.52036632491198	84.52036628678013	120.1206790390709	120.1206788099193	174.2886395401884	120.12067872897717	218.93755419788152	176.2006664644053	39.76019747965833	25.5	0.0	240.8487933214355	224.41615954287295
102.33335621475788	11.668160204999992	2.6320446147754524	51.31443122021224	12.441364857706503	12.441364904916668	26.083511995047928	26.083512024797272	26.083512039671888	13.085759010000004	67.60145500389157	67.60145491284212	41.244218151438446	110.75581065459988	84.52036622206339	84.52036626858114	84.52036625442176	84.5203662867801	120.1206787863857	120.12067877237078	120.12067877237075	120.12067879406763	167.68221643090436	167.68221643	167.68221637553182	255.0	39.76019747965833	20.572524196672845	249.15735239497891	89.34545320360593
127.71778744946934	11.668160130836014	11.668160120000039	11.668160077500005	2.6320445899009997	12.44136485738943	12.441364913867744	38.06987857502648	38.06987860945608	64.30178285785317	64.30178296210903	64.3017830158932	67.6014549671419	41.24421817212766	75.97231757291112	75.97231755719525	110.75581066853815	120.12067872897717	120.1206787863857	120.12067872897723	120.12067888052027	144.85801906230057	167.682216345	167.6822163939893	255.0	255.0	193.81768016709603	254.89064841925452	228.4212463552146	185.8891925770812
17.982523552484395	11.534791858763072	11.668160075463504	11.668160093920989	11.668159949999989	55.46404909904285	10.135595233728935	10.135595176568785	12.441364714807548	52.6226956603723	52.6226957194626	52.62269563299813	64.30178288881717	64.30178296148648	69.36587224941448	76.9712496076827	120.12067843956595	120.12067872897717	120.12067866004307	144.85801879422536	144.85801889226695	167.682216345	167.6822163929827	255.0	147.80618759730925	147.80618758968274	0.36895327975526016	50.926101609182126	25.553262981397438	161.76788767697047
36.037304347744055	102.33335621475788	48.38099771908881	11.668160135903463	49.422267312095414	45.57848135606994	52.731803845979215	55.21945379842458	13.085759023430995	25.912621132472367	25.91262119749615	52.622695604176585	52.62269563970787	52.62269563195869	64.30178281100157	144.85801853424124	144.858018677966	144.85801874939966	144.85801875089464	144.8580187292293	167.6822166	255.0	255.0	147.80618759730925	147.80618758968274	255.0	0.0	10.196638063442464	170.42909879387807	10.383417824159324
26.306910360016815	28.09853361489067	50.969632364738374	26.92349930556233	26.81615525181647	42.341104650036556	42.34110468720243	42.34110468514538	42.34110475536323	25.912621129157372	25.912621132472367	25.91262119749615	25.912621123039514	25.91262118520615	25.912621257563927	255.0	255.0	255.0	255.0	255.0	255.0	255.0	255.0	255.0	204.3177098185135	0.0	160.6465707791558	110.61924454525348	242.96131344573013	77.53825717590195
15.593897723748455	71.09704762312288	50.852469013865004	28.743041690255836	6.562921269940745	139.0314840648239	42.34110463138407	42.341104658847144	42.341104658847144	42.341104664207364	42.341104718050815	42.34110471447741	209.8976336392064	255.0	255.0	255.0	216.00415856789616	216.00415861296128	216.00415859420826	216.00415858483174	216.00415852827595	127.50000004560282	127.5	127.5	220.97746225803277	0.0	0.0	247.56038728008272	132.57810425989015	211.06959393996615
9.915167694773828	10.1695520826556	12.18395290938787	19.39190893028652	26.00510244907511	64.2375798748107	30.23570844401567	64.2375798748107	56.758671672870065	42.34110461580454	42.341104658847144	42.34110468514538	42.34110468103134	255.0	255.0	216.00415850904653	216.0041586029517	216.0041585780598	222.71925559019633	127.49999996038993	127.49999998679664	127.49999999999997	183.00383548753203	224.90522689180452	0.0	0.0	0.0	127.97727713522224	25.233347515262864	0.0
1.0695911771190652	9.9574979076678	9.896516738485559	12.079521705196953	140.98519875324848	17.450488300933273	172.23906192794607	50.852469013865004	50.852469013865004	45.684891360443885	50.852469013865004	220.97746225803277	42.341104658847144	42.34110468103137	193.81768016709603	233.79125899736803	233.7912588839425	127.49999990879438	127.50000000000001	239.96202862898213	238.81521105138881	213.79031331422746	202.54328495133578	58.69855780596512	255.0	0.0	0.0	88.22108345892389	232.62113238426105	0.0
