254.6959936269107	254.4962962962963	253.0884456428495	223.1392809139785	229.6026156916099	191.5564903846154	162.19754356234546	162.5438596491228	214.2	214.2	254.99817377708845	182.14285714285717	231.58835605493095	182.46666666666667	247.7320970966213	212.5	204.0	205.25370502436982	204.0	218.57142857142856	214.4318181818182	210.17274011970255	250.52538446795714	250.52538446795714	173.14694628232488	254.40725416569094	216.559385809299	252.79164444189598	252.3375555515819	254.70064427727795
254.98541662074925	254.25655976676384	253.258180318607	243.66666666666666	228.84615384615384	162.19754665721916	214.4318181818182	175.9014692793394	169.91837982942536	254.98864865676592	246.55172787829954	218.78400597	161.46886655191122	231.81818154158057	226.02272714430526	242.14361870016134	215.28688524590166	217.28732781894854	204.11663807890224	184.67875411821336	158.67203962719913	227.753348507177	239.43997941146552	253.27085983376892	235.8247708577062	240.91486604133362	254.5650028263012	249.79591836734693	252.79164444220282	254.14521632627827
254.8649732907646	247.91666666666666	239.32960894924378	238.68	231.79632520868742	175.90146930670028	125.9713256187697	125.9713242119258	149.7021397456537	127.5	246.79071644795022	212.10563130111967	254.96471160812158	209.2952794362183	254.9139715878875	232.05739332922403	205.75016425061918	193.26095862351497	203.1054233251755	247.88859984432978	218.34671207177593	213.8974854932302	222.26351352853132	236.785714293	231.62017862868097	239.77488250186948	244.24756944683304	244.80007993471997	251.72264670723544	253.75029847818453
255.0	244.8	226.21922258834715	223.39958788777756	233.92245828609893	179.87080487080488	132.8125	149.70213970735952	154.75421625929727	214.2	124.73566973566975	208.05654808140437	127.5	144.0474820143885	208.05654808140437	201.24127984839615	151.5506128388792	224.33253865370625	189.1833567689626	214.86742688585323	214.10853989399288	215.38928660224826	212.03716503028338	216.83673469170918	236.785714293	229.12108352455735	239.7096070767469	244.24756944583396	249.28849090619795	254.88575268817203
164.87769120028116	251.32388165564478	139.67305970066542	18.36638238986143	193.00795704338896	144.23076923076923	115.188649190922	93.46153846153848	119.96590916997755	120.18530310021669	105.73540759225494	121.15384615384616	127.50000000000001	173.52374402428148	185.58601140000002	182.14285714285717	197.68135506058024	221.30289532293986	221.30289532293986	200.04203400067885	203.10542328806918	203.1054233040988	218.07692306705533	230.76923077032717	234.6	208.74149659863946	239.43616148768717	244.24756944385373	247.64338978095762	253.368
43.89967205051573	10.900957202534869	158.98962002920072	154.93692631506798	211.22014626980473	250.61235977135408	101.47470229499999	119.96590910726806	104.63389940677186	83.70391239573786	250.1849135677858	84.99999999999997	110.34545454545454	153.0	153.0	119.0	254.65021474551028	197.68135508364935	197.68135508364935	110.6412414333538	178.46008603026718	217.94414724086153	221.41975308641975	233.83204632466217	238.000000017	238.000000017	228.9795918367347	254.0714610832954	250.57790987146268	254.64994034451203
38.67055409012943	236.92974372474688	35.24785527937479	0.7971802613694763	101.47470222504387	101.47470222504387	103.2787480657791	104.63389908579936	80.2663437746491	93.35971355625006	93.93366886594421	254.36068928757697	254.47186744908527	254.47186744908527	199.0497430472718	201.90421452576865	148.23445486034456	174.5345735439068	174.53457355989175	188.3839657335825	189.27197920592513	197.68135506058024	215.7941426944282	215.7941426938582	239.59731543882594	235.05586591850482	229.5	248.96449704142012	252.89620434471234	254.64994034452224
0.8689296220951803	199.42951937603993	218.6907455211882	101.4747021675	101.47470221	101.4747022250439	101.47470226911383	89.58763022259544	78.57624099121765	80.26634387872323	63.47815097158076	132.97872894457447	189.30997876857748	254.47186744908524	160.87389904913948	140.96053311301793	150.8966859316828	231.57689876013697	158.61905938385357	189.27197916155046	156.2643444157246	215.76923076923077	234.61071447536463	195.48863286616103	244.62711864055157	244.6271186440678	239.7435897419212	252.85450313820525	252.89620434451146	253.8666666678
11.564564116281815	81.3007728683805	230.64912256997084	58.84615384615387	58.84615384615384	63.4333343442845	89.58763022259544	89.58763022199307	89.58763019257853	101.47470254999996	112.33740769588275	132.97872890309546	254.23401221675914	189.30997876857748	138.7429070000068	189.30997876857754	137.11835413850247	171.34336170509863	189.1592831213825	182.8751083066917	156.35096224075198	169.02017291066284	186.62790697674419	234.610714397603	244.45130709490456	244.375	240.4285714395	241.87985053249497	253.81944444444446	253.77403846153845
8.613431858723345	72.65821570070062	253.01721864525342	98.07692307692307	69.21384740790222	61.54312464535451	89.58763022259541	89.5876302367003	89.58763022199304	89.5876301925785	112.33740763214925	254.23401318212152	254.23401221926247	254.23401209887092	138.74290692943842	95.05404726641828	95.05404726641828	170.24317850001745	146.50195238890967	146.50195240176137	174.3619196852641	184.7392252222036	184.7392252237526	228.59388542250002	230.60796120074613	223.74722185031465	245.4474505723205	247.91666666666666	253.1511194656104	252.45
165.14265173623374	31.233637206238257	180.58643794340912	61.54312464535451	61.54312466606723	61.543124691208334	61.54312470324399	89.58763022259544	89.58763022259544	89.58763019257847	116.8750001051875	254.23401137609946	254.23401221926247	254.23401222009693	254.23401246188726	211.53692768059102	211.53692768059102	184.14867977207837	162.46372083081724	146.50195233835916	146.50195237004272	210.2964075767937	214.89359218373826	214.89359233181216	202.47893885221592	230.60796127593414	228.888	242.94896030245746	252.69422743055554	245.23292437973106
84.7620116053289	142.67385393263794	98.07692307692307	113.2169546428984	44.09269388436874	61.54312470377886	56.71775671295515	56.71775637642429	61.543124732188744	61.543124840907666	116.8750001051875	253.8500996288938	99.72624751518595	99.72624756943833	178.81855337567663	178.8185530113201	178.81855337567555	178.81855482589515	178.81855395736423	159.43240598329828	218.98916339388418	218.9891634348307	218.9891633938842	218.98916343459706	218.98916358751933	216.36363636363637	243.93229166666666	238.9189189189189	238.69527649769586	244.80007993471997
0.5854604401677079	4.496901491118507	42.40528844360006	71.99616450855797	54.911261124809386	54.911261242048965	44.092693582628556	44.09269377190549	44.09269378378869	44.09269388436874	44.09269394581247	121.95652184999997	127.5	165.37557745672922	116.12279296621656	116.12279295431213	141.84821945742294	178.81855112185355	178.81855282316022	178.81855315904915	218.9891633019734	218.9891633584864	218.9891634245211	218.98916348170314	218.98916348579496	195.10834371108342	214.54326923076923	180.55867481901163	238.68	210.79548689880068
109.75439588586104	73.70757177570857	36.01083651420504	36.01083651420504	54.91126113120325	54.91126115505844	54.91126115505844	54.911261147360364	44.09269370638347	44.09269378619311	71.39999999999998	68.77433050451256	93.72383937307688	67.12068906322406	67.12068934952742	165.3755774621701	253.31851974413036	164.5997657349253	138.52434876473404	137.0149253731343	203.1355932159437	218.98916334108586	218.98916343483072	218.9891634398396	218.98916348579496	212.5	161.7073170731707	97.10256783550906	112.53676750881988	0.0
180.71279961900876	28.240369389527643	36.01083651420501	36.01083656016044	36.010836658914144	36.010836658914116	54.91126118697045	54.91126120276883	103.96793300603227	93.93366886594421	106.25446112533206	93.72383928884992	117.51065764755523	187.87931065047258	187.8793109367759	139.03703093928408	118.5599082935895	153.108295560131	137.01492536290937	192.90584412903075	192.90584409374998	200.08873879723117	200.08873885263966	218.98916334108586	218.98916334108586	205.6451612903226	199.56521739130434	2.9864180634621675	210.79548689880068	0.0
180.71279961900876	28.24036935081861	36.01083641248067	36.01083657547886	36.010836565169285	36.01083656516931	36.01083664151358	63.989188095898356	52.334529472376886	99.39270563750279	99.85673195920225	107.38215231735373	110.72247864636734	136.72184821620004	136.72184827342613	139.03703095147625	136.72184836783276	136.72184831369563	136.72184805475683	138.87720704568784	200.08873881302955	200.08873883943627	200.08873884494156	200.08873886879675	200.08873887519061	173.39999999999998	199.56521739130434	161.7073170731707	178.4293315236146	238.6260846639357
28.24036914114933	28.24036940028509	28.24036947036771	36.010836518296856	36.01083660611582	36.01083660611582	36.01083669802654	58.11919836904886	68.49689451819373	68.49689453062939	92.56259978971786	92.64009073565231	136.721848175277	70.27141810049773	70.27141815539596	79.66081943412416	79.66081943889012	138.87720703378346	108.70269286087407	140.25295451645172	148.36363636363637	179.7218653715849	200.08873875795103	183.57377656649192	170.0	201.875	141.78304535710163	5.683305939666269	27.265628801773033	31.33634714472697
51.314431046086014	28.24036923126951	28.240369368012608	42.26428167013162	36.01083656540291	35.560100402429356	54.95999383620827	58.11919839137886	68.49689452292142	82.60827464779788	100.04719903843704	68.49689451100267	68.49689452188858	68.49689454866646	63.98918810829616	70.60075233255009	70.60075234163344	88.18468611315933	108.70269286509009	140.2529545099291	179.7218654011692	165.4123698074215	165.41236977740454	165.41236980742153	165.4123697774046	159.375	186.0892707540482	250.20308716165306	22.226571406109457	116.60688921279043
51.31443127885325	51.314431259306275	28.24036939066832	35.5601003371458	35.560100359521755	35.56010042905544	35.560100612874606	66.55038513660372	86.45161067710609	83.88413443830174	100.04719903843704	255.0	68.49689451100267	68.49689451825995	72.2338250562293	72.23382504503877	72.23382505209511	88.18468614112663	72.23382504382667	142.66259236785078	165.4123698074215	165.41236977800696	165.4123697632997	165.4123697774046	165.4123697774046	159.375	186.08927066430186	154.52353959604648	250.3996371317239	221.29466968959895
51.31443127223068	51.314431259496956	51.31443124676326	61.54312464535451	35.56010033806797	35.56010051320152	35.56010057154191	54.95999378575286	81.58690413534455	66.55038513660372	66.55038512106935	66.55038507254471	66.55038510831389	66.55038510831389	66.55038514408312	100.04719903843704	72.23382500151399	72.23382506680122	72.23382504778621	142.66259230411725	165.4123698074215	165.41236977800696	165.4123697632997	165.4123697774046	165.4123697774046	186.08927062205782	186.08927064011823	192.93360205169432	48.1567188030331	38.36801744236891
224.41615954287295	51.31443127885325	51.31443125525237	76.82382007543274	61.54312464535451	61.543124840907666	66.40792581546009	78.33046230382163	78.81101056095153	78.42388224639518	66.55038507254471	66.55038507254469	66.55038511102089	66.55038507254471	66.55038512106935	66.55038521562145	83.88413443830174	66.5503851832068	72.23382504382673	139.99815771058104	165.4123697774046	165.4123697774046	142.81495702784625	138.60895656213796	137.06879961937915	169.98451911750152	153.0	0.0	52.55505317063793	252.1039250517002
131.24308211199946	34.63877335274745	51.314431259496956	76.82382004259759	76.82382003073926	61.54312470324399	61.543124732188744	69.5063351124904	75.82058024906325	252.76561924292974	252.76561892809988	252.76561880666455	66.55038504643923	66.55038510553499	66.55038507446628	66.55038513660372	66.55038510553499	66.5503851832068	66.55038514408307	80.5870459551497	80.58704615239094	119.50043326455611	80.58704602980299	110.75021663025001	117.15479915353163	130.92769734964997	153.0	0.0	247.4643576018199	249.3061437834513
0.0	101.47470229499999	58.40325037287619	51.31443122021224	76.82382002481006	76.82382004812786	61.54312466606723	61.543124691208334	61.54312470377886	70.809644655	252.76561891994805	252.76561888010372	124.63295683090848	62.013681594367085	66.55038507254466	66.55038507446628	66.55038510831389	66.5503851440831	80.58704608664388	80.58704607319657	80.58704607319657	80.58704609489345	101.4747022250439	101.47470221	101.4747022250439	118.02504267863137	130.92769734964997	215.51256144800146	1.2941627843969457	109.37349604017962
11.534791858763072	101.47470222504387	101.47470221	101.4747021675	58.40325049007555	76.82382003447543	76.8238200070225	44.56398605722748	44.56398609422632	110.82385054089679	110.82385057968591	110.82385054842936	252.7656190829199	124.63295679416797	80.65838771097538	80.65838774961685	62.013681614286696	80.58704602980299	80.58704608664391	80.58704609489345	80.5870460498798	90.1036193661275	101.4747021675	101.47470222504387	118.02504270578888	118.02504272311089	112.45529623877391	190.00883431340753	3.949683551895845	170.69329786927682
1.855790328245945	224.41615954287295	101.4747022250439	101.47470222504387	101.47470254999996	56.10675861100066	57.318644939419755	57.31864491635065	76.8238199935181	250.6450331483135	250.64503312856206	250.64503312856206	110.82385042412977	110.82385067041892	69.59234228887289	72.26804081235659	80.5870459551497	80.58704602980299	80.58704600251471	90.10361926623736	90.10361926036433	101.47470229500001	101.4747020476236	118.02504270278556	101.64032538319242	101.64032534031708	193.7217117985826	64.79647610264593	16.482224460262216	48.69702762801822
179.08685009928917	11.534791858763072	40.93761768960351	101.47470226911383	48.749739221869135	34.10744218581266	53.37423104526479	55.87572121123978	93.72383928884992	98.50914676426697	98.50914686066571	250.64503312856203	250.64503309995558	250.64503313814794	110.82385044719362	90.1036191362453	90.10361916358704	90.10361919584619	90.10361922290664	90.10361920124134	101.47470203999998	103.32634702414089	103.32634699406913	101.64032538319242	101.64032534031708	255.0	0.0	168.25323315217327	243.48935441697435	242.6032323424691
112.63974135817492	43.52472642298966	4.102392444358458	33.14474856360641	26.81615525181647	65.25528527095534	65.25528527095531	65.25528525539639	65.25528529861043	98.50914666550099	98.50914676426697	98.50914673972255	98.5091467284069	98.50914681394414	98.50914684971772	99.59953973274193	99.5995397034904	99.59953971608459	103.32634708428441	103.32634703116943	103.32634703917677	103.32634701810946	103.32634699198945	103.32634705786046	155.65596279056598	0.0	199.82771743414486	15.5639372242822	227.30378932645726	6.6881956732011645
57.87760710137786	54.2801142518272	0.0	4.496901491118507	71.99616450855797	42.05675998542287	65.25528518799013	65.25528524851933	65.25528524851936	65.2552852890623	65.25528527254025	65.25528531007546	73.80241363577522	99.59953968481574	99.59953968886461	99.59953969295782	92.39026592534111	92.39026591070572	92.39026592945879	92.39026591070572	92.39026588966925	72.58873882319392	72.58873884494156	72.58873875795103	54.61283193544992	0.0	0.0	180.4579755013266	93.56235338932075	211.06959393996615
10.071687961804031	9.324596313704205	13.976022178919266	21.02161815896386	26.20417010460909	30.374465792951497	30.065164942495528	30.374465792951497	96.27562641868838	65.25528521623741	65.25528524851936	65.25528528017367	65.25528529861043	99.59953973274196	99.59953968481571	92.39026594658131	92.39026593097256	92.39026591720486	109.9613065168385	72.58873885263964	72.58873885263964	72.58873871675019	183.00383548753203	224.90522689180452	0.0	0.0	0.0	254.09942812543414	253.76273412529616	0.0
1.0645489205367369	9.98585445047533	9.258737076758166	12.716078713186306	5.585064420619034	19.182525853055324	20.425284056351984	50.852469013865004	0.0	42.768578068619036	50.852469013865004	54.61283193544992	65.25528524851933	65.25528529861043	112.45529623877391	79.24044596831902	79.24044591643926	72.58873888843681	72.58873885263964	134.47696358436292	129.6160225783822	67.58034993286009	40.612854953513676	15.549952033243898	191.9817856261043	0.0	0.0	172.50937359611345	150.19965624310663	0.0
