254.44469184819744	254.74300831777776	250.6588615536609	245.5712721264161	234.55015806735918	227.02991455829326	220.90908552531096	223.77741228070175	232.05	141.66666666666669	254.73161139276402	201.875	225.54729029612332	236.86666666666667	245.8853973429779	181.333333339	215.333333339	189.54918024887434	215.333333339	217.70625	208.63636363636363	206.7984340853871	253.71921117154508	253.71921117154508	225.06654955326601	254.90922549045533	240.39413338290518	253.10921004088163	253.15687762182364	254.457886903703
254.97886602281267	254.20232165041332	252.8665391793694	246.90476189666666	241.30036631593407	220.9090886319362	208.63636363636363	193.93814860686624	203.53702860577545	254.25524300369355	242.98051772237937	209.61547842	208.3467577714148	223.12499972833808	240.5113633548231	239.6532946975364	230.03415300546447	53.60186570592458	195.4416809605489	242.9133875912641	197.2546080889503	227.1851937501589	237.23753505741914	248.95848133965768	237.0057550992478	240.92044932853815	253.73329629465658	249.5457890625	253.10921004168335	254.4397650001524
254.49825366832144	233.718518516	235.25937750615685	248.115	237.78132198899715	193.93814867669698	189.71885985999194	189.71885941762838	169.21262122260106	195.234375	250.33537433190767	201.34954891522494	252.58288721909733	201.39267706534588	250.94680384557182	228.17623134348017	190.00765401601723	206.0318517001229	205.75264007047326	240.681327835798	220.00021446002057	243.77901353965183	234.58939708139118	250.7499999915	231.6387937461933	238.9293741336817	245.30494695553602	241.03729870605673	252.3115285249633	254.99320809352358
255.0	248.82962963013333	228.2809592022531	208.3272328338342	229.04686399215458	89.21591921591923	177.08333342187498	169.21262114670117	172.24629619400054	232.05	229.62874962874963	212.32906978751316	148.75	171.8065775950668	212.32906978751316	209.5655888854286	175.21530685796915	219.97870383292639	204.23932538773784	214.90689001225712	215.16786573136685	220.24935767521853	247.79467210505825	221.85	250.7499999915	233.50109412467407	245.30693526434925	245.3049469562497	250.6905	254.57565284178187
247.77838862029142	254.169724691821	253.72379340196488	7.376539125523777	201.92229695466116	64.61538461538461	163.62252744822973	203.0769230769231	139.64285715237827	173.2388694472865	174.92966731256826	154.6153846153846	148.75000000000003	160.70789364769362	174.31640625	201.875	238.6071141877596	237.01559020044544	237.01559020044544	200.15788224920084	205.7526400556721	205.7526400572758	240.97633136601917	195.32967032577693	243.230769219	223.42857142857142	241.81866681134258	245.30494695285321	254.77324665059442	254.4568047324
9.682686033117761	79.78101142261883	238.06939056185925	173.82508185013998	163.45254024613837	81.29944197381829	133.33408022999998	139.64285721267856	123.81456385098863	140.5186261347407	209.4809322695416	148.75	136.3090909090909	178.5	85.0	187.0	242.442113022115	238.60711411181077	238.60711411181077	149.8745756626073	185.82552055334543	209.10215291902688	220.6222222222222	221.1148648591216	233.142857121	233.142857121	219.48214285714286	229.92944924897589	250.36536625514404	253.70693324735478
97.50887235880919	129.16005321671975	54.23905004739507	16.58696474180286	133.33408004696048	133.33408012079056	123.38421016899241	123.81456368552188	137.04009945634596	134.71960175625003	113.14138915514471	233.2183574871451	236.69140490162238	236.69140490162238	193.14889003923685	200.94577775082516	161.5866332354642	159.352737122602	159.35273712675905	189.45478510539712	193.9894295267911	238.6071141877596	218.57843375505314	218.57843374908717	238.74161069819772	239.16523420790273	219.3	200.68047337278108	248.83808906684172	253.7069332470728
4.579022610667323	250.51776949139517	6.292512277243986	133.334079975	133.33408006000002	133.33408006541805	133.33408006795173	107.89516173994352	135.3075641341022	137.04009915439318	120.06994374246716	122.49117872653011	182.8131634819533	236.69140490162235	151.77615932590805	154.42664365900427	117.94161830227503	214.6200515683814	157.48125179567785	193.98942953254456	219.880695723619	137.30769230769232	210.78889907617997	181.28846924833988	230.30266343976362	230.3026634394915	226.04395604561205	245.06714415990962	248.83808906698383	253.1265306162
109.50728293252925	114.24939657670919	68.16591955057717	156.92307692307693	156.9230769230769	119.5814200581327	107.89516116159294	107.89516157152093	107.89516161982027	133.33408022999998	122.45272380374797	122.49117863253514	229.3485121906335	182.81316348195327	18.52240002558139	182.81316348195327	151.5823252570687	171.9276664453563	180.3436443694484	200.2172121710949	163.0584424562737	203.19164265129683	161.1627906976744	210.78889905877196	225.6980752599611	233.75	242.25	238.5814889336016	248.67296006944446	251.73076923076923
0.6364558592752019	254.68591344746545	254.46333392127332	39.230769230769226	87.88966931728291	76.86834869678364	107.89516154716	107.89516154737129	107.8951615715209	107.89516161982024	122.45272381926611	229.3485127515793	229.3485114410935	229.34851199203015	18.522400071281083	111.5357865657538	111.5357865657538	170.56337085801084	149.6031070324176	149.60310704764993	159.58773664140898	188.28861311420428	188.28861311685216	208.33176099	221.53382488765135	217.37161218751794	240.73014221370968	233.30729166666666	251.62433471700766	250.002
228.81325165860227	78.76295367000816	247.67136083028888	76.86834869678364	76.86834864864738	76.86834867179687	76.86834867378178	107.89516116159294	107.89516145076823	107.89516161982024	40.07142861550713	229.34851166650864	229.34851185777984	229.3485117468284	229.34851166650893	200.97943281150626	200.97943281150626	177.3660734865395	161.37130069103492	149.60310696519753	149.60310701858242	198.04339431498568	202.55211558759186	202.55211561819996	119.77715433803166	221.533825026058	221.952	247.28733459357278	248.67296006944446	238.12493582799414
76.85137704244332	238.32383607096142	39.2307692307692	0.0	90.83283281546838	76.868348633663	104.14300443078795	104.14300442965614	76.86834866228082	76.86834881751298	40.07142861550713	220.47938031607362	92.48219957004497	92.48219960759644	171.76164827028765	171.7616486065997	171.76164875369363	171.76164972050617	171.76164889377188	159.74660388545902	183.3951713635696	183.39517135725907	183.3951713635696	183.39517137358723	183.39517133419264	212.13939393939393	233.30729166666666	236.3439039039039	236.12267185099847	241.03729870605673
109.50728293252925	21.50232235869504	127.27672631889337	110.95474892207613	87.03228976750984	87.03228970752801	90.83283251372825	90.83283270727216	90.83283271488833	90.83283281546838	90.83283285715942	111.5625	148.75	190.78958004433838	140.72304847130914	140.72304848740293	142.59354755457417	171.761646087311	171.76164903083168	171.761648758703	183.39517128659776	183.3951713687923	183.39517135355197	183.39517136879232	183.3951713335167	186.72478206724782	210.35456730769232	253.7241426901992	248.115	189.924892455267
32.86201589158179	27.73548727941244	71.60482855945858	71.60482855945858	87.03228976760488	87.03228978763048	87.03228978763048	87.03228978008184	90.83283264175009	90.83283271355319	91.79999999999998	123.31856626171214	46.793371970183046	80.93872341421954	80.93872364335454	190.78958004715744	212.01466735662558	157.29108618219436	148.8355049372947	140.82089552238807	168.559322048183	183.39517133419264	183.39517135725907	183.39517134854316	183.3951714405414	180.625	167.2357723577236	112.97008497806334	64.36201600982676	0.0
131.3349167810665	96.45412770699764	71.60482866648329	71.60482865145681	71.60482866580733	71.60482866580733	87.03228981969195	87.03228982768172	93.38755667849912	113.14138915514471	94.54863108062514	115.33074784287777	116.98636867920308	174.06127635664546	174.06127658578043	88.32814000646718	119.45381893713326	145.8730434782101	140.8208955309089	177.25609743905903	177.25609753977272	167.96771017231828	167.96771021991816	183.39517133419264	183.39517133419264	194.67741934112905	210.65217391304347	8.712742905552716	189.924892455267	0.0
131.3349167810665	96.45412770872369	71.60482866580739	71.60482864644806	71.6048286427409	71.60482864274093	71.60482863120768	74.35189175016498	68.77725920590521	102.04665605756603	99.56122701830787	94.3958869700759	102.46634199467582	129.01684132139223	129.0168410879558	88.32814001597549	129.0168410637554	129.01684111789254	129.01684074086458	114.27695151259707	167.96771018030807	167.9677102067148	167.96771021236952	167.96771023239512	167.96771023249016	163.2	210.65217391304347	167.23577235772356	237.2394010006285	180.19193459969378
96.45412756255686	96.45412774373949	96.45412768478849	71.60482863120768	71.6048286364304	71.6048286364304	71.60482871340221	48.37729280709979	67.67065724621497	67.67065724705026	92.61026649914038	92.90404883512934	129.01684098341292	85.99660010098594	85.9966000915874	136.32455616709316	136.32455617964297	114.27695152869089	112.29139805968998	109.81082448692675	139.0909090909091	162.61626053588043	167.96771029247202	166.3190433886905	164.33333333333331	180.625	255.0	50.09270211370702	181.18193966519004	249.82848959580002
18.110407485961844	96.45412773265883	96.4541276335139	55.10451416994448	71.60482862641277	47.82869095136445	49.59854123986844	48.37729282052001	67.67065721568522	58.6344051369438	255.0	67.67065721383759	67.67065722459219	67.67065727674478	74.3518918021893	139.8262333157038	139.82623338967198	76.16257455884931	112.29139800988003	109.81082446472323	162.61626083195733	147.10483838017976	147.10483854923177	147.10483838017976	147.10483883840703	154.0625	76.86834869678364	82.50178321519559	161.0097064604327	116.60688921279043
18.11040761096976	18.110407652639083	96.45412770074523	47.82869081583456	47.82869090845685	47.828690905367495	47.8286910844333	68.72602828924715	86.04493718681786	80.88657374489713	255.0	91.20133690567161	67.67065729488957	67.67065724802464	77.58961772277897	77.58961773084607	77.58961773293277	76.16257454361241	77.58961775324045	132.54727618073386	147.10483838017976	147.10483842847907	147.1048384526287	147.10483845284003	147.10483826005654	154.0625	76.86834864864738	20.459991649192943	36.75842796761057	100.22164890045977
18.110407472613787	18.11040765795508	18.110407716739473	76.86834869678364	47.82869088700306	47.828690798498	47.82869073244524	49.59854125504279	81.22823968111186	68.7260282892471	68.72602831593264	68.7260282717383	68.72602830709448	68.72602830709448	68.72602834245077	91.20133690567161	77.58961772588378	77.58961775234226	77.58961773332726	132.547276196252	147.10483838017976	147.10483842847907	147.1048384526287	147.10483845284003	147.10483883840703	76.86834867378178	76.86834867179687	254.99093787249285	245.5991645698134	167.05311881334757
239.08100158428996	18.11040761096976	18.110407677549915	67.94115627676061	76.86834869678364	76.86834881751298	53.54483794191924	78.29581366361506	78.24989479425597	78.64295323227711	68.7260282717383	68.7260282717383	68.72602830624288	68.7260282717383	68.72602831593264	68.72602841316322	80.88657374489713	68.72602837735275	77.58961775324045	106.5332600587461	147.1048382600565	147.10483854923177	130.97476841901602	117.284260165956	131.2441595891066	146.77361915310772	178.5	0.0	240.3663335975276	196.77394366686553
247.67136083028888	5.419299502783417	18.11040765795508	67.94115633996458	67.94115632947734	76.86834867378178	76.86834866228082	69.41970801094737	76.06319726295499	196.53663433826097	196.53663419013554	196.5366339308327	68.72602831190812	68.72602830057764	68.72602831190812	68.72602833128764	68.7260283426182	68.72602837735275	68.72602834245077	83.72408563207216	83.72408568128094	110.6214533474259	83.72408566660349	102.0	112.17639024659525	136.59046829119723	178.5	0.0	195.8667959134839	224.41615954287295
84.91559138168168	133.33408022999998	0.0	18.110407735977645	67.9411563242337	67.94115634324541	76.86834864864738	76.86834867179687	76.868348633663	63.75	196.53663414061143	196.536634069434	123.38428105153776	65.69834744323131	68.72602827173827	68.72602831190812	68.72602830709454	68.72602834245075	83.724085664878	83.72408566660346	83.72408566660343	83.72408566660346	96.07143098098746	96.07143096499999	96.07143092561486	81.16257411904058	136.59046829119723	231.85332454343998	104.98448552694268	252.9963270057803
0.0	133.33408012079056	133.33408006000002	133.334079975	0.0	67.94115624053893	67.94115619041906	42.70381880762912	42.70381882725408	103.81474525973536	103.81474533514375	103.81474537778385	196.53663413009997	123.3842810044546	79.72452562942513	79.72452565691634	65.69834746139608	83.72408566660343	83.72408566487803	83.72408566660349	83.72408573048983	82.22290103443555	96.07143092250001	96.07143094407238	81.16257405239091	81.16257405476344	85.74827458338453	11.39707869491943	64.01156130006467	19.878475702021603
9.173567491276287	239.08100158428996	133.33408006541805	133.33408004696048	133.33408022999998	55.86665111162105	16.392885812240365	16.392885888189255	67.9411564762151	170.76813995115367	170.7681400360247	170.7681399495602	103.81474520887119	103.814745505704	68.59007013263258	84.28530320691024	83.72408563207213	83.72408566660343	83.72408568128094	82.22290069941462	82.22290063860498	96.07143105	96.07143080122049	81.16257404078627	116.50241349085599	116.50241340526273	170.74463091007814	222.12700787787116	42.04757552166487	11.85208343649515
245.73750110704037	84.91559138168168	163.58677399290582	133.33408006795173	45.862981770832164	45.57848135606994	55.58318184138207	54.950181157280525	115.33074784287777	103.82618428927054	103.82618418811236	170.76813992073866	170.76813993416272	170.7681399465666	103.8147452597353	82.22290056942256	82.22290068686135	82.22290067077594	82.22290065608388	82.22290069941462	96.07143105	81.16257405239091	81.16257411904058	116.50241349085599	116.50241340526273	255.0	0.0	198.16332929439676	95.90380853571247	118.55480639047408
93.63713770158367	28.924018103068732	0.23766572520139562	5.194209219297704	143.7916034413019	85.446423514477	85.44642355164291	85.44642353510307	85.44642350202326	103.82618415672701	103.82618428927054	103.82618430905555	103.8261842514749	103.82618425981218	103.82618423257705	67.6536566964129	67.65365670914755	67.6536567146482	81.1625740707652	81.16257406673321	81.16257401906608	81.16257404078627	81.16257405476344	81.1625739888924	17.22864807885489	0.0	1.034127305306697	175.7995653432706	175.5586480502275	233.62785245882816
51.0363324190059	57.429851075268886	20.548416842969345	21.50232235869504	110.95474892207613	4.1183414799669436	85.44642355183814	85.44642352849442	85.44642352849442	85.44642350702964	85.4464235499592	85.44642356426908	85.46758721613247	67.65365674591706	67.65365671551487	67.65365670975581	81.10071176384838	81.10071180295213	81.10071178419915	81.10071177482257	81.1007117167062	68.72357206915152	68.72357209135993	68.72357218493744	31.451129933216095	0.0	0.0	3.9776868028769456	217.0751003032331	12.704527671893743
10.045964696390769	10.360994834116042	12.402771183424647	22.198303829214524	26.31746442134724	32.57536585338528	30.07927836625788	32.57536585338528	4.195436580354681	85.44642352849445	85.44642352849442	85.44642353510307	85.44642357635519	67.65365669641287	67.65365668337932	81.10071178505936	81.10071176087712	81.10071178933393	90.09159311690598	68.72357209989613	68.72357207348935	68.72357196280583	102.79109376835595	69.25617754596345	0.0	0.0	0.0	64.45891171832193	42.06525495555695	0.0
1.0952445930810768	10.682007013202366	10.542052257715739	12.402771183424647	8.762465230030074	18.71208565770246	27.53605546692171	0.0	20.548416842969345	0.0	40.76568839783258	31.451129933216095	85.44642352849442	85.44642357635519	85.74827458338453	255.0	255.0	68.72357213577683	68.72357206028602	69.46755257175133	65.72909547142791	30.141800690389545	21.354147193627313	23.628937431080374	9.562413569130882	0.0	0.0	161.6713463232461	115.23780488053964	0.0
