254.54970600341198	254.94403292740742	254.99203380773352	154.44544015817013	251.4084506782101	118.0555554987981	74.14237715147382	131.6940789473684	252.45	141.66666666666669	248.74230160173664	255.0	252.98769681844232	141.66666666666669	115.02822615323859	68.0	68.0	247.16153880550365	68.0	247.48660714285714	231.8181818181818	234.1684237763872	250.27119282546775	250.27119282546775	228.82825401457424	254.3560353085817	241.28709511475566	254.7760908542769	254.32336391223097	252.14836024905108
254.94217518124313	254.99347729207474	251.350184536702	251.22222220333333	222.61904763461538	74.14237461430673	231.8181818181818	118.91077851020296	110.32105656612137	245.96389708322965	222.92770028039143	251.86618107	161.46886655191122	69.54545450594009	69.54545450594009	105.45862835928645	255.0	242.08265357158166	249.13164665523155	241.72291763587523	199.1776347740624	226.9441799507259	230.1004241157326	248.0016361237494	234.72656165524984	240.9885895594735	253.64626348045698	254.77862324617348	254.7760908543177	254.63938813759572
253.5638655478271	117.86666666666667	231.35195532899897	254.745	255.0	118.91077850886697	52.603073053614025	52.60307304552978	95.09039330730485	99.609375	220.79154755677536	251.27587886467649	233.70729119614177	246.27220590548953	228.91250846775253	84.3867253560083	194.38745368737327	208.5390208930766	231.1179971422417	240.0809696845349	220.2060898154545	187.18085106382978	253.74692875937478	0.0	231.66582434658918	239.32149727700084	252.66306964661993	254.8584020966211	254.6174519945395	251.03812189876916
251.09549485182453	117.86666666666667	255.0	191.6055119350004	148.35936409951188	154.8024948024948	70.83333342187501	95.09039318513595	104.07009757764177	252.45	154.8024948024948	144.60695976386515	255.0	144.0474820143885	144.60695976386515	223.96238838409027	29.205332534380148	78.07297024579432	111.34475493644246	214.4531526219353	215.12838511503543	204.3852272902813	191.68773288337965	226.37755102040816	0.0	242.051008547574	246.25668235797934	252.66306964681908	251.78727613494377	254.97493597666954
75.2602505964077	157.8956823790992	101.233328939572	12.738334299928738	196.64019399843642	120.0	54.76219189826469	120.0	71.09090922662807	55.36143898908722	71.97461892646464	120.0	255.0	238.8693619958863	241.42011831	255.0	0.0	220.35634743875278	220.35634743875278	193.43594979264836	231.11799713616597	231.11799713620906	224.999999989819	224.999999989819	250.363636359	207.29591836734693	250.59765710607056	252.6630696460004	239.12320142345308	254.9157024774
246.78298620348477	166.68624432808753	80.87914223761646	234.84808307207956	72.43548298110281	92.92100186546526	255.0	71.09090905617151	59.725569637507874	32.232133312283594	178.82474125904218	63.74999999999997	110.34545454545454	229.5	85.0	85.0	203.98826235019033	0.0	0.0	152.11404708122595	202.77291502847032	255.0	248.07407407407408	68.91891891891893	250.363636359	250.363636359	255.0	255.0	254.8118884316415	254.91780535198518
4.506609618220438	196.92263789966782	184.21853254052075	67.72157336469962	255.0	255.0	56.97169675252735	59.72556923834156	30.37104904136976	45.788807568749974	255.0	177.7469203900781	187.134967207456	187.134967207456	57.408584096689225	164.5990844853099	125.49878625036038	164.66991640716992	164.6699164217922	186.52212240428358	138.11427189195433	0.0	228.4223333284026	228.42233332106346	179.69798654703055	241.855002532097	178.5	255.0	254.43654080167104	254.917805351995
95.85837943459802	242.61441894455294	158.16951678271568	255.0	255.0	255.0	255.0	49.16603520995287	29.469579918580592	30.371048974450474	46.56753093422046	114.17190514125454	49.44798301486202	187.134967207456	216.52998258371935	36.63104617439788	36.63104617439788	213.36876131249238	211.22883166167975	138.11427181829043	133.03477741493424	255.0	248.4482820163682	255.0	251.85670262384974	251.85670261627118	242.85714285518577	254.92053715311167	254.43654080186073	254.9157024774
2.726054342191304	17.707862942394627	10.640826753393895	78.46153846153842	78.46153846153848	21.511588914009195	49.16603520995287	49.166035005353336	49.16603498921057	255.0	194.98957848277908	114.17190510864671	167.85338100843518	49.44798301486196	195.46440102214154	49.44798301486196	154.63198699967765	173.1761144080694	220.61580695853775	220.61580695853775	169.56742724565555	196.5778097982709	198.8372093023256	248.44828197464702	253.82792301237632	251.1363636325	229.5	179.5774647887324	254.85243055555554	254.64876033067307
62.64402444237547	181.79855032097268	32.42579879311228	78.46153846153842	33.534994540522746	255.0	49.16603501716938	49.16603501342476	49.166035005353336	49.16603524038496	194.98957847465275	167.85338101777265	167.85338045986907	167.85338034123825	195.46440111604934	101.31893592227769	101.31893592227769	153.73445674793314	185.00412589277423	185.00412591340415	115.33074784631978	201.6308904913634	201.63089049733045	244.30603848	244.82518898178793	238.56641738232312	253.11307665920916	253.22916666666666	254.83768401312477	232.05
195.5699479258932	172.53480616896871	38.67583053029398	255.0	255.0	255.0	255.0	49.16603405325182	49.16603492077758	49.166034738036046	255.0	167.8533790172109	167.85338045986907	167.85338055480443	167.85338046492808	207.6660601246962	207.6660601246962	45.666362419479555	212.9748752499979	185.0041258757411	185.0041258701104	233.1324711308692	236.5353932813202	236.5353933941308	63.35215586473788	244.82518912135768	235.008	253.07183364839318	254.85243055555554	254.74721441373592
47.79402487916653	1.8718214976269678	78.46153846153848	250.1679252715013	31.60285966347766	255.0	20.365372313708576	20.3653723912264	255.0	255.0	255.0	154.00462333473598	130.08527787244424	130.08527788731965	42.03440765825795	42.034408294396854	42.0344086250702	42.03441055869564	42.03440888731171	159.59147410976203	242.75526768375016	242.75526768186617	242.7552677372625	242.75526770330066	242.7552677600662	234.39393939393938	253.22916666666666	248.36336336336336	248.1308803763441	254.8584020966211
2.726054342191304	255.0	57.70016904383286	204.3177098185135	24.57053672288538	24.57053677084545	31.60285905999737	31.60285917574501	31.60285926115742	31.602859210867422	31.602859356070468	196.153846095	255.0	164.0593400068465	236.68159249776258	236.68159246432043	141.91739944649703	42.0344076645747	42.034408398217266	42.0344077777855	242.75526763537698	242.75526764276617	242.75526769987454	242.7552677659829	242.75526773212334	217.21046077210462	232.421875	101.27541373141437	254.745	253.760847894783
65.21565277551358	57.70016904383286	12.24473237490136	12.24473237490136	24.570536762057316	24.570536759127947	24.570536759127947	24.570536754862218	31.602859241267026	31.602859235853515	71.39999999999998	46.793371970183046	46.793371970183046	72.27982199432603	72.2798219148359	164.05934001431285	143.840837656901	36.27268487916024	62.78383277032495	156.04477611940297	237.7118643837044	242.7552677600662	242.75526768186617	242.75526773469292	242.75526762509864	233.75	97.4390243902439	251.3241909282177	240.13081480405387	255.0
38.70289315363749	39.25226473762433	12.244732267876657	12.244732265307107	12.244732239933796	12.244732239933796	24.570536715252103	24.57053675326921	185.68657067242788	255.0	106.10956846119598	174.36191973458108	115.24971363911217	182.72017808516406	182.72017800567397	127.5	119.2406109684785	32.61626464273141	156.04477608872804	223.67321872234476	223.67321870454546	230.4294632467308	230.42946324513775	242.7552677600662	242.7552677600662	233.06451614274192	232.82608695652175	196.29513379324675	253.760847894783	255.0
38.70289315363749	39.25226466749447	12.244732239933825	12.244732300125463	12.244732318133828	12.244732318133828	12.2447323572338	76.6960863766073	52.334529472376886	99.39159311556685	99.75731579430555	110.54894113775234	169.67847667828923	24.949535588994365	24.94953524041557	127.5	24.94953528769497	24.949535287695028	24.949534994653078	18.31840753567957	230.42946328474787	230.42946325834114	230.42946324087202	230.42946323794266	230.4294632771146	183.60000000000002	232.82608695652175	97.43902439024393	201.42729657638873	155.5784027054124
39.252264797433156	39.25226460687247	39.25226478431094	12.244732234017107	12.2447322627375	12.244732316249866	12.244732364623047	123.21153507243133	124.06664214258416	124.06664213433697	92.27022052224171	94.16412533052701	24.949534696843784	69.00466655017948	69.00466653846098	57.80442258333986	57.80442256162175	18.31840750223742	127.1037678962941	150.64591473709118	176.1818181818182	215.35292493874263	230.42946322915452	218.41825374771412	198.33333333333334	233.75	4.832074728498753	19.691137872954044	80.86419910594844	242.4987345958515
39.252264797433156	39.25226467723496	39.25226470771992	19.560432619417043	12.24473229669934	35.560100402429356	127.97925530891527	123.21153505277888	124.06664211594685	89.39881298544944	84.50391060456437	124.0666421387181	124.06664215843546	124.06664216922147	76.6960864408239	55.28398469426489	55.28398467352574	148.79149030575675	127.10376786260773	150.64591472431908	215.35292476557998	205.83396475961501	205.83396507922237	205.83396526196393	205.83396594674818	185.9375	94.99424144864417	244.25156229131485	72.6823904284249	98.57694873568684
39.25226460687247	39.25226473762433	39.252264706433294	35.5601003371458	35.560100359521755	35.56010042905544	35.560100612874606	98.62382430636569	86.17409922531647	90.17154161668532	84.50391060456437	84.50391060456437	124.06664205766612	124.06664212484566	83.17437703013906	83.17437702371612	83.17437703997325	148.79149030598987	83.17437714720896	60.01042152534728	205.83396501078948	205.83396499464666	205.83396498657527	205.83396498283062	205.83396479004713	185.9375	94.99424143016324	222.7918208586133	239.54414111250227	201.42729657638873
39.25226467723496	39.25226466749447	39.25226478431094	255.0	35.56010033806797	35.56010051320152	35.56010057154191	127.97925531832082	79.51037373287136	98.62382430636569	98.62382433551579	98.62382438283711	98.62382431571658	98.62382431571658	98.62382434539799	84.50391060456437	83.1743770446624	83.17437703225801	83.17437703225801	60.01042151722092	205.83396501078948	205.83396499464666	205.83396498657527	205.83396498283062	205.83396479004713	94.99424142021834	94.99424141781807	234.44405876195552	142.60825267635636	251.2580307763938
109.68656380318882	39.25226460687247	39.252264706433294	173.15058120790485	255.0	255.0	42.17991487397961	77.5009119397017	74.48948913096311	78.49451979050576	98.62382438283711	98.62382438283711	98.62382433075513	98.62382438283711	98.62382433551579	98.62382430795884	90.17154161668532	98.62382440809796	83.17437705964167	188.6036554604653	205.83396479004713	205.8339650792224	180.20997138603434	181.38784067912516	168.66836947295656	218.33358395053068	229.5	255.0	76.50752304588414	42.78885714923743
38.67583053029398	73.31590772120006	39.25226466749447	173.15058110201574	173.15058103592733	255.0	255.0	69.11969408028142	76.07507593167466	115.98117643260923	115.98117605491203	115.98117636435518	98.62382431085788	98.62382432262532	98.62382433888493	98.62382434840629	98.6238243646659	98.62382440809796	98.62382434539799	97.08768975644887	97.08769011326461	147.95000479632105	97.0876899854247	120.06668313401676	144.16343474247608	72.3914697844773	229.5	255.0	220.25129270167469	249.3061437834513
36.059571905415794	255.0	238.70325986581318	39.25226470771992	173.15058106192504	173.15058105573067	255.0	255.0	255.0	132.501962445	115.98117618416663	115.9811761256874	85.40426535769825	90.01902001586453	98.62382428603513	98.62382433888493	98.62382431571658	98.62382434539799	97.08768999432601	97.0876899854247	97.08768998542467	97.08769005051514	133.33408001004548	133.33408006	133.33408006541805	163.68336183631212	72.3914697844773	241.6932536654923	138.5215092180245	254.52272416444717
36.059571905415794	255.0	255.0	255.0	238.70325989534504	173.15058097964356	173.1505809037505	64.20328509437746	64.20328509000123	18.727776106179874	18.727776169269106	18.727776199946987	115.98117617401212	85.40426527175691	143.46659107930003	143.46659106308198	90.01902000315107	97.08768998542467	97.08768999432604	97.0876899854247	97.08768987057545	117.09508484533549	133.3340801025	133.33408004696048	163.68336180385927	163.68336179345025	0.0	251.87070138609977	246.17470398208624	40.01491666512169
12.674402678436564	109.68656380318882	255.0	255.0	255.0	55.15549291939189	255.0	255.0	173.1505810232802	92.77502119933013	92.77502126976543	92.77502135622993	18.72777609700421	18.727776507740202	69.9184316757082	77.29892605619423	97.08768975644887	97.08768998542467	97.08768996338839	117.09508473183763	117.0950847078899	133.334079975	133.3340800679517	163.68336180917606	162.66827563836955	162.66827565462836	71.54433203101127	198.18553229600138	21.38687226943395	8.833942809821167
248.83363023422064	36.059571905415794	57.90674862821123	255.0	49.30573860488187	34.10744218581266	53.938533887083	55.35631322316337	174.36191973458108	49.47092954006152	49.470929915718045	92.77502132740847	92.77502131310251	92.77502137454266	18.72777601247671	117.09508460184557	117.09508477661274	117.09508475370512	117.09508477516832	117.09508479683365	133.33408022999998	163.68336180385927	163.68336183631212	162.66827563836955	162.66827565462836	165.75165402282317	255.0	4.562277194215142	234.73292996423217	12.140182142407895
3.9883355557110463	17.30593688137361	25.275460461081252	20.222993288046553	56.758671672870065	64.36346222606232	64.3634622260623	64.36346224771265	64.36346229101332	49.47092969729516	49.47092981854337	49.470929794774946	49.470929800534606	49.47092983178314	49.47092979153024	168.30427575841946	168.304275694101	168.3042757031761	163.68336204230079	163.68336181703896	163.6833617876328	163.68336180917606	163.68336179345025	163.68336185932128	255.0	255.0	95.32928291166215	110.61924454525348	254.10203253629862	93.69795145272516
2.0603158798587913	11.180404445924836	35.642129522906544	255.0	204.3177098185135	109.68893894813843	64.3634621798731	64.36346223923599	64.36346223923599	64.36346221510217	64.3634622633698	64.36346227945896	14.705014595961842	168.3042757031761	168.30427566194172	168.30427569608884	138.01247570368847	138.01247572636566	138.01247574511873	138.01247575449523	138.01247571436926	95.3789714092012	95.37897136742794	95.37897153452096	3.5893330247928077	255.0	255.0	58.5168885706706	66.65469182472222	110.61924454525348
10.016789904508414	10.045375307541832	11.651063441106402	17.16727517453006	26.07245781286295	35.642129522906544	30.765310295126625	35.642129522906544	56.758671672870065	64.36346218543278	64.36346223923599	64.36346224771262	64.36346229101332	168.30427561442102	168.30427564063837	138.01247575217593	138.01247574408438	138.01247573417936	164.3798680086067	95.37897132766841	95.37897135407513	95.37897135729952	206.5914137019854	255.0	255.0	255.0	255.0	149.275535685455	16.253085343689207	0.0
1.1021119793146283	9.915167694773828	9.835452954244204	11.651063441106402	0.041889105060420206	21.271896435047466	0.7864057503843185	45.684891360443885	35.642129522906544	45.684891360443885	45.684891360443885	3.5893330247928077	64.36346223923599	64.36346229101332	0.0	1.9752718614471405	1.975271907579753	95.3789712838815	95.37897136727852	205.93143063167642	202.78124512607366	142.39433769916894	111.38446757168552	32.77396916942587	255.0	255.0	255.0	40.5967127977807	212.447887657842	0.0
