254.34898602483364	254.77613168444444	254.9622029104499	245.5712721264161	246.2776660207523	227.02991455829326	231.2337123080405	244.0953947368421	244.8	117.86666666666667	254.47973635733658	250.44642857142858	205.0149481793536	244.8	254.10978664405195	144.5	212.5	241.6932308362686	212.5	237.24107142857142	231.8181818181818	217.63275330274215	254.24135731893492	254.24135731893492	244.1292502587233	254.95861759380062	250.95891524753463	254.87736450279195	254.40630173973932	248.47894066579983
254.93407783351265	254.91386693125912	251.09025225469813	247.44444446333333	241.30036631593407	231.23371388552798	231.8181818181818	162.14785645502894	203.53702860577545	253.76992302990203	194.79992003446	179.44444452	241.25566655046077	34.77272725297004	173.86363626485021	252.38685398556635	254.18715846994536	237.05895910375384	240.93053173241853	232.46049054739126	226.54353485370672	227.65342902177937	229.03030503385276	237.76640678435425	234.80992200655533	241.0197897279128	250.28543858126739	253.7632174744898	254.87736450281446	254.98392852361687
245.2186912737346	207.11666666666667	226.79329608812483	252.96	224.93448351310875	162.14785657941133	204.0527247626762	204.0527237336445	135.67775628364262	227.109375	198.69761274461163	166.51819004787194	251.1300396906664	177.0265422691415	248.9729306671895	249.89945367282536	232.02765009049628	230.47675133142155	235.56805978641162	223.94932773612783	219.39480931877225	230.95502901353964	250.49376300273607	216.75	231.41034766036924	239.25467320371553	253.43606289077204	254.2085421905444	254.85072208014407	254.76991430101603
251.09549485182453	247.91666666666666	228.2809592022531	87.1753797035582	126.77380320543111	89.21591921591923	177.08333342187498	135.67775618370618	142.06214791006514	244.8	246.13899613899613	221.25558835206186	233.75	194.53381294964026	221.25558835206186	211.10618871243898	168.7186834373607	246.3859270247185	200.106038925663	214.65515266705725	214.54430579647158	238.83170464874013	230.74127402234757	244.85204081632654	216.75	242.8828971179747	252.4793610813407	253.43606289091713	254.59615264473138	254.57565284178187
75.2602505964077	117.0338104737742	253.72379340196488	87.65702481186065	0.6678947101707138	64.61538461538461	163.62252744822973	230.76923076923077	106.63636383994216	186.04610895740916	202.50097376747445	184.6153846153846	233.75	124.70570016742764	141.66666678	250.44642857142858	157.55865663070597	241.1804008908686	241.18040089086858	199.86675204417125	235.56805978186665	235.56805978163595	246.30177512347052	169.6153846077097	247.153846146	238.08673469387756	253.27067057291666	253.43606289036924	252.61960981150165	254.7585798822
228.62829460503153	126.12448131288164	164.20819292074816	200.06026269919022	19.294468450391065	21.78944985148371	178.23735127499998	106.63636365090491	92.02145013063483	156.46233973412853	131.64421696835296	191.25	159.8	204.0	67.99999999999997	204.0	237.75984359961046	157.5586565407841	157.5586565407841	189.05072381517806	204.68732335249217	255.0	238.62962962962962	146.4527027027027	234.6	234.6	255.0	195.57350933090578	253.9490626428898	253.06343144716283
81.3007728683805	30.805603803752064	235.35237594314668	28.555715745928325	178.23735113097945	178.23735116789447	90.11994502240688	92.02144954212719	153.23574689967683	134.71960175625003	214.46176166652586	225.64980214808526	230.17777010700723	230.17777010700723	234.8864516516246	200.7551476925038	175.29292963329408	155.29994885185877	155.29994884105105	139.42044540236122	204.64422634346963	157.55865663070597	236.3522011914095	236.3522011907852	179.69798654703055	244.09647614449585	216.75	158.43195266272187	246.58481737884938	253.0634314472193
254.9722719756807	119.24625789215659	129.02470662467317	178.23735102	178.23735110500002	178.23735111252194	178.23735113455692	77.90299127927693	151.6239721813073	153.23574712390314	164.95577479194338	105.96871904857659	230.45647558386412	230.17777010700726	126.16736775207659	150.8966859316828	87.1384498834868	185.00967473827234	187.70567048612907	204.64422631228456	183.1875746770434	98.07692307692307	201.22241224671865	255.0	223.8813559216547	223.8813559322034	226.04395604561205	247.7589480914427	246.5848173780458	253.368
109.50728293252925	38.67055409012943	2.0702489824835766	196.15384615384616	196.15384615384616	136.95064263965966	77.90299127927693	77.9029912206432	77.9029913625148	178.23735101999995	160.4405800351804	105.96871899965808	220.64391509936934	230.45647558386412	180.41153054484195	230.45647558386418	185.830948432808	171.28111393465497	182.8751083066917	210.27004103686065	204.13026839894323	229.6469740634006	188.37209302325581	201.2224122948593	231.2654409635353	233.75	229.5	218.0583501006036	252.69422743055554	251.73076923076923
35.99435395311167	176.9591451494561	237.80293775741404	39.230769230769226	58.11071780385021	186.08927052513167	77.90299127927693	77.9029911497075	77.90299122064326	77.90299111134033	160.44058009802018	220.64391441355346	220.64391437827703	220.64391440668993	180.41153049364095	140.3391334733638	140.3391334733638	169.10086752153222	192.91863744636572	192.9186374442681	156.23892465649007	213.6047291631729	213.604729164964	208.33176099	235.44401539461091	234.29780234493046	250.75442247658688	243.93229166666666	254.45218354536604	249.2625
254.93322707378474	205.1508531548432	180.58643794340912	186.0892707540482	186.08927066430186	186.08927064011823	186.08927062205782	77.90299127927693	77.9029909901017	77.90299111134033	168.30000001682998	220.6439133696648	220.64391437827703	220.64391413791273	220.6439140935234	179.179240175825	179.179240175825	228.0230741970454	190.39005925248964	192.91863740122713	192.91863739720714	217.44393298503013	221.88020530526472	221.8802052617263	124.76871013504856	235.4440153681656	237.762	254.5179584120983	252.69422743055554	254.28595451998027
24.370211063214043	166.34891058643078	39.2307692307692	171.3880835409445	134.92552669983712	186.0892706280264	119.33587736576669	119.335877485619	186.08927055606267	186.08927069116817	168.30000001682998	210.07519687804876	130.08527787244424	130.08527788731965	225.44790467404306	225.44790486148932	225.44790467404206	225.44790612426158	225.44790578954223	159.6028145578528	170.61559600575652	170.61559605288457	170.61559605926885	170.61559603539945	170.6155959435569	234.39393939393938	243.93229166666666	248.36336336336336	248.1308803763441	254.2085421905444
109.50728293252925	194.2674012294443	169.76514915475138	155.65596279056598	87.03228976750984	87.03228970752801	134.92552639809696	134.92552647917762	134.92552649867702	134.925526548967	134.9255265408837	84.99999991499999	233.75	199.2836015325994	205.6094190559732	205.6094190960842	141.56972114807496	225.44790486148986	225.44790415867723	225.44790459000848	170.615595880636	170.61559598433172	170.61559601178845	170.61559598433172	170.61559602385233	210.35118306351183	232.421875	253.7241426901992	252.96	253.760847894783
44.590412624053755	27.73548727941244	84.3844039761477	84.3844039761477	87.03228976760488	87.03228978763048	87.03228978763048	87.03228978008184	134.92552647917762	134.92552649974633	112.20000000000002	140.9605332114484	36.6310462787533	107.1784777774732	107.17847795937749	199.283601530417	200.64891856467548	216.66268917988205	174.85725275358908	171.26865671641792	177.20338982391553	170.61559569712347	170.61559597074012	170.61559598804826	170.61559602385233	201.875	179.6747967479675	254.5699899582061	207.95324914565157	255.0
10.073311891598479	139.03703093488934	84.3844039761477	84.38440401195174	84.38440405644309	84.38440430287656	87.03228981969195	87.03228982768172	67.6087499440043	214.46176166652586	106.47851634811283	140.9605331234972	113.28450601591913	147.82152204062248	147.82152222252682	67.03668833584285	119.19096566256701	207.63453172432202	171.26865670363668	202.3140492742534	202.3140495340909	167.96771017231828	167.96771021991816	170.6155959435569	170.61559618999036	222.09677419354838	243.91304347826087	232.33966227678957	253.760847894783	255.0
10.073311891598479	139.03703092269996	84.38440405644312	84.38440398821152	84.38440402925985	84.38440394711546	84.38440401566828	104.95872431739886	86.06483505285027	99.38197196249038	99.22865217321669	100.92473774807468	80.75230947631263	198.6994138203243	198.69941375803214	67.03668838263158	198.69941377683767	198.69941372270046	198.69941386753254	49.390580903915776	167.96771018030807	167.9677102067148	167.96771021236952	167.96771023239512	167.96771023249016	188.7	243.91304347826087	179.6747967479675	237.2394010006285	87.77813724261034
139.03703095246834	139.03703093928408	139.03703095147625	84.38440401566828	84.38440394073118	84.38440399424348	84.38440411936398	104.7185932903019	93.787178634133	93.7871786483625	92.27022052224171	96.12931267363032	198.69941364077857	111.69064797128098	111.6906479861999	103.06086314990858	103.06086315856493	49.39058094402682	142.74091078864356	109.81082448692675	166.9090909090909	190.31794388110725	167.96771029247202	194.10398693018465	198.33333333333334	201.875	83.6119164590555	131.6290009167635	87.50725247110881	60.06112818328094
18.110407485961844	139.03703089392366	139.03703092609982	34.96095206881256	84.38440396460055	61.39098860759097	98.60461721916465	104.7185932544632	93.78717862300604	87.8937565638891	87.43806789526002	93.78717862835256	93.78717864325773	93.78717864525998	104.95872434107093	93.06461856294777	93.06461860840884	148.79149030575675	142.740910652036	109.81082446472323	190.31794401898821	177.09700888865967	177.09700900989833	177.09700888865967	177.09700872072307	185.9375	48.26781180431158	244.25156229131485	254.73297798772634	98.57694873568684
18.11040761096976	18.110407652639083	139.03703093229205	61.390988412064274	61.390988521775824	61.39098854836905	61.39098852458346	107.06013057609934	85.94475837865653	90.17154161668532	87.43806789526002	100.04719903843704	93.78717862835256	93.78717863828933	122.60840590452182	122.60840590901987	122.60840591209904	148.79149030598987	122.60840601482084	94.55941990197985	177.09700888865967	177.09700877935674	177.09700885029253	177.09700872072304	177.09700872072307	185.9375	48.26781189348836	36.148755623156404	171.8172140785424	50.806252099826764
18.110407472613787	18.11040765795508	18.110407716739473	186.08927052513167	61.39098847886822	61.39098844787836	61.390988749621755	98.6046172087326	79.10569177488114	107.06013057609934	107.06013058492456	107.06013056363497	107.06013059171505	107.06013059171505	107.06013061979525	100.04719903843704	122.60840587050356	122.60840592827805	122.60840590926307	94.55941996481957	177.0970086374852	177.09700877935677	177.09700872470532	177.09700872072304	177.09700872072307	48.26781186617356	48.26781185407657	210.60914615720998	115.1322917522543	254.99241531409416
109.68656380318882	18.11040761096976	18.110407677549915	47.878840789663855	186.0892707540482	186.08927069116817	30.338483342942112	78.36090653915903	5.797799606800368	71.59358393447468	107.06013046683302	107.06013046683302	107.06013058155474	107.0601306604369	107.06013058492456	107.06013057915354	90.17154161668532	107.06013063370477	122.60840592725353	114.15208345679147	177.09700872072307	177.09700872072307	163.40129598113387	138.60895656213796	168.66836947295656	184.64395220962928	204.0	255.0	104.61436161212143	216.44591715204174
180.58643794340912	60.66363235609373	18.11040765795508	47.878840787043856	47.87884077965339	186.08927062205782	186.08927055606267	69.64091590486652	75.94673647324092	181.69951060717398	181.6995104034599	181.69951046346478	107.0601305553462	107.06013059374982	107.06013061140027	107.06013057609934	107.06013059374982	107.06013063370477	107.06013061979525	111.98172627136361	111.98172603742839	138.13336626790152	111.98172607192404	124.9750023690203	144.16343474247608	149.81656668275713	204.0	255.0	60.761126923293375	184.25962860203032
11.534791858763072	178.23735127499998	105.82806015805102	18.110407735977645	47.87884077595817	47.87884077264664	186.08927066430186	186.08927064011823	186.0892706280264	46.793371845000024	181.69951031977592	181.6995103313305	123.1379339710559	110.741225367207	107.06013056363491	107.06013061140024	107.06013059171508	107.06013057139424	111.9817260154893	111.98172598513682	111.98172598513676	111.98172600683361	133.33408001004548	133.33408006	133.33408006541805	103.32634699406913	149.81656668275713	59.4965275835911	3.761526502526408	96.75463872051236
77.96092223893342	178.23735116789447	178.23735110500002	178.23735102	105.82806018038423	47.87884076413806	47.87884076487245	49.22920937453216	49.22920940420954	174.26979205523753	174.26979200314668	174.2697919539959	181.6995104329312	123.13793381143259	109.2429571196187	109.24295713162309	110.74122537738126	111.98172594174318	111.98172591557184	111.98172594174324	111.98172580349319	107.46163782979264	133.3340801025	133.33408004696048	103.32634702414089	103.32634699198945	8.19095797599445	6.344969746635286	249.6055397587159	18.862553355586584
24.425322360858303	109.68656380318882	178.23735111252194	178.23735113097945	178.23735101999995	56.047317426897166	97.441343369294	97.44134345921589	47.87884101051014	154.62066939474562	154.6206693367682	154.62066942323273	174.2697920010882	174.26979180654365	69.45000173740777	77.75490747634927	111.98172567185867	111.98172581156234	111.98172588755213	107.4616379304706	107.46163800297245	133.334079975	133.3340800679517	103.32634701810946	208.8341378524864	208.83413790399402	6.2759917347307805	245.79429331699848	175.06739756456153	6.433569027517933
0.00693231051627663	11.534791858763072	237.37180920846103	178.23735113455692	49.03869729926049	49.509782498504364	53.938533887083	56.40609123792069	140.9605331234972	116.71989882254758	116.7198987378033	154.62066939441118	154.6206693840956	154.62066939887734	174.26979191468283	107.4616378004786	107.46163791638253	107.46163794524583	107.46163797380132	107.46163799546667	133.33408022999998	103.32634702414089	103.32634699406913	208.8341378524864	208.83413790399402	165.75165402282317	255.0	116.19988480193263	19.667788002620398	9.983985798757999
124.74694388047519	6.551615024860951	8.687215780798027	61.80585187313176	143.7916034413019	93.89915388170121	93.89915391886714	93.89915388952795	93.89915397951339	116.71989859159012	116.71989854406573	116.7198987378033	116.71989868723094	116.71989874291617	116.71989875881351	74.24266589985388	74.24266586582931	74.24266584613613	103.32634708428441	103.32634703116943	103.32634703917677	103.32634701810946	103.32634699198945	103.32634705786046	0.0	255.0	233.56971310503923	57.48914993072401	0.6009704957763518	254.49848680188498
0.010536119725713888	2.4303544156669545	34.24016530082338	194.2674012294443	155.65596279056598	10.064162751886442	93.89915388559231	93.89915388734826	93.89915388734826	93.89915389923553	93.89915394002492	93.89915393210006	118.77098614508174	74.24266584613613	74.24266584881701	74.24266585220539	115.20137094405618	115.20137081853574	115.20137083728875	115.2013708466653	115.20137080201926	95.3789714092012	95.37897136742794	95.37897153452096	14.214236831995947	255.0	255.0	195.5344445458246	7.94948250416553	12.704527671893743
9.974002662541068	9.997962349934028	12.402771183424647	18.962938508112416	26.155510038834194	34.24016530082338	41.201517662045205	34.24016530082338	46.96371222022785	93.89915389810892	93.89915388734826	93.89915391430526	93.89915390518149	74.24266575585537	74.2426658461361	115.2013708493786	115.20137083752849	115.2013708256921	124.10398766402554	95.37897132766841	95.37897135407513	95.37897135729952	52.10880364579657	69.25617754596345	255.0	255.0	255.0	248.94271405574344	224.36272193632726	0.0
1.0802600108401066	10.249384078791593	10.368925630984876	12.402771183424647	24.17189464953023	20.153980423092747	53.890490921192196	27.01249382867556	34.24016530082338	27.01249382867556	40.76568839783258	14.214236831995947	93.89915388734826	93.89915390518149	8.19095797599445	40.058060926021625	40.05806103318389	95.3789712838815	95.37897136727852	54.46795322794003	51.32336241276914	30.141800690389545	56.85704383181013	45.001186454816974	20.283443501017388	255.0	255.0	21.735240712725982	63.463457258391884	0.0
