254.3673576035907	254.52056756148147	253.60729527073184	253.12185707385274	249.03076995513388	245.68458846153845	236.1508943044446	208.02631578947367	214.2	255.0	240.51516000366317	232.23214285714286	219.0730572657202	255.0	41.082845212871035	238.0	238.0	210.2570339152215	238.0	195.25714285714287	243.4090909090909	139.65505912238507	252.36416608288778	252.36416608288778	232.31178397613306	254.7320118817737	244.0687861636414	248.59517256956005	253.69084918369666	253.97037990606938
254.97018423136808	251.7207267636669	252.43163107990407	243.94308944333332	247.75529349725275	236.15089639331774	243.4090909090909	241.08949892091562	228.51243612851255	236.40823468567916	224.42215248279194	199.92	255.0	121.70454538539516	121.70454538539516	37.13978139901889	195.66256830601094	228.04953694272226	207.32418524871355	179.2126699128201	205.60597568267744	227.6755264706488	234.9991082603209	246.8425223980839	234.88708434143697	240.83995487972615	253.28464599786375	241.00310204081632	248.59517256878348	253.54962712723102
252.96649635429284	253.86666666666667	249.7533724127264	238.68	232.0556224250264	241.08949895841624	211.5951851581044	211.5951848626107	230.4963484291345	175.3125	191.93539018657876	190.05100358273197	217.5478216707785	193.37019958277142	211.87023981483657	28.296389077671193	200.40936747609658	187.41089717328964	180.74100591969966	237.76320596294178	220.42893546367316	201.07350096711798	232.60135136706765	229.5	231.60206492755006	239.27225178855656	233.13110328951183	246.04206564638878	246.31435737211572	252.09279144542117
251.09549485182453	253.86666666666667	232.0556224250264	239.61443926648695	254.58705923176842	216.82952182952184	213.795731765625	230.49634840278776	228.88957906090903	91.79999999999998	216.82952182952184	135.4236790775551	191.25	212.73237410071943	135.4236790775551	201.90092100488525	255.0	25.98760764983453	255.0	214.48307416402264	215.3467006399587	216.60331223731131	197.93576239322863	209.4816326552296	229.5	236.91185980229503	236.72153176910842	233.13110328929008	246.87481660382392	252.81932356211598
250.16151662714248	173.39596062599236	76.32301248197265	244.70808939663974	28.464846211569494	185.76923076923077	206.03606689431246	185.76923076923077	214.5731709316505	193.1551943159599	219.31316083102053	185.76923076923077	191.25	148.24655155519116	163.2	159.375	181.28846924833988	229.15924276169264	229.15924276169264	200.5280018892073	180.74100591768922	180.74100590656883	224.999999989819	224.999999989819	204.0	255.0	227.1654856713383	233.13110329056218	242.083585755158	244.8
253.0636769942806	31.154672773963767	212.11422465915288	22.97102988105962	195.25497117600153	17.437379852167822	101.47470229499999	214.57317081948725	204.51104115845848	165.6815354757319	166.76190079760937	127.49999999999997	180.8181818181818	153.0	255.0	255.0	182.35702606851913	181.2884691954601	181.2884691954601	159.87181133397087	192.09411373654066	209.10215291902688	144.8567901234568	223.98648648648648	204.0	204.0	198.10204081632654	255.0	207.42538556114414	252.5117493971761
202.53734648940704	213.26265250096236	159.85057662366614	246.164632961593	101.47470222504387	101.47470222504387	206.53612603460658	204.51104065713346	162.64496004221942	177.94980435000002	157.13203535753348	151.6865202599415	162.40075940628236	162.40075940628236	18.431161426331386	157.1027608096045	130.79299507690473	156.03067291058926	156.0306729326209	187.69516715408412	198.03680283888315	181.28846924833988	155.92407141694895	155.9240714165371	46.20805368352217	201.66724860053537	228.8625	255.0	244.83028467414658	252.5117493984381
188.58059147343505	180.55207138131152	164.26233335379564	101.4747021675	101.47470221	101.4747022250439	101.47470226911383	193.18657464170812	161.12574895804937	162.64495968384915	100.05556928287305	179.1856895654379	15.520169851380018	162.40075940628236	142.9838058848719	189.15928311094783	189.15928311094783	208.7105229438638	131.57217261666915	198.03680276625764	139.7110810479872	255.0	194.78300801390296	181.28846924833988	219.34322032689602	219.34322033898306	204.21016483666088	210.3803699523622	244.8302846731755	244.8
244.3000261053761	166.68778361846182	13.310369103238202	137.30769230769232	137.30769230769232	147.27343765749194	193.18657464170812	193.1865745225465	193.18657454284184	101.47470254999996	176.01048033805654	179.185689542648	140.67296610965684	15.520169851380047	158.8106213407322	15.52016985137999	130.98924971376533	171.31424787870122	140.96053312202145	140.96053312202145	147.2633596695168	136.68587896253604	141.97674418604652	194.78300797050167	175.22550990521586	211.171875	204.0	203.94869215291752	172.137451171875	244.67510516826923
248.85524447058503	15.53667884905073	102.64000394942204	137.30769230769232	190.02893124340653	117.17854150809637	193.1865744489246	193.1865745123988	193.18657452254647	193.18657454284184	176.01048039677937	140.6729663704676	140.67296648329244	140.67296650780648	158.8106214067999	109.5157765595743	109.5157765595743	170.10244007285257	122.92622768481496	122.92622772987619	173.36016595749203	121.2351165520711	121.23511655308766	174.42979933125	139.77630037136484	140.94916129525848	126.57127991675338	134.47265625	163.8570373602766	252.32090625
252.0761651996885	149.64290337061144	6.346318546624218	117.17854127917988	117.17854122918652	117.1785412470974	117.17854124411568	193.18657464170812	193.18657435253283	193.18657404049293	140.250000014025	140.67296630814494	140.67296648329244	140.67296633004662	140.67296667007426	202.34013965145513	202.34013965145513	14.170186911935048	87.40967057473316	122.92622762485072	122.92622766556408	115.35177415702594	114.10149116233958	114.10149114104814	242.33730924016663	139.77630044201683	143.92199999999997	123.76417769376181	172.137451171875	247.09179590889056
205.5238711275561	154.1124722560561	137.30769230769232	144.00812531942987	73.33433497254356	117.17854125605282	128.608094272294	128.60809432280547	117.17854122658358	117.17854138233633	140.250000014025	127.77422305907656	167.68835617484345	167.68835616704285	12.893738025811444	12.893738793719848	12.893738509217826	12.893740926249137	12.893737587152117	159.51354394205012	162.42391804967446	162.4239180351843	162.4239181031868	162.42391808046344	162.42391800536228	84.38181818181818	134.47265625	114.51567567567565	114.40848214285711	246.04206564638878
244.3000261053761	89.85526494981661	108.33134455917761	71.99616450855797	129.45615392276156	129.4561539224507	73.33433436906324	73.33433458545571	73.33433457022335	73.3343346708034	73.33433454776932	102.0	106.25	177.10298485345413	135.99555652441933	135.99555653558397	141.27567639086772	12.893737534075484	12.893737565921612	12.89373806247562	162.4239180350167	162.42391805009532	162.42391805456035	162.42391805009532	162.42391806433218	107.65255292652552	83.671875	76.37191504177224	124.44	170.62254723189702
250.4809071938424	108.33134455917761	92.57608204269255	92.57608204269255	129.45615378494261	129.45615379991034	129.45615379991034	129.45615380332356	73.33433458545571	73.3343345728936	132.59999999999997	255.0	255.0	79.20179327586374	79.20179324586769	177.10298485955656	118.59817537101105	11.04541862524502	158.25766962624795	79.92537313432837	112.37288134384517	162.42391800536228	162.42391803518433	162.42391803024714	162.42391795730748	79.6875	89.83739837398375	8.545810801907464	174.1680696436964	255.0
6.3507592535486594	79.55480064883383	92.57608193566782	92.57608196975286	92.57608199463772	92.57608199463769	129.45615380332356	129.4561538298458	83.89032042501145	76.05555890942463	106.17726829232302	93.72383928884992	115.42132558404333	175.7982067541323	175.79820672413624	127.5	119.50780580467642	9.893126613446015	79.92537312836379	87.23684188793368	87.23684208238635	125.54384617015421	125.54384619667644	162.42391800536228	162.42391800536228	74.03225806451613	72.06521739130434	54.49308975337067	170.62254723189702	255.0
6.3507592535486594	79.55480067359403	92.57608199463775	92.57608194543965	92.57608196481567	92.5760819648157	92.57608194990465	59.930781365923735	104.34263795847093	98.94619379880893	99.79499491187437	117.44375140205685	94.76585502039936	7.366502384187612	7.3665021102004005	127.5	7.366502146722468	7.366502146722553	7.366502156106009	119.00444346441603	125.54384619667644	125.54384619667644	125.54384620008966	125.54384621505739	125.54384607723844	86.70000000000002	72.06521739130434	89.83739837398375	126.79730458680291	32.403198531068625
79.55480077005168	79.55480067913831	79.55480071713092	92.57608194990468	92.57608189681324	92.57608195032554	92.57608196498327	61.88033531229888	51.083368878283835	51.08336887592367	91.89807573284867	88.77123324384903	7.366501693106784	175.22233392742137	175.22233395266653	67.80887003277013	67.8088700556973	119.00444347558073	59.27165446608345	82.07573493179962	69.54545454545453	74.16714205714473	125.54384607754929	74.44359808277216	51.00000000000003	79.6875	110.99187468057013	100.35136317314698	46.44108737987432	19.491471640096847
79.55480077005168	79.55480050350016	79.55480058822485	144.88434747785504	92.57608191953659	76.55234734205035	57.17690311813189	61.88033530511933	51.08336886420943	80.81217805051364	87.89708904445689	51.08336886515704	51.083368873275504	51.083368892358266	59.930781390130505	59.392899098539544	59.39289912204484	57.9558399456474	59.271654525634034	82.07573492863915	74.16714198719507	61.81342545715813	61.81342564746714	61.813425959507015	61.81342535829188	47.8125	94.99424144864417	166.02726509882842	243.4387499432304	98.57694873568684
79.55480067913831	79.55480064883383	79.55480064592066	76.55234724888328	76.55234734205035	76.55234733285175	76.55234750078873	51.62875223194925	86.23944852451214	102.89366742805515	87.89708904445689	87.89708904445689	51.08336886515704	51.0833688705693	65.5313206674657	65.53132066872473	65.53132066371515	57.95583992739398	65.53132083134861	78.98951960322066	61.81342545715813	61.81342547745351	61.81342548760125	61.8134255510754	61.81342535829188	47.81250000000003	94.99424143016324	18.433480174279282	244.099985524635	126.79730458680291
79.55480050350016	79.55480067359403	79.55480071713092	48.26781203322804	76.55234727768894	76.55234730340709	76.55234741180936	57.17690309929512	81.60303185252351	51.62875223194925	51.628752236205116	51.62875225196339	51.62875224216381	51.62875224216381	51.62875223236432	87.89708904445689	65.53132064988688	65.53132067814371	65.53132067814371	78.98951966194346	61.81342545715819	61.81342547745351	61.81342548760125	61.81342555107537	61.81342535829188	94.99424142021834	94.99424141781807	221.84649626084092	204.02527319651398	249.586814820497
7.518509511807622	79.55480067913831	79.55480064592066	60.32020578963511	48.26781180431158	48.267811874670144	102.8332323573091	77.95469025612053	75.10530434785562	79.36159556638324	51.628752155161436	51.628752155161436	51.62875222369664	51.628752155161436	51.628752236205116	51.62875230956715	102.89366742805515	51.6287523032627	65.53132065621395	64.29101951709387	61.81342535829188	61.81342535829188	40.181997580125085	43.565169595195755	35.227635374542956	50.04912616823097	51.0	255.0	70.78109250223056	193.5374088250706
6.346318546624218	0.0	79.55480067359403	60.32020570667285	60.32020565800073	48.26781186617356	48.26781189710451	69.30964742739323	76.14123448332714	91.127165908752	91.12716618543448	91.12716597967022	51.62875213686465	51.62875219842044	51.62875224897277	51.62875223194925	51.62875224046101	51.6287523032627	51.62875223236432	40.83220574095381	40.83220546520039	51.000000045615735	40.8322056158286	47.837020649224115	30.109598671752934	66.16387543540932	51.0	255.0	20.98161864238432	135.17638416095025
87.91144043345099	24.712053314999963	81.0990118821359	79.55480058822485	60.32020569270654	60.320205677563365	48.26781189348836	48.26781185407657	48.267811884079265	57.477849405	91.12716588581762	91.12716583125626	79.20235259394659	49.12163496576545	51.62875225196336	51.62875224897277	51.62875224216384	51.62875223236432	40.83220545720073	40.832205485647734	40.83220548564768	40.83220548564776	21.977467672679012	21.977467654999998	21.977467617306445	24.68144357977107	66.16387543540932	4.171788744931746	230.87432191344678	52.86718743920301
87.91144043345099	24.712053392938373	24.71205331499999	24.71205331499999	81.09901184987328	60.320205621527464	60.320205678740166	20.337815100680587	20.337815115554235	5.485380883298063	5.485380997060645	5.485381031473423	91.12716596478319	79.20235261046713	33.399309940052945	33.399309984085875	49.12163498442041	40.832205485647734	40.832205457200786	40.83220548564776	40.83220548919962	34.71603752596562	21.977467612499993	21.97746763576393	24.681443625435435	24.681443626457423	140.10294706507483	42.570733776318065	222.88086218927856	197.57721724214306
39.06895182313909	7.518509511807622	24.712053337565862	24.71205331910832	24.712053569999966	55.21973009350839	73.71153075166015	73.7115308045399	60.32020572531772	71.78600887205224	71.7860090600042	71.7860090600042	5.485381068016665	5.485381134711844	69.32974446126374	76.30110778929185	40.83220514144887	40.83220535546687	40.832205465200445	34.7160374584586	34.71603748521616	21.97746774000001	21.97746757147854	24.681443644163977	22.121196310911955	22.121196195406753	77.29153778670101	76.28961916681223	244.26412757462927	29.081683607226296
43.991194414364	87.91144043345099	57.90674862821123	24.71205318218054	49.85153088643801	52.08384176433094	51.21265999203692	58.47135025698009	26.921066246994428	44.79416296919047	44.794163069306705	71.78600900236114	71.78600899406683	71.78600905859784	5.48538083644641	34.71603732846657	34.71603750559089	34.71603749879935	34.71603750178926	34.716037523454645	21.97746774000001	24.681443625435435	24.68144357977107	22.121196310911955	22.121196195406753	165.75165402282317	255.0	249.72914813855456	29.693458150304906	66.50248366224355
239.41785054306135	66.85274882645851	68.03579059076378	20.222993288046553	0.0	73.79733439004713	73.7973343900471	73.79733439885047	73.7973344907891	44.79416292929449	44.79416296919047	44.794163069306705	44.79416304571154	44.794163108532985	44.79416308397194	36.33629909442709	36.336299101266775	36.336299070783014	24.68144371676425	24.681443653017254	24.681443648267646	24.681443644163977	24.681443626457423	24.681443560586416	255.0	255.0	120.32797980498682	234.4736838672404	25.516447777439993	163.78463942456807
117.34241287690381	140.01000440140257	255.0	0.0	0.0	28.474802431926605	73.79733438514876	73.79733439311624	73.79733440925722	73.79733438631771	73.79733443219672	73.79733449053234	96.88849597535727	36.33629910205187	36.33629903268741	36.33629906333047	19.29376557211225	19.293765451824356	19.293765451824385	19.293765451824356	19.29376546217358	15.7213238614452	15.721323889972751	15.72132395827387	185.3239164562707	255.0	255.0	209.2948788372049	75.92009596392234	234.4736838672404
10.125661860022234	9.630212239109255	12.731330205315828	21.742031287779838	25.163252169716714	255.0	29.982489872022512	30.374465792951497	0.0	73.79733439849659	73.79733440925722	73.79733442362775	73.7973344164572	36.33629909442709	36.33629903951413	19.293765503826762	19.29376545727291	19.293765458906506	26.190229651090533	15.721323901955799	15.72132387554899	15.721323827619642	130.04808610065737	57.682052275129564	255.0	255.0	255.0	252.19724132974235	93.74115797431548	0.0
1.11105543637089	9.915167694773828	10.305341964762164	12.731330205315828	12.890096659914946	18.894066118886855	35.55882505688615	255.0	30.374465792951497	255.0	255.0	54.61283193544992	73.79733440925722	73.7973344164572	39.3350700344275	56.87522238531088	56.87522242161995	15.721323947027855	15.721323862345685	46.51823378245467	43.73710372230414	10.100068282959626	4.826129719908465	2.3165796962021545	57.682052275129564	255.0	255.0	237.5158918834032	2.451325039774929	255.0
