253.03801063725285	254.9125514459259	254.90053654627172	253.83568983414938	237.29879275475844	248.31396896033655	247.7665636770292	249.78070175438597	244.8	250.46666666666667	223.65691349303538	201.875	249.84208242578225	163.2	37.46236825034592	221.0	161.5	236.5529311962477	161.5	246.25714285714287	185.45454545454544	249.0228440924592	254.88993221005467	254.88993221005467	237.54205312538463	254.9977121608907	248.00768609538446	254.86232326130596	254.45580197574384	253.57648475521057
254.92806925733257	254.98972268221576	250.90753710111335	250.27777779666667	235.46245422802198	247.7665657682273	185.45454545454544	225.18426728699822	233.45473138615458	218.16402311990905	234.06684670871113	246.969674895	253.87617311702817	191.24999989133522	69.54545450594009	33.84731317767225	230.03415300546447	230.18659049211004	234.1509433962264	223.75365638652838	216.31476383167205	227.76849340975693	228.29822768721442	244.2727741183695	234.7947307937739	241.01262679297167	252.28582331443562	254.70024489795918	254.86232326128516	254.8439614405647
243.82941607618122	250.46666666666667	250.7262569830492	252.96	255.0	225.18426722286395	232.84196827168205	232.84196709746706	207.410031578435	239.0625	203.08819881105256	245.45837827670314	192.16592129210045	238.61765210519937	186.03847735200068	25.73402506677624	234.07936904663848	228.36132732486686	234.78074101090462	232.37062029856514	216.96260288684843	235.2707930367505	180.91216217438597	233.7500000085	231.7817351858163	239.42955225522482	253.3105589758236	253.27349331379372	254.7693506011193	254.82446085758355
251.09549485182453	220.71666666666667	227.54798063576987	159.47426540134745	130.7770475100965	250.75883575883574	221.354166578125	207.41003146014927	206.81890473186903	244.8	154.8024948024948	210.74888232958762	148.75	220.29064748201438	210.74888232958762	220.29889526906834	94.47462890478377	23.627389973800035	152.87043345305477	214.62866846829093	215.02727195304377	215.65259090177062	232.8700325920731	233.35102040816327	233.7500000085	243.40733303438293	252.04255484330568	253.31055897597744	253.16204581424407	251.49097542242703
238.99513072300533	124.61649315560484	200.63246531467883	0.0	14.436642234259665	241.15384615384616	214.94139890171982	120.0	183.28124998750354	215.79454234620076	254.25116456448077	208.84615384615384	148.75000000000003	224.82993306655726	229.57063704	201.875	190.5415427185756	249.79398663697106	249.79398663697106	197.26640789495656	234.78074100608885	234.78074100590658	164.42307691563695	247.02797200420687	229.5	230.0204081632653	251.97293447293447	253.3105589753856	253.0126260269591	252.45
42.35768908430563	252.79321784406693	214.3684277041323	207.50844872227165	11.02699406027591	252.32921640318403	178.23735127499998	183.2812500249929	169.1284382289393	196.68370438248112	240.1774731905652	212.5	190.4	204.0	221.0	102.0	154.18678990631793	190.54154269385904	190.54154269385904	173.90501109094743	205.9275923652496	182.25363355128246	246.94074074074075	246.95945945371622	245.727272718	245.727272718	238.3469387755102	215.18889394629042	254.74528760859624	248.3103027777751
156.47093556783517	36.17820286775722	9.444597001889292	31.319033253838853	178.23735113097945	178.23735116789447	170.6393963724903	169.12843804003825	194.49152513803503	188.6208575625	113.14138915514471	121.5592339223412	132.64929237141868	132.6492923714187	16.73255159685803	194.18124459958545	191.5571277377887	126.88379221508845	126.88379222384066	188.05197529658676	157.78452794620355	190.5415427185756	223.75257015221217	223.75257015162114	133.4899328635084	192.31843575150393	193.8	181.06508875739644	234.0442229649081	248.31030277797012
123.06532592181605	165.57090987280424	65.53280710726202	178.23735102	178.23735110500002	178.23735111252194	178.23735113455692	153.99617454466497	193.38990408137093	194.4915252713588	190.8199153710995	186.92605442370927	14.076433121019136	132.6492923714187	201.5044668473055	100.58983192694578	161.8871652437	198.75222602170234	207.7831749015381	157.78452785924406	186.83130208947983	117.69230769230771	165.66268453566093	138.16998792674127	196.65254235310255	196.65254237288136	234.4505494503989	230.5614498086191	234.04422296290707	254.6628099198
163.12561353905073	202.53734648940704	7.254013749686209	78.46153846153842	78.46153846153848	183.3001567975308	153.99617454466497	153.99617421562957	153.9961741650676	178.23735101999995	129.10841829764894	186.9260543372784	110.47237047503637	14.076433121019136	163.4477545486335	14.076433121019022	182.34531048685977	171.68990246719397	206.3734079046739	174.3619196689565	180.70000137982964	160.20172910662825	222.90697674418604	165.66268448534498	201.59724216795442	201.875	246.5000000085	236.01609657947685	249.93421766493054	240.6971153846154
24.370211063214043	46.14913813294709	186.6748182442163	215.76923076923077	141.04659371635614	76.86834869678364	153.99617415909796	153.99617411532333	153.99617421562957	153.9961739138932	129.10841832845608	110.4723689224559	110.47236928062631	110.47236952174134	163.44775453590927	131.45422298324013	131.45422298324013	169.90248831113593	191.45869640067497	191.458696401553	130.07602312540234	195.13080664095253	195.1308066425887	162.59502888375	187.60705019808623	213.8882428322782	222.89281997918835	236.29557291666666	243.60712967003457	240.312
253.53754811859383	222.40625773182376	210.87192608984435	76.86834869678364	76.86834864864738	76.86834867179687	76.86834867378178	153.99617338796392	153.99617396631444	153.99617391389313	127.50000014025	110.47236900301527	110.47236928062631	110.47236943807096	110.47236936494457	186.4224783285842	186.4224783285842	12.845885906594987	209.66666665772533	191.4586963447029	191.45869637459128	159.88082948238014	162.2001289686291	162.20012903167313	1.451509337192192	187.60705005464285	205.632	206.79584120982986	236.55381944444446	253.6388471268893
61.73914261382345	37.62321710560852	215.76923076923077	139.57763263429578	164.1671677880119	76.868348633663	163.1068761573361	163.10687644495155	76.86834866228082	76.86834881751298	127.50000014025	99.67209374052646	70.48580888296851	70.48580892210882	11.683122719253277	11.683123667810406	11.683123686065585	11.683124169471796	11.683122876140516	160.321895235866	128.85481526684325	128.85481527002148	128.8548153203556	128.85481530232863	128.85481522938574	198.23030303030305	210.72916666666669	227.02606606606605	226.8135560675883	253.27349331379372
23.06956667553186	21.50232235869504	57.70016904383286	155.65596279056598	141.94355105075965	141.94355094957692	164.16716718453165	164.16716729272787	164.16716728511167	164.1671673354017	164.16716740492876	174.47368413	148.75	222.52828114124264	71.10918593975526	71.10918592690271	142.18707842054835	11.68312177834386	11.683123696666996	11.683123477584587	128.85481515924997	128.8548152903394	128.85481526703285	128.8548152903394	128.85481526741188	182.34246575342468	196.5625	5.077890810664826	252.96	116.12158785368419
254.62459158649784	194.24785373032108	126.14518473258812	126.14518473258812	141.94355099001376	141.94355094268892	141.94355094268892	141.94355092744217	164.16716722720582	164.16716728644678	142.79999999999998	57.477849466180345	161.8871652522563	98.77430490957559	98.77430472011562	222.52828114217627	92.03735270125699	10.005642367222634	85.30539153629084	148.4328358208955	138.30508473587332	128.85481498295223	128.8548152700215	128.8548152403714	128.85481526741188	185.9375	165.16260162601628	254.96768608299502	43.58043933905395	255.0
211.01947941788546	39.25226473762433	126.14518473258815	126.14518475962859	126.14518477061432	126.14518501704777	141.94355092744217	141.94355084803928	160.88554189423417	113.14138915514471	106.19659452374123	140.9605331234972	118.41057388215793	156.2256952798844	156.22569509042438	191.51256786634835	119.09883314880452	8.960473964155426	148.43283580981844	132.4038462457933	132.40384617613634	113.05644915196075	113.0564490725578	128.85481522938568	128.85481547581912	164.51612903225805	144.1304347826087	226.77235884768226	116.12158785368419	255.0
211.01947941788546	39.25226466749447	126.14518477061429	126.14518473296718	126.1451847299785	126.14518472997852	126.14518470966058	101.32899145887097	113.91063488374635	99.46071958480195	99.06599163651384	129.63607832021114	151.90162119235669	6.6647870398802525	6.664787141300252	191.5125678187665	6.664787096628601	6.664786988354393	6.664786455472353	183.8908140730973	113.0564490725578	113.0564490461511	113.05644905731108	113.05644900998627	113.05644894924035	142.79999999999998	144.1304347826087	165.16260162601623	29.93654701159801	168.23863179237082
39.252264797433156	39.25226460687247	39.25226478431094	126.14518470966058	126.14518467964439	126.14518473315675	126.14518484075003	93.22674675898904	118.73201896746806	118.73201896008001	93.17786907676575	93.48324827553756	6.664786582555479	95.63744697932944	95.6374469389325	111.69499122472362	111.69499118995552	183.89081406024476	119.60258495730454	126.30390005709097	134.45454545454544	116.67647699022464	113.05644905042308	118.85796622822335	147.33333333333331	148.75	115.42236736570422	108.24364220274708	250.45189910083056	75.63059485821685
167.277400676434	39.25226467723496	39.25226470771992	96.54922481736412	126.1451846976714	84.85992465208011	85.28801168787561	93.22674678804782	118.73201894046255	96.12931267363032	83.88413443830174	118.73201891838073	118.73201897777628	118.73201899447358	101.32899152286535	96.6566544608472	96.6566545154752	105.42793524433546	119.60258497635729	126.30390004765266	116.67647667894181	101.00382608610681	101.00382603368553	101.00382608610684	101.00382661203611	138.125	61.54312464535451	191.48084099205812	249.18373692300636	98.57694873568684
167.27740033956917	167.27740032441693	39.252264706433294	84.85992469635244	84.85992465208011	84.85992467991318	84.85992464703469	105.4389194476237	85.82354214671577	144.52929173409245	83.88413443830174	92.39109415394947	118.73201891838073	118.73201895797777	93.79361140171622	93.79361138480692	93.79361138175355	105.42793525907558	93.79361142939547	125.89158167154395	101.00382583493243	101.00382578437043	101.0038258846767	101.00382584090204	101.00382603368556	138.125	61.54312466606723	209.81750395937428	79.47395382975313	201.42729657638873
167.27740037830705	167.27740033679703	167.27740029528698	76.86834869678364	84.85992465208011	84.859924737966	84.85992484479425	85.28801169023845	81.7564550048055	105.4389194476237	105.43891943529502	105.4389194221068	105.43891940209366	105.43891940209366	105.43891943048152	83.88413443830174	93.79361140680905	93.7936113928209	93.7936113928209	125.89158170235109	101.00382583493243	101.00382578437043	101.0038257590895	101.00382584090204	101.00382545533503	61.54312470324399	61.543124691208334	38.52273810536181	183.5148644376549	238.92802327789119
255.0	167.27740033956917	167.27740032296032	136.11272018028114	76.86834869678364	76.86834881751298	106.40382859908479	72.06178602830693	79.51872756989818	79.79029631300537	105.4389194221068	105.4389194221068	105.43891941063768	105.4389194221068	105.43891943529502	105.43891953565819	144.52929173409245	105.43891948460978	93.79361134182815	82.49723663015953	101.003825455335	101.00382574451032	103.10073378623875	90.39820778799455	114.55688565454633	91.01074988998496	204.0	255.0	169.9047718228765	30.1330538538688
236.78965824745816	108.28624857065597	167.27740033679703	136.11272005624153	136.11272003523146	76.86834867378178	76.86834866228082	68.63048111137613	76.56574701361598	67.41293030686549	67.41293019883435	67.4129303503307	105.43891939830897	105.43891942296634	105.43891939830897	105.4389194476237	105.43891942296634	105.43891948460978	105.43891947888253	90.23448443665089	90.23448448968614	106.27993104554884	90.23448430763722	85.85213571030951	97.9135220252924	134.45230293426278	204.0	255.0	253.04022774786492	109.68656380318882
61.85100739304778	178.23735127499998	77.54826067116835	167.27740029411245	136.11272002472646	136.11272004127105	76.86834864864738	76.86834867179687	76.868348633663	111.70237081499997	67.41293010819209	67.41293009756552	115.0231309379513	98.32524309748317	105.43891942210678	105.43891939830897	105.43891940209366	105.43891943048152	90.23448437209021	90.23448439442438	90.23448439442436	90.23448443781803	81.28348446013325	81.28348448	81.28348446013325	86.04414256048847	134.45230293426278	79.34286217309725	205.19010476576517	228.59631970016298
224.41615954287295	178.23735116789447	178.23735110500002	178.23735102	77.54826059957165	136.112719971766	136.11271999321133	96.17525109535433	96.17525109075072	4.961349696356365	4.961349721767533	4.9613497922880185	67.4129301633171	115.0231309661311	137.43708555839993	137.43708559437994	98.32524307777283	90.23448430763713	90.23448437209024	90.23448437272762	90.23448424296899	78.45475163890666	81.2834844375	81.28348446013325	86.04414254342885	86.04414254247163	85.74827458338453	248.3173076458892	34.17158224098077	149.78427695867794
141.3448486628687	255.0	178.23735111252194	178.23735113097945	178.23735101999995	58.49735196536383	64.45845728142442	64.45845730614099	136.11271976325085	52.47138163035282	52.471381756674816	52.47138167021026	4.96134963145667	4.961350003849503	69.36305538175199	76.05545084645922	90.23448443665083	90.23448430763713	90.23448433980991	78.45475149689483	78.45475154681688	81.28348456499998	81.2834843846891	86.0441425496108	55.474463235678826	55.47446324431115	120.6011980916908	84.47331458506659	7.477705951832348	93.75059241433823
151.13199046121554	224.41615954287295	7.259137131810434	178.23735113455692	50.11591743760036	53.273374844219745	52.29647064036439	65.01773329148736	140.9605331234972	101.80480383873862	101.80480369944885	52.471381641388746	52.47138165981585	52.4713817271911	4.961349555801604	78.45475123691074	78.4547514432029	78.4547514777409	78.4547514968948	78.45475149689483	81.28348431000003	57.66802792607052	57.66802798806202	55.474463235678826	55.47446324431115	165.75165402282317	255.0	254.40733742863682	207.99234383046672	225.6756953268381
0.07668135689604583	4.07860423158678	15.306379599817006	82.194350033393	83.83151515604055	125.05383762891401	125.05383762891401	125.05383763522715	125.05383757352158	101.80480354616165	101.80480356025683	101.80480369944885	101.80480361602426	101.80480365116418	101.80480364390797	48.88579206696579	48.885792028168225	48.88579200745659	57.66802795376117	57.668027939688955	57.668027895074744	57.668027933675944	57.66802792165012	57.66802785577906	3.603123976254068	255.0	157.22399602332894	110.61924454525348	12.961946757085059	115.20895278503431
0.12172148985331432	6.93994387646174	20.548416842969345	21.50232235869504	155.65596279056598	3.8337487356054396	125.05383764642738	125.05383763126204	125.05383761512107	125.05383763095233	125.05383766385367	125.05383765329947	27.42969990839248	48.88579200745659	48.88579200876944	48.885791990606975	58.289607004216094	58.28960689512215	58.289606876369135	58.289606866992614	58.289606804356225	58.14518787878299	58.145187902252644	58.14518780837412	14.214236831995947	255.0	255.0	28.61566392620415	9.390678035639752	23.81396105688802
10.13021445388668	9.993626095666457	12.59990255086774	0.0	28.62556558094232	34.24016530082338	33.27667753041581	34.24016530082338	56.758671672870065	125.05383762588173	125.05383761512107	125.05383763522715	125.0538376478535	48.88579177896881	48.88579200745653	58.28960688226206	58.28960685432119	58.28960688084666	50.52963889311229	58.145187885587376	58.145187885587376	58.145187824430906	30.704048922865496	51.55725119257383	255.0	255.0	255.0	217.94010843026203	117.3122301539533	0.0
1.0528496651016894	10.097345073404398	10.139408589125821	12.425544097846767	0.2750347166196434	18.395906003347847	2.755932010396407	30.374465792951497	20.548416842969345	45.684891360443885	30.374465792951497	14.214236831995947	125.05383761512104	125.0538376478535	85.74827458338453	59.840419199414015	59.8404194230956	58.145187949191865	58.145187885587376	23.911916146966604	22.34475524786893	7.255434908915618	0.4359830659515751	1.6616752399160362	255.0	255.0	255.0	24.8270681962984	240.45779944425075	255.0
