254.93982944917457	246.94074074074075	254.99992709147972	248.1308803763441	248.8430583494812	232.421875	209.78047642878408	253.22916666666666	252.45	226.66666666666666	81.48451216104147	255.0	252.4414539647927	226.66666666666666	238.46300833001206	248.625	248.625	253.5168333562536	248.625	253.63392857142858	252.10227272727272	250.81549146778391	110.60289144025961	110.60289144025958	251.4411104992708	146.3404946628211	254.48652301378684	254.99894465898657	254.99804772313774	254.4641211624577
236.36934725152676	254.99996079514395	186.21822767399516	209.66666666666666	242.85714285714286	209.78047544997034	252.10227272727272	227.11805921269462	209.74105919184677	77.51230687847479	38.0253929274713	251.015625	70.8170917169063	234.71590895754778	234.71590895754778	230.34873691098633	195.66256830601094	242.64489416064828	254.05231560891937	252.487756180694	247.02954116170054	227.5708311243967	125.93457404376312	207.65011035177992	233.43142453680264	240.85217124784194	221.67557310253966	254.99268176020408	254.99894465898714	254.99841991857133
254.6251458781456	254.840625	246.16759777636503	254.745	228.73161711203332	227.11805916869335	175.8144709952261	175.8144703657905	210.03960347756208	248.359375	56.43362759144944	250.26518098541447	57.78755454374675	244.75330333615753	55.109571979222665	214.65552938945171	254.05689652188252	253.58971732896353	251.48559155209625	165.60816706359336	219.812954735466	252.53384912959382	241.21621624974435	204.0	231.51129694509416	239.25800911823882	254.93550969706888	254.99539959033456	254.99819763621187	254.99990808184162
195.43973795578128	254.840625	228.73161711203332	43.21125532501338	27.209123617083264	253.56103356103355	185.9375	210.0396035542928	209.26295607063753	91.79999999999998	253.56103356103355	168.57680423937998	255.0	253.4065775950668	168.57680423937998	147.48255957658415	162.64149814407375	205.3466016535283	196.2396078191457	216.64891924434986	215.03642525614106	235.0472496728276	253.5976925318223	250.31632653061226	204.0	254.4648231313123	254.98193415854507	254.93550969710913	254.91397334443982	254.41183791313364
224.906599033669	2.1792091092224837	252.66289319185552	134.85585927255926	183.6877801253101	249.23076923076923	173.7001068162944	249.23076923076923	186.61363661992718	161.36769446682996	153.63845489602977	249.23076923076923	255.0	236.07228130985408	239.0625	159.375	138.16998792674127	63.13474387527839	63.13474387527836	201.7626411365262	251.48559155302678	251.48559155181673	224.999999989819	224.999999989819	118.99999998300001	250.66326530612244	254.87720737795857	254.93550969708653	254.98767573795746	182.46666666779998
8.778679422305856	31.645017000710425	169.14653819846905	1.0148542705527461	235.60574433874592	37.75401576124679	255.0	186.61363638908367	172.76911985065448	126.5200393705224	204.2722937839743	233.75	248.8181818181818	229.5	170.0	170.0	41.18887936023461	138.16998786581644	138.16998786581644	229.32112897223487	248.2487755424034	117.30645890955	244.92592592592592	206.75675675675677	118.99999998300001	118.99999998300001	245.89285714285714	255.0	254.60201188843163	254.0729329009695
13.633430997032235	68.4876780868882	147.60408652622647	236.78450780982354	255.0	255.0	174.38733910931785	172.76911987765195	122.90783893126888	144.16343463750002	255.0	27.498819631084388	31.775975146703445	31.77597514670353	174.8792689788661	102.96595907120528	185.1948772747182	212.3753185833871	212.37531859185384	187.68974753531668	143.1339518469192	138.16998792674127	253.51005132908304	253.5100513277398	231.0402684176107	220.8100558663993	248.625	255.0	250.26537757727382	254.07293290107833
3.654436763368267	7.694525675407135	178.44871750290378	255.0	255.0	255.0	255.0	157.89042957386846	121.11381480439042	122.90783894138715	220.1770338946926	158.06280678356438	163.14225053078556	31.77597514670353	213.1919436960543	214.68095981066477	214.68095981066477	117.05100324934182	236.3359110872079	143.13395185934223	243.34711093941067	255.0	217.90482202146717	33.86540785136282	234.83050846197645	234.8305084774576	222.61904762410344	254.57412880423757	250.26537757609123	182.46666666779998
151.7975415041427	51.618158923582286	20.82328400248082	235.3846153846154	235.3846153846154	104.87590347758206	157.89042957386846	157.89042957471514	157.8904296903242	255.0	174.77970998240977	158.06280671168827	23.55637235732121	163.14225053078556	197.3329877278196	163.1422505307856	245.43880970059448	171.3627165665855	68.77433039013553	68.77433039013553	220.4408227311404	246.1815561959654	245.93023255813952	217.90482205468652	251.4105142161312	230.208333336875	51.0	205.2313883299799	254.20912000868054	250.8680555560096
24.993650197396363	30.54211400539765	125.76380040954211	235.3846153846154	145.84702799111096	255.0	157.8904295738685	157.89042964249785	157.89042957471509	157.8904296903242	174.77970997591177	23.55637239044674	23.556373113709043	23.55637291564861	197.3329876602618	226.87556273904096	226.87556273904096	172.19136385138512	233.94458176555554	233.944581754692	214.68095982460082	249.22689921180614	249.22689921175774	202.3589565525	183.79209011422802	253.568024023105	249.2212972605359	249.57682291666666	254.13008775957923	254.840625
23.052630486629056	81.0084109797688	105.84543431891385	255.0	255.0	255.0	255.0	157.89042957386846	157.89042957386846	157.8904291879753	187.00000011219998	23.556372882214333	23.556373113709043	23.55637336583783	23.556373244143515	67.3009649984555	67.3009649984555	157.0570760901665	204.31579251076	233.94458173663833	233.94458171668595	156.051837662771	158.06389398602758	158.06389400991299	180.83435551648049	183.79209012340635	254.592	249.09499054820415	254.20912000868054	254.98907573497547
15.812349023318035	120.15969243194175	235.3846153846154	130.9394042934881	201.8661993465279	255.0	91.5713833726347	91.57138347008544	255.0	255.0	187.00000011219998	21.212549852687403	242.89451265472718	242.8945126722395	150.8647038556595	150.86470458631453	150.86470482247194	150.86470675609723	150.86470478746475	159.48584384665168	193.42183117588831	193.42183115326225	193.42183117588831	193.4218311845032	193.42183121557025	247.27272727272728	249.57682291666666	253.2132132132132	252.97619047619048	254.99539959033456
151.7975415041427	255.0	222.0369719422112	204.3177098185135	95.37897135729955	95.37897153452096	201.86619904478775	201.8661990415468	201.86619904478775	201.86619904478775	201.86619906885218	191.25	106.25	34.45886174660481	159.94318529233203	159.94318530434063	141.89370239526357	150.8647020670258	150.86470495893332	150.86470428465304	193.42183109470824	193.42183112210827	193.42183116727344	193.421831245325	193.42183115004366	249.41095890410958	245.19230769230768	252.66353284057038	124.44	180.4575378582192
64.33244326006707	222.0369719422112	61.578168742931666	61.578168742931666	95.3789714092012	95.37897136742794	95.37897136742794	95.3789713672785	201.8661990415468	201.86619900696724	234.6	107.77568139329088	107.77568139329088	209.48791152767922	209.48791138907615	34.458861649789725	19.400015601639524	136.2741801919815	67.90646787538591	235.97014925373134	224.74576268769033	193.42183096913678	193.42183115326225	193.421831162966	193.42183125706833	217.8125	118.86178861788619	104.02672034220146	61.63304238336849	246.69767441860466
105.91949750210426	203.68556874069378	61.57816884995634	61.57816883703401	61.57816878442978	61.578169030863194	95.37897132766838	95.37897128388147	180.02651824055465	76.05555890942463	106.05194284514266	174.36191973458108	115.7206424134896	45.512088610923854	45.512088472320784	127.5	119.74636894365503	125.42874037203194	235.97014921709177	128.22443174532702	128.2244318181818	159.62102871611853	159.6210286327215	193.42183121557022	193.42183096913678	216.61290323951613	216.19565217391303	143.55524356966845	180.4575378582192	233.14285714285714
105.91949750210426	203.68556874050307	61.57816878442978	61.57816883272656	61.57816884673775	61.57816884673778	61.57816887789173	213.3253029894011	221.14053054553818	99.07453346335663	99.22998630044773	109.58355323982823	165.551917321458	107.96533255854283	107.96533277204387	127.5	107.96533271692039	107.96533266278325	107.96533269203684	95.05681469565934	159.6210286723316	159.62102864592487	159.62102863257206	159.6210285907988	159.62102864270045	244.8	216.19565217391303	118.86178861788613	12.773044689726078	231.19964597889705
203.68556895391401	203.6855687211468	203.6855687532368	61.57816875467498	61.578168824111714	61.578168824111714	61.57816890529176	178.94066548763578	184.0745260101018	184.07452600392398	94.10940536091948	85.21071786538263	107.96533250896329	167.71685212254118	167.71685213474268	202.4524640974873	202.45246408073226	95.056814707668	223.40319518340905	104.35408538216231	236.45454545454544	112.59926995809059	159.62102846547904	114.59823894404741	226.66666666666666	217.8125	124.06059570651192	54.376164065307705	216.5841497361631	195.09902909168972
203.68556895391401	203.68556872776935	203.68556877978776	100.75116218075647	61.57816881549681	202.8074074361022	186.19395494210812	178.94066547361587	184.0745260228067	86.79519548250519	61.44897317968477	184.07452596757574	184.0745260373559	184.07452603259736	213.32530306829034	196.7786495299122	196.7786495942422	128.74679136583057	223.40319509039216	104.354085327472	112.59927005789771	97.10957030967583	97.10957042613151	97.10957081202471	97.10957042613151	212.5	94.99424144864417	211.3165976914081	171.12414071353516	255.0
203.6855687211468	203.68556874069378	203.68556870256197	202.8074074308607	202.8074074361022	202.8074074409716	202.80740746119335	173.65740975923572	85.79245409582785	100.04719903843704	61.44897317968477	61.44897317968477	184.07452596757574	184.07452601409582	152.01282480033333	152.01282480133474	152.01282480622763	128.74679132265464	152.0128249055836	80.22029002408823	97.10957056085027	97.10957042528489	97.10957035750221	97.10957042613151	97.10957042613151	212.5	94.99424143016324	12.166108308515845	193.57744705052386	12.773044689726078
203.68556872776935	203.68556874050307	203.6855687532368	48.26781203322804	202.80740737174082	202.80740746244877	202.8074072254634	186.1939548816561	81.37359075646177	173.65740975923572	173.65740979457098	173.65740978812357	173.657409803563	173.657409803563	173.65740981900248	61.44897317968477	152.01282475306527	152.0128248064545	152.0128248064545	80.2202900175902	97.10957030967586	97.10957042528486	97.10957035750221	97.10957042613151	97.10957042613151	94.99424142021834	94.99424141781807	14.477832769233373	250.6658332819418	244.3796212790842
11.534791858763072	203.6855687211468	203.68556870256197	163.69883785608823	48.26781180431158	48.267811874670144	89.86811691492662	78.30255474947941	75.99068447809611	78.04320716693428	173.65740969132165	173.65740969132162	173.65740980218072	173.65740988492553	173.65740979457098	173.65740975307943	100.04719903843704	173.65740982139206	152.0128248180163	167.165892116461	97.10957042613151	97.10957042613151	156.06209183204982	157.6202664519784	206.15129741940729	86.63375396564561	51.0	204.0	57.66855990962608	181.85574188325418
105.84543431891385	166.88213328978782	203.68556874050307	163.69883791405232	163.6988378887841	48.26781186617356	48.26781189710451	69.20404069922392	76.07045221781553	12.64137368096749	12.641373760602647	12.64137358170376	173.65740978846873	173.65740978786573	173.65740981649571	173.65740980127626	173.65740982990627	173.65740982139206	173.65740981900248	206.22209070886333	206.22209083007033	224.11688486243327	206.2220907626005	204.0	176.2006664644053	90.63496068728543	51.0	204.0	158.27654317598362	8.629038483830954
1.804639302562009	24.712053314999963	70.92176233124448	203.68556877978776	163.69883787615004	163.69883788853872	48.26781189348836	48.26781185407657	48.267811884079265	127.5	12.641373286972254	12.641373325176232	43.71800309467244	169.3990631234842	173.65740978812357	173.65740981649571	173.65740980356304	173.6574097706015	206.222090789668	206.2220908493877	206.22209084938768	206.22209082769086	178.23735105714943	178.23735110500002	178.23735111252194	126.82089312504769	90.63496068728543	253.40831455121858	53.910838917214136	23.37940958521841
1.804639302562009	24.712053392938373	24.71205331499999	24.71205331499999	70.92176237573898	163.69883790476393	163.69883795633143	105.29411561971685	105.29411566272634	85.31875556627628	85.3187556240072	85.31875567186381	12.641373249868934	43.71800314880616	128.55918276411114	128.55918281241895	169.39906315476568	206.22209076260046	206.22209078966802	206.2220908276909	206.22209095127738	207.1987042114631	178.23735114750002	178.23735109406442	126.82089315046127	126.8208931251028	140.10294706507483	53.31992435698692	6.993371477108894	3.7697309171219615
2.7223351449136146	11.534791858763072	24.712053337565862	24.71205331910832	24.712053569999966	55.710638410263016	116.8300120732587	116.83001213418356	163.69883795343958	9.637581160624649	9.63758123571347	9.637581322177937	85.31875558694293	85.31875581543372	70.06720233681071	76.44125006164273	206.22209070886333	206.22209076260046	206.22209083007033	207.198703998075	207.1987039682543	178.23735102	178.2373511345569	126.82089314717675	125.39603956813093	125.39603953006429	254.82164328829936	244.31339336279325	76.40250095451475	218.71765341462205
43.4288047629899	1.804639302562009	57.90674862821123	24.71205318218054	50.06993904360186	37.20921758767528	52.731803845979215	55.348530728479574	26.921066246994428	63.715978291932515	63.715978033955054	9.63758123571344	9.637581256976233	9.637581405761296	85.31875551942468	207.1987037380909	207.19870394019983	207.19870394955132	207.198703998075	207.198703998075	178.23735102	126.82089315046127	126.82089312504769	125.39603956813093	125.39603953006429	46.8781484813849	182.12990281289	25.937371396554084	1.779605814875822	44.70141828789565
97.19264404219075	31.869155656150213	18.655290620337496	20.222993288046553	129.19444777909052	9.179308921178972	9.179308958344876	9.179308957898911	9.179309031338931	63.71597798354588	63.715978013450695	63.715978154898124	63.71597817591086	63.71597818515008	63.71597811790005	133.3071658502879	133.30716582738125	133.30716582991604	126.82089320128844	126.82089315821375	126.82089316316808	126.82089314717675	126.8208931251028	126.8208931909738	255.0	156.3525342773827	0.016784782948519705	6.602773631655566	94.52578758792254	50.420352155584055
43.69305988596807	67.51370071486292	255.0	0.0	0.0	81.91196553149484	9.179308888026611	9.179308992545629	9.179308927981708	9.179308929143758	9.17930899138355	9.179308990608831	17.244664251024034	133.30716582991604	133.30716581592793	133.3071658199678	106.52899130774793	106.528991213696	106.52899123244904	106.52899124182554	106.52899115689976	127.50000004560282	127.5	127.5	185.3239164562707	156.35253413506442	156.35253414793394	148.72993555871088	236.55051532749545	6.602773631655566
10.108370611520456	10.799451978596096	12.351127495301313	19.243939957299318	30.913829147673482	255.0	29.84483671446722	35.642129522906544	129.19444777909052	9.17930888493916	9.179308927981708	9.179308957898911	9.179308957007038	133.3071658502879	133.3071657673783	106.52899124645225	106.52899125938251	106.5289912252216	47.77370072401774	127.49999996038993	127.49999998679664	127.49999999999997	13.10051519620339	82.91372115739233	156.35253399644353	156.35253416029337	156.35253415116733	0.21145334226645218	16.752202244457607	0.0
1.0898988399232792	9.915167694773828	10.893443998034485	12.351127495301313	0.06771263029216357	19.93247621946199	1.08306981196219	32.57536585338528	35.642129522906544	32.57536585338528	32.57536585338528	3.5893330247928077	9.179308927981708	9.179308957007066	0.0	65.84848336358417	65.84848337267013	127.49999990879438	127.50000000000001	83.88284494231354	79.68897109402377	24.37410370157781	0.12653718950230086	5.60281316661559	82.91372115739233	156.3525341232151	156.35253405403938	21.62613688832809	0.01218266729213724	0.0
