254.79998507934445	253.60082304666668	254.9986012566935	147.43131060387867	230.88531189445527	111.74128605769232	94.49122960835018	235.6140350877193	244.8	214.2	254.59488989309844	250.44642857142858	228.19290855899663	226.66666666666666	186.42990649921632	187.0	195.5	250.6981731091444	195.5	250.62857142857143	231.8181818181818	245.31079036648464	241.32929961404506	241.32929961404506	203.19889652060746	251.8346798756203	219.21237231147214	254.99666356361325	254.96250956705765	253.66959777003538
253.95778127149126	254.99871533527696	238.88204573180428	236.11111112999998	202.38095236538462	94.49123039286545	231.8181818181818	88.3732528643761	105.16891075912903	253.983264400182	83.83088288340863	213.617580765	235.85876299007356	191.24999989133522	199.94318170457774	174.56294008958784	254.18715846994536	229.8505531924082	251.64665523156089	247.7134027293266	162.2070191314259	227.58579985191412	195.98449209024992	251.8119603699983	237.1496475664847	240.7967917309202	254.5271022700597	254.9250612244898	254.9966635636143	254.99889025831075
253.3777293708417	236.86666666666667	210.83798884763522	252.96	237.78132198899715	88.37325292770271	68.23446756126629	68.23446721716195	68.79693922134823	212.5	79.68872278139361	206.0369138693475	251.7565365030007	204.79571312322855	249.8067928683394	149.35599774514918	247.46448057632531	247.16509627201967	249.5686414899923	247.46608478693926	219.29055250625717	245.13539651837525	245.52364866523808	191.25	231.5169990628853	238.63178121361744	254.85969232419868	254.9521224333461	254.99516080686956	254.99004434270324
195.43973795578128	241.11666666666667	232.0556224250264	38.66989671000934	41.205437348891024	216.82952182952184	66.40625	68.79693920374976	77.90219428440173	244.8	229.62874962874963	188.44725803945937	233.75	232.63967112024665	188.44725803945937	185.59779065834482	137.03521606725195	139.84605660018116	179.94836067331278	215.25822202414565	215.28720631221344	242.36460358954872	246.75773918573285	250.83673469387756	191.25	252.09756179131338	254.7036819655542	254.8596923242442	254.9320283215327	254.97763412414554
1.0926237974659898	0.733165050962242	43.98041723571788	238.61514576914144	16.60549171150828	185.76923076923077	50.85233994333825	203.0769230769231	49.985795487490634	70.07478708756776	77.25292188178767	195.0	233.75	166.16339205682772	179.132231445	250.44642857142858	121.77710222084417	196.03006681514478	196.03006681514478	204.42502048625187	249.56864149026342	249.56864148917128	229.3269230665463	220.05494504004275	242.25	248.0612244897959	254.8020764847688	254.85969232419507	254.70720862615187	254.3625
4.355854818563188	25.232988164350957	115.89477424806333	14.670695236978446	167.29374115422664	34.99095920381606	178.23735127499998	49.985795461361704	41.37290222718951	42.437830899257335	183.94574579284665	170.0	207.70909090909092	204.0	153.0	170.0	239.67163284769453	121.77710222249158	121.77710222249158	113.87941953145196	233.3971304322931	255.0	250.97037037037038	189.52702702702703	240.428571414	240.428571414	255.0	254.88393263541192	254.93632190214907	254.88198273379157
2.541554648672985	253.53500084019197	74.94301408180061	253.76264079373726	178.23735113097945	178.23735116789447	38.707276224573775	41.37290201702464	40.13317146592621	42.704402474999995	214.46176166652586	228.7071785694769	232.81843286158093	232.81843286158096	108.72082404927485	194.72705420501882	137.7755956578959	184.84960806495343	184.84960807133967	187.75947290825115	192.0596612353021	121.77710222084417	250.7268379890157	250.72683798835342	241.30872479172672	248.41131284569258	239.7	253.49112426035504	254.20864168059202	254.88198273380246
35.78933822223024	86.71610042146847	250.69766359803995	178.23735102	178.23735110500002	178.23735111252194	178.23735113455692	33.53967311791507	39.01328459243547	40.13317193936163	141.5728043534688	84.81513608382568	96.73036093418261	232.81843286158096	155.63523051100827	131.8232976762715	123.31856622189565	230.45738778351205	221.61266279284828	192.05966119828406	216.85795910070695	235.3846153846154	246.08341916515263	255.0	250.67796609158574	250.67796610169492	248.06122449308103	254.96647661153446	254.20864168075997	254.1673469394
3.5778956986067385	2.541554648672985	115.77816650364255	156.92307692307693	156.9230769230769	29.095887120191406	33.53967253956452	33.53967311269582	33.53967318540853	178.23735101999995	114.76928846518888	84.81513595626441	224.14761196648848	96.73036093418258	162.7011568417064	96.73036093418256	221.18926908666776	171.17239529290646	194.04334089034717	197.98026656101072	222.41729518500614	241.77233429394812	239.65116279069767	246.08341908505614	254.34070669343154	251.458333336875	229.5	241.14688128772636	254.99769422743054	254.6821581195673
102.14827437401266	2.0169298545674508	71.71396935209157	137.30769230769232	21.760740544362392	186.08927052513167	33.53967311791507	33.53967307633954	33.53967311269582	33.539672934234034	114.76928845056449	224.14761161427273	224.147612067318	224.14761171644895	162.7011568773666	75.01807441479642	75.01807441479642	179.99285619693535	226.77622897071004	226.77622896853663	192.53801154466993	241.31561294650345	241.31561294852688	245.1378407025	248.72564005556345	252.41893158388004	254.7346514047867	254.88932291666666	254.99144036789633	254.082
1.6853208728082052	94.45843676336062	10.066268225781045	186.0892707540482	186.08927066430186	186.08927064011823	186.08927062205782	33.53967253956452	33.539673117915044	33.53967293423406	200.3571427970357	224.1476117602384	224.14761165063203	224.14761182313708	224.14761176023868	222.8819747725603	222.8819747725603	90.8314918792552	222.9444925857151	226.7762289402292	226.77622892479647	240.69064006276525	243.20399755829848	243.203997749184	217.74685231958068	248.72563996610964	253.368	254.5179584120983	254.98155381944446	254.920838442291
1.8013754013634582	56.58197665285195	137.30769230769232	175.2066888146394	111.03336653105953	186.0892706280264	27.171024153647892	27.17102427469038	186.08927055606267	186.08927069116817	200.3571427970357	214.20494867927164	130.08527787244424	130.08527788731965	85.0345364832065	85.03453608654203	85.03453648320587	85.03453648320587	85.03453664652565	159.19401392338392	238.50207137535202	238.50207138383487	238.50207137535202	238.502071413335	238.5020715428093	250.98181818181817	254.55729166666666	254.20972972972973	254.57565284178187	254.9521224333461
31.113146560089973	194.2674012294443	127.27672631889337	155.65596279056598	22.790232482108962	22.790232411747382	111.0333662293194	111.03336626875262	111.03336632989942	111.03336638018945	111.03336647378092	115.90909102500001	233.75	134.89607390382986	176.93429828210856	176.93429823951303	141.76626587559662	85.03453419707552	85.03453566674591	85.03453599989811	238.50207138227628	238.50207130434768	238.50207140871882	238.5020714275644	238.50207147545245	245.85429638854296	251.73076923076923	97.50699656523267	252.96	131.0287088604345
76.73325712668361	108.33134455917761	16.497928631572222	16.497928631572222	22.79023249480167	22.790232522486406	22.790232522486406	22.79023251463886	111.03336626875262	111.0333663370954	163.2	107.77568139329088	93.72383937307688	51.32806408597446	51.328064235977536	134.89607392404758	205.11110954216568	74.41430258613295	144.53241243581266	216.94029850746267	242.03389830398592	238.50207129637585	238.50207138383487	238.50207137188988	238.50207136842775	249.6875	138.90243902439025	141.15386975186914	109.40169141328482	246.69767441860466
10.073311891598479	96.45412770699764	16.49792852454752	16.497928628110117	16.497928703624183	16.497928703624154	22.790232475028773	22.790232577855903	97.78041814478013	214.46176166652586	106.32287374667166	140.9605331234972	116.60536814044653	203.67193576402246	203.67193591402554	119.0503364676994	119.47300383571974	67.39120425892108	216.94029849127313	234.3019478981239	234.30194803125	232.20976742214407	232.20976748536114	238.50207129637582	238.50207129637582	246.7741935483871	243.91304347826087	186.87845922076454	81.01100131220565	233.14285714285714
10.073311891598479	96.45412770872369	16.49792845719074	16.49792859128118	16.497928616165098	16.497928616165098	16.49792869565232	153.4118513412178	134.0559400507985	98.22813204244167	99.5524442794665	110.84391896323805	105.93164169003978	53.80619224078896	53.806192394367116	119.05033645289271	53.80619223443139	53.80619234270574	53.80619197814755	78.06570176048697	232.20976752497123	232.2097674985645	232.2097674775136	232.20976750519833	232.20976751789107	234.6	243.91304347826087	138.90243902439028	126.79730458680291	172.22480967240327
96.45412756255686	96.45412774373949	96.45412768478849	16.497928572435598	16.497928624647983	16.497928624647983	16.497928617723716	143.87262982898636	143.1311050880122	143.13110508256148	92.27022052224171	71.55517627828326	53.806191874741074	148.36859864318888	148.3685986979989	141.9474821153138	141.94748216809614	78.06570171789147	196.46699622181924	174.69282253367854	227.1818181818182	228.37697367644202	232.20976758825262	230.71435983024531	238.0	244.375	79.79331118536061	106.83510550104867	8.559287292978269	248.63336574962128
79.55480077005168	96.45412773265883	96.4541276335139	12.516268752547461	16.49792858666504	103.2802619365448	146.47402487719444	143.87262980754136	143.13110508029095	90.7272597884764	87.43806789526002	143.13110506542654	143.1311050881737	143.13110509573346	153.4118514356246	134.7505021609777	134.75050220021106	148.79149030575675	196.46699623508758	174.69282245648822	228.3769736035916	221.46032706576597	221.46032688208493	221.46032706576597	221.46032746043548	233.75	255.0	111.02700729866447	248.30168422301867	255.0
79.55480067913831	79.55480064883383	96.45412770074523	103.28026186356792	103.28026189363717	103.2802618929594	103.28026195174243	157.55620514285766	87.93825236535656	255.0	87.43806789526002	88.50219187467002	143.13110506542654	143.1311050805913	156.4921147842515	156.49211478094972	156.49211477529488	148.79149030598987	156.49211484494901	140.2307115494355	221.46032681459153	221.46032688730418	221.4603269236605	221.46032688208493	221.46032688208496	233.75	255.0	235.29402326880086	0.3667737651610139	100.22164890045977
79.55480050350016	79.55480067359403	79.55480071713092	186.08927052513167	103.28026187218342	103.28026175568664	103.2802618316963	146.474024851936	80.91043390783352	157.55620514285766	157.5562051558454	157.55620522894526	157.5562051506389	157.5562051506389	157.5562051691345	87.43806789526002	156.49211474580224	156.49211479852346	156.49211477950843	140.23071153481112	221.4603268145915	221.46032688730418	221.46032692366052	221.46032688208496	221.46032746043548	255.0	255.0	146.77477704886317	187.32607997540316	160.34750108979003
0.0	79.55480067913831	79.55480064592066	71.5747892722355	186.0892707540482	186.08927069116817	3.5797630552328314	78.1445591833421	77.73859530434615	77.02217065570687	157.55620522894526	157.55620522894526	157.5562051608006	157.55620522894526	157.55620517686566	157.55620510932374	77.04570721689487	157.55620520899578	156.49211475738167	197.4990789195785	221.46032688208493	221.46032688208496	209.20064804177215	202.94834296920132	223.7587202283725	233.88654383928758	204.0	204.0	0.536856250420584	59.404675301342195
2.5419014334901533	25.912848012639188	79.55480067359403	71.57478925422808	71.57478920381871	186.08927062205782	186.08927055606267	69.13076711788545	76.1109913961221	187.46369666234565	187.46369644341902	187.46369637925068	157.55620515276806	157.55620516883312	157.55620519480863	157.5562051848982	157.55620516883312	157.55620520899578	157.55620516913447	170.82153039180054	170.82153049220085	210.477849247211	170.82153059780185	182.875108315125	208.33176101264618	108.76558142186397	204.0	204.0	208.90384584392015	61.85100739304778
102.33335621475788	178.23735127499998	109.73504913817445	79.55480058822485	71.574789178614	71.5747891561636	186.08927066430186	186.08927064011823	186.0892706280264	66.67001877000001	187.46369637858203	187.46369638922803	115.67025455069839	158.8121513121728	157.5562051321433	157.55620519480863	157.5562051506389	157.55620516913447	170.8215304587341	170.82153046762102	170.82153046762096	170.821530467621	202.9494044500878	202.94940442	202.9494044500878	255.0	108.76558142186397	11.336304979571878	216.92619042018788	36.61942874452387
77.96092223893342	178.23735116789447	178.23735110500002	178.23735102	109.73504899605581	71.5747892340766	71.5747892210837	83.81055168280625	83.81055170687384	40.999268155308414	40.999268267535086	40.99926832789146	187.463696426438	115.67025448006524	165.0143705047258	165.01437052567644	158.8121513081926	170.82153046762102	170.82153045873412	170.82153046762102	170.82153059260122	188.5967331752416	202.9494044625	202.94940441317274	255.0	255.0	8.19095797599445	246.89910285868802	254.47476182216462	225.6380394785142
10.274373780015026	8.629038483830954	178.23735111252194	178.23735113097945	178.23735101999995	56.57422278122837	133.22289777915583	133.2228977775084	71.57478892401983	160.75486386295995	160.75486385183422	160.75486393829868	40.99926832262693	40.99926829320128	69.51277968848686	76.08328905683811	170.82153039180054	170.82153033744015	170.82153049220085	188.5967327026695	188.59673265454995	202.949404335	202.9494043167374	255.0	208.8341378524864	208.83413790399402	190.01904804098882	17.10059053954808	63.713590536763405	81.5641144973552
51.35808672105827	77.96092223893342	74.0018823400421	178.23735113455692	49.37177912026658	55.98979194288006	47.902292793203316	55.449568045839584	140.9605331234972	78.75610437915913	78.75610431606842	160.7548639094772	160.7548638499011	160.75486393888173	40.99926810845679	188.5967327026695	188.59673276523688	188.59673272834124	188.59673274600016	188.59673276766551	202.94940459	209.34168090192964	209.3416809939929	208.8341378524864	208.83413790399402	46.8781484813849	182.12990281289	10.651973405968988	180.87077294423602	104.90511218338875
38.925594226427705	36.07496271710178	36.63970411438049	11.503565333141097	0.0	47.228578974647434	47.228579011813366	47.22857900951888	47.228579004929884	78.75610411153514	78.75610410067736	78.75610419512535	78.75610416483516	78.75610421824393	78.75610419691412	186.29526397432244	186.29526400938943	186.2952640129085	209.34168086947673	209.3416809085195	209.341680855898	209.34168091556654	209.34168092966064	209.34168092966064	204.3177098185135	156.3525342773827	150.4433685489818	175.7995653432706	240.09402853367405	178.51780291069207
30.160668173642307	29.530492770107173	34.24016530082338	194.2674012294443	155.65596279056598	119.35275915409471	47.2285790324639	47.22857898639211	47.22857900253311	47.22857897623007	47.22857902883612	47.228579046371436	80.49344861407988	186.2952639816396	186.2952640269229	186.29526399686898	193.19305354918112	193.1930536488722	193.19305366762526	193.19305367700176	193.19305361592598	167.96771023239515	167.96771021236952	167.96771029247202	14.214236831995947	156.35253413506442	156.35253414793394	11.705657060606882	137.16967333093493	234.4736838672404
9.516659766985441	9.976261316326571	12.20375505096439	17.450488300933273	26.038824289860884	34.24016530082338	29.800044758936593	34.24016530082338	4.195436580354681	47.228578948729876	47.22857900253311	47.22857900951888	47.228579004929884	186.29526383032396	186.29526391910184	193.19305360624918	193.1930536963958	193.19305366957252	189.9576289169217	167.96771018030807	167.9677102067148	167.96771023249016	76.46143961245701	57.682052275129564	156.35253399644353	156.35253416029337	156.35253415116733	21.543055535576684	10.547008064771376	0.0
1.0782431753329433	9.81687607077717	9.794291850203876	11.747120221942765	7.288462425917714	19.453629436966423	24.370596505537435	20.548416842969345	34.24016530082338	0.0	255.0	14.214236831995947	47.22857900253311	47.228579004929884	8.19095797599445	37.89446255158006	37.894462551209614	167.96771017231828	167.96771018030807	191.00494944493974	187.2256556791137	148.65045232587636	150.25417288546475	97.72579899549231	9.562413569130882	156.3525341232151	156.35253405403938	9.295170160438857	12.85908340530807	0.0
