254.9364095527586	254.96113397037038	254.5595701884083	254.66650444628456	243.7122736150616	252.25546059194713	252.40016561005677	249.78070175438597	244.8	250.46666666666667	254.70656406870373	201.875	251.67812604114314	91.79999999999998	132.24886494060507	221.0	136.0	224.57997284554483	136.0	241.88571428571427	185.45454545454544	254.23923120056133	228.54781355534556	228.54781355534556	184.89215885004978	246.48032463597355	197.72808342265134	254.27864386608522	249.7248903763661	254.46443863627897
254.9927155023681	254.96531405248948	253.81993433307017	251.85185182666666	238.70573870054946	252.400166170978	185.45454545454544	234.26755802042922	242.97599153417468	254.20340680424303	239.90004810681168	249.8271975	241.25566655046077	226.02272714430526	139.09090901188017	121.74888054400554	230.03415300546447	224.17284157652503	223.65351629502572	203.47340619199622	136.46501464546043	227.97083348451733	243.033491040569	252.84783206618718	234.41883406993603	240.949608860382	254.73324454408728	254.32555102040817	254.27864386605012	254.01817157674125
254.8827021323467	250.46666666666667	252.62569833911175	252.96	0.0	234.2675580568687	244.49064327652593	244.49064127199267	220.15020550831431	239.0625	251.4940073454812	248.85308865997322	252.4228108907213	242.79895776168698	250.72164830757006	98.76945994215359	209.32853060042518	203.28963539532978	219.44514051407296	249.98762211868927	219.5242877684541	207.64990328820116	180.91216217438597	221.0000000085	231.61501365027053	239.42573533876742	249.90082631484984	251.11525587436927	253.77755471405501	253.28288398499342
195.43973795578128	199.46666666666667	227.54798063576987	227.99820815840235	193.7652146267325	250.75883575883574	236.11111114062498	220.15020545199928	218.80655207012694	244.8	47.78883278883279	240.73869815131272	148.75	194.53381294964026	240.73869815131272	226.6666667200925	71.76591969684833	91.58505134244265	138.4226821567004	215.5137551081333	215.30660776456358	198.4424904040544	207.18982951526502	215.0326530612245	221.0000000085	218.49287898412942	244.21211181691916	249.90082631524214	248.73573011245315	243.11827956989248
0.0	232.5925195982302	234.82562353856616	252.56883534422641	176.23072131327493	241.15384615384616	232.44453637529375	33.46153846153845	199.94318194996254	231.78055083345248	154.31323688885894	195.0	148.75000000000003	232.48055655775227	236.033057925	201.875	164.89558354244275	172.93429844097994	172.93429844097994	198.61360977965754	219.4451405039819	219.44514050474316	138.46153845527323	249.72527470408482	229.5	205.0408163265306	245.61143984220908	249.90082631345575	245.90754587846058	252.45
18.778044917127602	1.2330172615785102	254.30669801375154	248.45200996629322	194.60349390009577	236.24390268332945	178.23735127499998	199.9431818454468	187.62437012959788	219.89453869036464	241.02973203644723	212.5	159.8	204.0	221.0	51.00000000000003	241.8786626478854	164.8955835521353	164.8955835521353	91.48095412337969	162.8294764325266	182.25363355128246	242.9111111111111	246.95945945371622	247.714285707	247.714285707	230.0204081632653	138.93263541192533	254.42689711934156	236.90990455799655
247.63757168864757	40.53612802939483	84.2878052511374	234.51182043540845	178.23735113097945	178.23735116789447	189.56134465136623	187.62436993766954	218.50282504763237	212.50000010625	113.14138915514471	232.2929737258861	235.89920607525025	235.89920607525025	68.07109000472639	235.31858512718827	203.9132515861794	211.2078924032126	211.20789239918912	188.22490909187346	148.59065459841517	164.89558354244275	170.86612808814485	170.8661280876935	164.2953019858565	160.26536312625328	163.2	104.11242603550295	212.81451420386728	236.90990455852395
212.83148599580474	245.77385180831692	41.502847743514394	178.23735102	178.23735110500002	178.23735111252194	178.23735113455692	174.10085687461526	217.80170043738542	218.5028248471177	190.8199153710995	206.83640713925124	59.01273885350321	235.89920607525028	209.20427563694022	80.80183697361036	161.8871652437	237.46757772742242	197.17143562269257	148.59065462571277	150.30631607159307	58.84615384615387	130.21326685206014	138.16998792674127	164.2372881048262	164.23728813559322	230.44740973921574	163.01182205054988	212.81451419983907	254.7918367374
74.95494257996509	241.84082239338508	20.274731523618584	19.61538461538464	19.615384615384613	211.36377445538506	174.10085687461526	174.1008566920314	174.1008567185933	178.23735101999995	149.31828679801822	206.83640705316895	228.27859507702516	59.01273885350321	151.00959939058225	59.01273885350318	148.3332221802921	171.83939151357356	211.89713300026386	174.3619196689565	154.0461814843079	72.01729106628241	206.1627906976744	130.21326679207291	125.77851191258105	170.0	246.5000000085	225.75452716297787	230.44813368055554	222.30769230769232
183.92637351788036	138.55801162246135	169.54785703233694	215.76923076923077	166.0982574665381	76.86834869678364	174.10085668183177	174.10085667875052	174.1008566920314	174.10085646741882	149.31828682719703	228.27859473751727	228.27859433098178	228.2785941021545	151.00959943369992	53.46201751803372	53.46201751803372	169.8209928303288	167.15595011908704	167.1559501369135	102.00000000721252	135.47543182961596	135.47543183075192	127.5	165.85953589599802	133.77855134556165	169.0270551508845	201.43229166666666	205.08022557148132	221.952
21.84051753589077	194.10242318742993	0.869056209377959	76.86834869678364	76.86834864864738	76.86834867179687	76.86834867378178	174.10085571791421	174.10085658544	174.10085646741882	160.2857141815286	228.27859305429322	228.2785939142958	228.27859408230069	228.278594140081	233.57812519557535	233.57812519557535	54.67969072789069	199.4782324911747	167.15595008046017	167.15595010925517	138.8168538756463	139.39917808277937	139.39917794970987	244.07401749633348	165.85953580240601	137.088	131.59735349716448	179.44444444444446	251.3293199353887
183.92637351788036	233.01559804235322	215.76923076923077	160.2199010978747	164.1671677880119	76.868348633663	193.61687736610259	193.61687723224998	76.86834866228082	76.86834881751298	160.2857141815286	219.1735849328444	70.48580888296851	70.48580892210882	50.49924197334795	50.49924291057695	50.499242940159945	50.49924342356647	50.49924353833734	159.2164811108519	94.02658397840125	94.02658401819923	94.02658397840128	94.02658403659657	94.02658413063301	124.04848484848483	141.66666666666666	159.98174174174173	159.8319892473118	251.11525587436927
58.679334944995276	21.50232235869504	13.619868011328208	155.65596279056598	174.0645796934601	174.0645797798785	164.16716718453165	164.16716729272787	164.16716728511167	164.1671673354017	164.16716740492876	185.45454538500002	148.75	112.44871413206542	71.10918593975526	71.10918592690271	146.50396062749914	50.49924228075477	50.49924303530457	50.49924284205471	94.0265839389379	94.0265839619824	94.02658399155575	94.0265839619824	94.02658401786465	101.36488169364878	123.00480769230768	243.66918763287148	252.96	49.587670047521414
121.19050966676633	194.24785373032108	160.97341598213535	160.97341598213535	174.06457962641534	174.06457957526098	174.06457957526098	174.06457959977377	164.16716722720582	164.16716728644678	112.20000000000002	26.921066422896786	161.8871652522563	35.42271353676574	35.42271381071083	112.4487141050997	210.56440478788903	43.68328002974897	73.93899935464975	91.3432835820895	73.47457625580296	94.02658388419951	94.02658401819923	94.02658394462065	94.02658401786465	138.125	213.53658536585365	199.69322723843112	196.82128222784024	246.69767441860466
0.8696643137298281	8.731528031414541	160.97341598213535	160.97341605537935	160.97341611580046	160.97341611580046	174.06457956016368	174.06457947295218	173.37327398757546	113.14138915514471	106.51121516789937	140.9605331234972	117.62035719066495	219.57728618928917	219.57728646323423	206.77293612813025	114.99990323766093	39.329377207724406	91.34328357527289	110.11363615618546	110.11363636363635	80.9354205270478	80.9354204002262	94.02658388419951	94.02658388419951	106.93548387096774	77.60869565217388	87.16333839152696	49.587670047521414	233.14285714285714
0.8696643137298281	8.73152804552069	160.97341586936702	160.97341600844425	160.9734159818007	160.97341598180074	160.9734160380176	71.91912160088626	86.06483505285027	99.2838742746332	99.79287395459286	113.18087567275913	160.7662888952217	30.329930983877375	30.329930547205635	206.7729360943273	30.32993064315096	30.329930589013827	30.329930519374187	183.8908140730973	80.93542043983632	80.9354204134296	80.93542042473902	80.93542037358463	80.9354203065399	81.60000000000002	77.60869565217388	213.53658536585365	29.93654701159801	25.016933447539856
8.731527656174563	8.731527937604568	8.731528106632453	160.9734160380176	160.97341602159875	160.97341602159878	160.97341606106212	75.55396791735191	104.45946852005662	104.45946852083384	92.9875066810612	89.73097049732576	30.32993057237394	67.10322616520946	67.10322617953435	73.4850542544726	73.48505426209161	183.89081406024476	68.58205537323502	117.79446097860182	64.90909090909093	95.28352993514739	80.9354202201215	96.48472538694736	79.33333333333334	84.99999999999997	94.7800989021253	198.86145409952687	9.348486082472164	19.085508774884147
167.277400676434	8.731527857851972	8.731528219034516	119.60592595868448	160.9734159634034	61.39098860759097	71.44196039789489	75.55396793275187	104.45946850966621	89.73097049732576	88.91492119126411	104.45946849093843	104.45946850753973	104.4594685656474	71.9191216258194	66.38276533597337	66.38276531848507	89.76193050378788	68.58205538055563	117.79446092084618	95.28352973629433	80.89914353258118	80.89914341455997	80.89914353258118	80.89914428208581	74.375	26.08351197377587	128.18540449767673	175.11900450869837	255.0
167.27740033956917	167.27740032441693	8.731528023705607	61.390988412064274	61.390988521775824	61.39098854836905	61.39098852458346	82.22965306002146	85.9547494647125	83.17434355779187	88.91492119126411	74.51128293182353	104.45946857199047	104.45946852902327	70.47724239026863	70.47724237782916	70.47724238623499	89.7619305169739	70.47724237816766	105.68171317280297	80.89914328140677	80.89914330796856	80.89914332124948	80.89914331816826	80.89914312538474	74.375	26.083511995047928	1.200086047891034	76.66383332206323	248.62582479382831
167.27740037830705	167.27740033679703	167.27740029528698	76.86834869678364	61.39098847886822	61.39098844787836	61.390988749621755	71.44196043627733	81.26970911696529	82.22965306002146	82.2296530247593	82.2296530056494	82.2296530384425	82.2296530384425	82.22965302283473	88.91492119126411	70.47724235948303	70.47724238700224	70.47724238700224	105.68171320198178	80.89914328140677	80.89914330796856	80.89914332124948	80.89914331816823	80.89914312538474	26.08351204227617	26.083512024797272	220.7426950877232	2.834647363724258	221.62934927387212
26.309043505451484	167.27740033956917	167.27740032296032	153.42420806433068	76.86834869678364	76.86834881751298	113.42171819943232	78.59944006981749	78.91216484247184	78.68059408851437	82.22965290884747	82.22965290884747	82.22965301729582	82.22965310245135	82.2296530247593	82.22965304002003	83.17434355779187	82.22965308172681	70.47724237816766	39.85125366137464	80.89914312538474	80.89914341456003	60.68980573144543	46.79337187680525	56.488583517530316	69.12116644818241	204.0	204.0	196.49746533767234	110.04124774622971
166.71052749004866	108.28624857065597	167.27740033679703	153.42420815221234	153.42420812853015	76.86834867378178	76.86834866228082	69.15384176814734	76.40065250185714	194.61577842498866	194.61577846188345	194.6157785174671	82.2296529890404	82.22965298949714	82.22965300305393	82.22965301798092	82.22965303153771	82.22965308172681	82.2296530712357	47.87072223340161	47.870721961785165	47.375541603503024	47.87072190128413	44.72161308883929	48.281656181718745	190.17849080644163	204.0	204.0	85.6940121137061	184.25962860203032
249.3061437834513	178.23735127499998	95.1002207186761	167.27740029411245	153.42420811668904	153.42420810043296	76.86834864864738	76.86834867179687	76.868348633663	121.83059316	194.61577838691437	194.61577839643292	184.19370200619363	73.22319996439825	82.22965300564937	82.22965300305393	82.22965303844254	82.22965302283473	47.87072195240651	47.87072194467771	47.870721944677655	47.87072196637456	36.38021341302937	36.38021343499997	36.38021341302937	51.3898482463882	190.17849080644163	7.545992007928902	222.41064551002157	42.363135947584766
112.82603105762448	178.23735116789447	178.23735110500002	178.23735102	95.10022060101807	153.42420811848407	153.42420808116566	148.6679351651187	148.66793518160551	22.826006914427182	22.826006933346946	22.826006926909116	194.61577850461836	184.19370188673446	121.30540801620486	121.30540805241367	73.22319996857962	47.8707219012841	47.87072195240651	47.870721901284156	47.87072198992115	32.089846385720165	36.38021339249997	36.38021341302937	51.389848185641455	51.389848143018554	85.74827458338453	51.647476108609595	114.21168947722197	7.048775722699844
252.22427765924158	26.309043505451484	178.23735111252194	178.23735113097945	178.23735101999995	56.32027635019463	90.10441645755725	90.10441644786471	153.42420790073965	168.60850469799237	168.6085047812477	168.60850486771227	22.82600684077474	22.82600712335497	68.86337000280969	76.71587709132362	47.87072163389672	47.8707219012841	47.87072181190891	32.08984626909364	32.08984634805324	36.38021352000001	36.380213318083946	51.38984815612562	24.170689129225508	24.170689059891117	152.27139137912008	253.25757673345373	148.50610998933	79.57078160738126
145.19122398814213	112.82603105762448	4.067107491781712	178.23735113455692	49.94008579898244	49.509782498504364	255.0	55.73462024684085	140.9605331234972	160.9419798997403	160.94197978519816	168.6085047812477	168.6085047319175	168.6085048197416	22.82600677387245	32.0898462690937	32.08984621722783	32.08984626083634	32.08984626909367	32.08984626909364	36.38021352000001	26.708404509648176	26.70840451494348	24.170689129225508	24.170689059891117	46.8781484813849	182.12990281289	28.589969175598156	244.63197040728113	254.51970499533292
32.7627239983928	49.08903315879516	36.85321394152996	91.612891569069	83.83151515604055	36.57420398551784	36.57420402268377	36.57420400851822	36.57420398018718	160.94197965995892	160.94197962125844	160.94197978519816	160.94197974832554	160.94197970886552	160.94197967261817	21.25456777581931	21.254567683821165	21.25456769441263	26.708404650731012	26.708404509661875	26.708404507000466	26.708404511961646	26.70840451656113	26.70840451656113	23.03024490733773	156.3525342773827	0.35400687333523706	125.19123819261998	100.7641844299726	207.95545815760218
19.26908634300318	0.17832162553290232	20.548416842969345	21.50232235869504	155.65596279056598	99.03818756160152	36.57420400150974	36.574204006702956	36.57420399056198	36.57420399519208	36.574204050495666	36.57420404740898	20.502244851373945	21.25456769441263	21.254567637822078	21.25456765445827	30.58331973360501	30.58331961583704	30.583319597084056	30.583319587707507	30.583319505595256	26.02415924238136	26.02415926968058	26.024159342895075	14.214236831995947	156.35253413506442	156.35253414793394	77.12271429432138	244.43641300950105	23.81396105688802
10.138984959951586	9.522763039363014	12.479261962229856	14.039459378276007	23.91451685241472	34.24016530082338	30.20308982695289	34.24016530082338	197.41229054437125	36.57420405512585	36.57420399056198	36.57420400851822	36.5742040545191	21.254567487822328	21.25456756933704	30.583319552830517	30.583319562597666	30.58331958677735	37.138088565628834	26.02415925286593	26.0241592528659	26.02415918173051	30.704048922865496	51.55725119257383	156.35253399644353	156.35253416029337	156.35253415116733	55.92796346633804	0.15695927760012296	0.0
1.0829589227077747	10.11078317031945	9.438391824293461	12.450288105795977	0.11412874305179344	18.628613879564256	1.5337403345773737	30.374465792951497	20.548416842969345	39.19820460146647	30.374465792951497	14.214236831995947	36.57420399056198	36.5742040545191	85.74827458338453	46.627052553945674	46.627052746424226	26.024159324278997	26.02415925286593	11.384166492946548	10.602367679408133	2.982107316744333	0.7436748669015003	0.6778502912181068	0.0	156.3525341232151	156.35253405403938	97.80678468749636	7.12044926113964	255.0
