252.1172904260773	254.21296296296296	254.7212210753789	252.34693030853975	251.7291247481619	243.1869505558894	235.1120357091102	223.77741228070175	244.8	250.46666666666667	253.19544566910804	250.44642857142858	247.79681131670256	253.86666666666667	235.97328293399966	233.75	240.125	228.90928612502654	240.125	225.85714285714286	249.20454545454547	238.08119994544342	254.86939324446678	254.86939324446678	234.8181670546592	254.9970429990546	246.23424885696113	251.34748127745235	254.03940605233385	254.34141425159996
254.95931131909333	254.6193586005831	251.96853018608064	240.83333333333334	246.65178571428572	235.1120347353667	249.20454545454547	232.13200422388803	224.36646206665762	251.75132511632907	253.86210572234674	243.788927295	250.73650720517173	173.86363626485021	199.94318170457774	227.38951137931141	195.66256830601094	237.55971564012256	231.8181818181818	210.80656094846006	211.1986588717328	227.93610260165087	232.80165209620566	245.77075217000652	235.10729190275575	240.89175091499868	252.84565200512628	251.66938775510204	251.34748127875605	251.49880607176524
254.91571465881464	253.22916666666666	245.74022347466996	252.96	237.78132198899715	232.13200418066666	209.95220859304186	209.9522072770678	217.06071331401117	195.234375	227.6578942047233	241.68110773302539	245.84399769758033	234.4979633384058	242.4730420675969	210.610245346736	196.41310258295928	197.43957394510446	193.52067301465573	235.2450991010675	218.73738928990502	189.23597678916826	248.10810812487216	191.25	231.5769662948687	238.83897814191783	239.96149723940067	252.8684907325684	248.95988968302194	251.4172752276751
195.43973795578128	254.13229166666667	226.21922258834715	254.61408310646755	246.973425578634	179.87080487080488	207.51953125	217.0607131606419	215.86273365942947	91.79999999999998	229.62874962874963	136.27319489755405	233.75	204.1677286742035	136.27319489755405	194.89592361162025	242.4261912861046	201.0865877070687	247.00028243140787	214.7406711318322	205.61840037811382	192.03310312344283	193.78944249269267	193.93877550803572	191.25	239.53390094721453	241.68081235248656	239.96149724406138	240.37853672099516	253.45711408323731
143.256163724585	227.1189206715349	145.38287437732853	174.1680696436964	79.30837910126917	144.23076923076923	198.67910615460863	203.0769230769231	195.77769885937622	191.5784727264118	215.54694977969075	178.84615384615387	233.75	217.34852904642935	223.23529413	159.375	121.77710222084417	249.3207126948775	249.3207126948775	200.5643152562197	193.52067297425234	193.52067299087165	235.3846153739645	210.16483514049028	214.2	245.7482993197279	228.81717680547155	239.96149723700623	240.15307522185034	248.472
214.88015739414436	254.90940952162774	202.16958549342357	88.14606139675203	250.072888796806	242.82982610310106	178.23735127499998	195.7776988903333	182.93030372605924	163.6145346944804	158.39905314003778	148.75	170.61818181818182	204.0	221.0	238.0	224.9501359147013	121.77710222249158	121.77710222249158	167.0067170522347	197.32291534185907	163.20430599052312	147.54320987654322	172.2972972972973	196.714285707	196.714285707	171.73469387755102	251.866181156122	209.7177970837779	252.65080591447514
164.6783000062283	7.581191066232691	27.242357748812623	193.7217117985826	178.23735113097945	178.23735116789447	184.78871113244415	182.93030373106933	160.53268754929823	169.66833860625002	214.46176166652586	206.2244766403337	213.10148429409733	213.10148429409736	169.9164622298245	151.64319907170324	106.52398784133862	116.89986179236217	116.89986178274302	188.17126379188025	164.75976784548004	121.77710222084417	192.32085008907043	192.32085009395104	174.5637583599725	222.23463686840455	234.6	241.42011834319527	245.26020529959416	252.6508059138002
76.95740762094889	213.3774269564125	50.07070540574341	178.23735102	178.23735110500002	178.23735111252194	178.23735113455692	168.9218187050182	158.99134888093988	160.53268747651435	120.06994374246716	156.0582439172283	157.9087048832272	213.1014842940973	194.68623947527936	193.4116488052154	181.38784065791333	203.92295212063922	168.79426600644462	164.75976782629772	135.24244398162648	196.15384615384616	196.29407294368127	107.57693860302297	220.4237288104826	220.4237288135593	209.89795918961462	227.7442435717749	245.26020529963813	241.67755102019999
253.73562203625423	255.0	214.37161300017405	156.92307692307693	156.9230769230769	144.94208020326323	168.9218192833687	168.92181869080954	168.92181880279662	178.23735101999995	198.20641519284624	156.05824381519693	198.77047375946188	157.9087048832272	181.79492076867427	157.90870488322722	141.6733857035406	170.79606778389896	133.08668178069433	152.99999997719212	130.21774065708803	174.89913544668588	144.7674418604651	196.29407288624577	197.56822752402817	217.053571433125	153.0	174.4466800804829	218.97230360243057	246.86862245048076
126.43340348258178	12.46042069188934	29.99132532410883	98.07692307692307	159.5945574505743	186.08927052513167	168.9218187050182	168.92181863481602	168.92181869080954	168.92181880279662	198.20641513156488	198.7704726811039	198.77047227648248	198.7704725053945	181.79492086891537	123.15522356146275	123.15522356146275	169.17584435723984	135.88156567271915	135.88156570348679	182.8751083203443	157.498742243837	157.49874225584858	182.44676664374998	171.97034500446	183.4411950347149	189.8716614622789	185.82682291666669	222.08567837455104	253.368
8.604734265775818	220.35096478565728	91.34709127272149	186.0892707540482	186.08927066430186	186.08927064011823	186.08927062205782	168.92181812666766	168.9218187050182	168.92181830044774	200.3571427970357	198.77047113748588	198.77047227648248	198.7704723377375	198.7704722232736	192.75197070718582	192.75197070718582	151.7097959851132	89.46607149057934	135.88156563168093	135.88156568621915	144.56467524106617	145.6261831735635	145.626183234103	18.96910510426983	171.97034488570444	196.248	196.67296786389414	218.97230360243057	252.29399333988047
143.39732333320867	14.95003284334075	98.07692307692307	189.07381675411418	90.83283281546838	186.0892706280264	126.4953646099213	126.49536449138114	186.08927055606267	186.08927069116817	200.3571427970357	185.68642871475197	205.29143435232794	205.2914343925163	145.4197926327806	145.4197933929019	145.41979311618684	145.4197955332183	145.419793781579	159.51579073557707	164.31820977795263	164.31820977432204	164.31820983146497	164.3182098084766	164.31820982725475	152.07272727272726	185.82682291666669	188.34162162162164	188.16532258064518	252.8684907325684
253.73562203625423	194.2674012294443	127.27672631889337	155.65596279056598	120.4009065464341	120.40090649583868	90.83283251372825	90.83283270727216	90.83283271488833	90.83283281546838	90.83283285715942	165.00000011999998	106.25	220.8908258245129	190.11362941533594	190.1136293913187	141.3582205352461	145.419792133257	145.41979312225075	145.41979304629115	164.3182096554752	164.3182097478557	164.31820978310355	164.31820974785575	164.3182097934054	148.1095890410959	150.79326923076923	145.41287576763224	124.44	0.4288474705583951
109.10112002922384	73.70757177570857	90.68179020659457	90.68179020659457	120.40090654398062	120.40090649922419	120.40090649922419	120.40090646941934	90.83283264175009	90.83283271355319	122.40000000000003	189.1592832044682	161.8871652522563	91.18147875872481	91.18147885824189	220.89082582400948	175.26089097548572	130.9323515991341	95.04494877888163	110.37313432835819	133.9830508155918	164.31820958082125	164.31820977432204	164.31820975892288	164.3182097934054	122.1875	90.52845528455285	47.92289667382755	18.36638238986143	246.69767441860466
166.82717978040694	96.45412770699764	90.6817902065946	90.68179024107712	90.68179017274528	90.68179041917872	120.40090650902945	120.4009064097113	150.2511818871568	76.05555890942463	106.40191464580448	140.9605331234972	116.08850501999981	163.81852114175814	163.81852124127516	104.93015176755688	118.87844872435457	120.30535771712226	110.37313430109157	116.02736563862084	116.02736555965907	134.5990935902887	134.59909353058066	164.31820982725472	164.31820958082125	126.12903227177421	133.04347826086956	6.224928103620272	0.4288474705583951	233.14285714285714
166.82717978040694	96.45412770872369	90.68179017274531	90.68179021689645	90.68179022567793	90.68179022567799	90.68179025214428	67.12711898879351	95.06925363172851	99.70481580108518	98.74972297581769	125.42631242298145	144.39902807082842	102.85599620076775	102.85599640861574	104.93015178098739	102.8559962784816	102.85599627848168	102.8559960846782	64.88637060868126	134.59909349097057	134.5990935173773	134.5990935007758	134.59909345601938	134.59909345356593	132.60000000000002	133.04347826086956	90.52845528455285	178.4293315236146	43.73372011718095
96.45412756255686	96.45412774373949	96.45412768478849	90.68179025214428	90.68179016853497	90.68179022204737	90.68179034452484	80.98578420138284	76.35164583719236	76.35164584249634	91.19878449184776	90.99103382795874	102.85599614129532	136.52582706350535	136.52582707917895	59.147455221714324	59.1474552706878	64.88637058466409	84.69401565332481	87.99570719383715	101.99999999999997	100.87656128829158	134.59909350416132	102.33659763820361	101.99999999999997	122.1875	65.92618324588585	173.5467110148751	207.82071290170452	162.60331187995965
51.314431046086014	96.45412773265883	96.4541276335139	113.33485536421702	90.68179019152339	68.74857795978747	81.69010134714927	80.98578423823977	76.35164582486198	91.45015526013194	74.51128293182353	76.35164582189304	76.35164583402732	76.3516458143223	67.12711908832702	56.619368526445726	56.619368575793885	43.24388666110946	84.69401567378483	87.9957071069285	100.87656086555776	86.07818119720338	86.07818129498176	86.07818169955226	86.07818187333234	95.625	145.77907817165195	254.7097509063939	221.74097362088506	255.0
51.31443127885325	51.314431259306275	96.45412770074523	68.74857795498306	68.74857795978747	68.74857799106414	68.74857806322626	59.49922827565169	85.91425298501107	88.91492119126411	74.51128293182353	105.8274397143222	76.35164590294505	76.35164582998254	54.35958248354984	54.35958249950315	54.35958250962776	43.24388662939984	54.359582561783554	56.79358486843512	86.07818144837782	86.07818130919043	86.07818136518401	86.07818129498182	86.07818129498179	95.625	145.77907808376273	79.02925318893236	149.48793501174464	100.22164890045977
51.31443127223068	51.314431259496956	51.31443124676326	48.26781203322804	68.74857795978747	68.74857792508351	68.74857768692232	81.69010132696101	81.4232677985436	59.49922827565169	59.499228280556395	59.499228236837666	59.49922827394519	59.49922827394519	59.499228311052775	105.8274397143222	54.35958250490785	54.35958249680078	54.35958251581579	56.79358480715376	86.07818119720338	86.07818130919046	86.07818123959683	86.07818129498179	86.07818071663127	145.77907805172396	145.77907803167864	170.81796647768255	13.383814465122839	26.18356432786004
112.82603105762448	51.31443127885325	51.31443125525237	122.97877987995278	48.26781180431158	48.267811874670144	88.34773803182657	78.86361592706271	76.84067591196768	78.92192981026687	59.499228236837666	59.499228236837666	59.49922826934545	59.499228236837666	59.499228280556395	59.499228385267855	88.91492119126411	59.49922836603909	54.35958247421627	79.33178423292202	86.07818129498179	86.07818129498179	73.72094232390435	70.96960173896332	74.58624007612417	74.58876042718157	51.0	204.0	220.83840919444077	245.42788325369014
91.34709127272149	5.419299502783417	51.314431259496956	122.97877988597452	122.97877982763052	48.26781186617356	48.26781189710451	69.5625450171396	75.84981092950332	150.5564868820154	150.55648683250828	150.55648686825901	59.49922823921631	59.499228285461044	59.4992282952704	59.49922827565169	59.499228285461044	59.49922836603909	59.499228311052775	60.51958098441719	60.51958072023504	77.48222439103321	60.519580537883115	78.33081762023389	63.75	66.72508408762499	51.0	204.0	13.793934416274311	160.36885391609667
250.24171802047954	24.712053314999963	125.13844088456335	51.31443122021224	122.97877985750043	122.97877983624343	48.26781189348836	48.26781185407657	48.267811884079265	103.50742586999999	150.556486735767	150.55648671203411	74.93521805815632	50.47826910225896	59.499228236837666	59.4992282952704	59.49922827394522	59.499228311052775	60.519580608460785	60.51958062467031	60.51958062467028	60.519580668063924	49.424106675131696	49.42410663000001	49.42410661975916	42.969332303499726	66.72508408762499	206.27193475072517	254.9845674722361	129.4853628032513
249.3061437834513	24.712053392938373	24.71205331499999	24.71205331499999	125.13844087702358	122.9787798143887	122.97877971094258	69.53358751501025	69.53358755514722	80.95618645223283	80.95618650095852	80.95618651408572	150.55648672525604	74.93521798599065	34.381720704222175	34.38172070877039	50.47826912343638	60.51958053788303	60.51958060846084	60.51958060297352	60.519580456053035	54.75439969617301	49.42410662999998	49.424106638216614	42.96933224442253	42.969332256399696	140.10294706507483	31.37721792171294	230.8517375408134	69.81950826302491
35.31901707559422	112.82603105762448	24.712053337565862	24.71205331910832	24.712053569999966	56.03639685556624	133.22289777915583	133.2228977775084	122.97877947692677	123.81026718555987	123.81026717519023	123.81026726165473	80.95618653750566	80.95618633770775	69.22532131020878	77.35029014877182	60.519580384912246	60.51958053788303	60.519580570358784	54.75439952798797	54.75439963190257	49.42410662999998	49.42410658585115	42.96933224899985	49.126494495281264	49.12649453942038	246.164632961593	203.43993007639477	229.91726994432798	226.52161013204312
122.64388518148948	250.24171802047954	109.10014098861271	24.71205318218054	49.97370148317782	50.86577077588484	53.5097087605547	55.6632443323069	26.921066246994428	45.211929164958576	45.21192892123446	123.81026717519023	123.81026723707686	123.81026725639583	80.95618635852966	54.75439939799594	54.75439951437889	54.7543995535535	54.75439952798794	54.75439952798797	49.42410662999998	42.96933224442253	42.969332303499726	49.126494495281264	49.12649453942038	46.8781484813849	182.12990281289	121.97766041747755	150.72994349957335	182.47642431594988
244.55405917172143	117.71076759075234	30.261438617025505	1.2880054751135503	26.81615525181647	122.29301594464349	122.29301594464346	122.29301595109075	122.29301588965345	45.211928700791674	45.21192888647667	45.21192904217767	45.2119290556729	45.211929081205824	45.21192900102997	46.61144160870742	46.61144152148225	46.611441533092176	42.96933242961529	42.96933224529997	42.96933221488388	42.96933224899985	42.969332256399696	42.969332256399696	110.95474892207613	156.3525342773827	46.94262755383522	175.7995653432706	184.36562280275	254.88060133034114
83.37853763278491	29.32721001380915	255.0	0.0	0.0	6.41167321596609	122.2930159609497	122.29301594455421	122.29301594455421	122.29301592775406	122.29301596135437	122.29301597255449	34.192399842667015	46.611441533092176	46.61144147786965	46.61144151605663	38.39413415290184	38.39413397847281	38.39413399722591	38.39413400660237	38.39413393282794	35.35495538398135	35.35495537976621	35.354955396626735	185.3239164562707	156.35253413506442	156.35253414793394	2.133251035753915	1.909664949400593	211.06959393996615
10.106242096447971	9.745510779406658	11.299911584886274	18.894066118886855	22.29665449156107	255.0	30.024256424863182	34.24016530082338	4.195436580354681	122.29301593379358	122.29301594455421	122.29301595109075	122.29301596398537	46.61144146470892	46.611441408016645	38.39413402626127	38.39413398784643	38.39413396950698	40.39460556550662	35.35495541055863	35.35495538415185	35.354955342322	102.79109376835595	224.90522689180452	156.35253399644353	156.35253416029337	156.35253415116733	67.59373552660259	1.336494301232534	0.0
1.069392597205109	9.075179795600462	10.31830213970997	11.299911584886274	0.5360213423215043	21.02161815896386	4.298189398792118	0.0	34.24016530082338	0.0	50.852469013865004	14.214236831995947	122.29301594455421	122.29301596398537	8.19095797599445	30.35934183168311	30.359341769735835	35.35495537133596	35.35495537094852	48.253278849156374	45.389976719505995	12.797645580785826	0.2320717891567483	6.084926444978805	9.562413569130882	156.3525341232151	156.35253405403938	206.39303561502697	209.6424052761099	0.0
