254.87458359933302	254.79302115925927	254.6369051210562	254.9819285234255	236.80544810279733	254.7369676532452	254.88683659892965	255.0	191.25	244.8	254.96185041693894	104.73214285714286	234.4260299209701	141.66666666666669	192.95946520159222	248.2	204.0	226.4886017221715	204.0	237.24107142857142	208.63636363636363	231.5585464819693	234.0211845644459	234.0211845644459	151.2016322541645	248.98269046473746	176.92974027564384	254.7093040794256	254.3013838798114	254.97342352649395
254.94399891958167	254.91386693125912	251.41118905129397	247.73504274666666	238.90532542582417	254.88683657338692	208.63636363636363	238.37742499969855	253.10005212133254	254.83213488000442	230.12859355376068	223.125	250.73650720517173	243.4090907707903	130.39772719863765	181.16050503828353	138.99590163934425	195.70115163077142	226.71526586620928	228.27974871913088	115.87417209069102	227.8193965259765	230.35676648198853	253.80674260729106	234.68412857697317	240.9783746857317	254.82483069633315	253.7632174744898	254.70930407947844	254.87142818893489
254.99315425063395	254.81866666666667	254.67125055819758	223.125	231.39608952371393	238.37742493761647	254.23900237613134	254.2390008368203	226.28827222527246	255.0	229.4900627660832	217.21847516821984	254.45129676009978	213.1919436960543	253.86437285257696	156.23792890897886	227.0364230438472	225.38406390823434	228.89296582015675	251.35401205144152	215.9504925386114	238.97001934235976	0.0	242.25	231.84606056686343	239.42312792186468	252.21859853123246	251.83391896617763	254.5600229730562	254.92982807910937
195.43973795578128	244.8	229.42295426159714	152.27476496647466	158.22824486567401	255.0	252.003205203125	226.28827203692794	224.74218823481664	191.25	0.0	212.8499300916576	63.75	204.1677286742035	212.8499300916576	211.95857691024906	151.5506128388792	146.52794543423704	189.1833567689626	214.2432542160921	214.95048650764426	225.20120115384233	238.809255450171	234.70408163265307	242.25	241.83922372538592	251.36876586756105	252.2185985314627	253.38461057892545	133.99781586021504
244.8593054797491	176.10526448423872	236.74838608343353	252.3444619507694	244.24625988645028	255.0	251.41425107934256	0.0	208.48776222820783	252.39157858564684	254.4670529201434	225.0	63.75000000000003	180.02651824055465	191.25	104.73214285714286	211.88151867840145	181.92650334075728	181.92650334075722	199.73517797428823	228.89296581331564	228.8929658134956	0.0	255.0	127.5	232.44897959183675	250.849609375	252.2185985304883	253.92184836182997	191.25
63.46350482445388	254.9722719756807	243.85542154725792	245.63258132222845	65.63556742199606	255.0	76.76264897999997	208.48776225252107	197.4087914441243	250.99845472506416	0.11888733453218947	255.0	170.61818181818182	127.5	204.0	85.0	250.81342419607878	211.88151867035631	211.88151867035631	75.21079697118898	202.29529020992598	209.10215291902688	238.62962962962962	255.0	238.000000017	238.000000017	238.08673469387756	0.0	253.9490626428898	92.00607487631979
252.66774463321696	240.4072270942457	23.93293473618195	152.27139137912008	76.76264890593558	76.76264894285057	199.4360305687458	197.40879097781453	250.83232440112806	246.56733901875	43.382286616298956	247.4776743796645	248.75043148084225	248.75043148084225	114.74799126735834	212.68855981013593	156.96399895416135	195.9990871826153	195.9990872189482	188.16256483171406	186.60295848380616	211.88151867840145	161.0847363071377	161.08473630738575	156.59395970526947	48.079608937875975	215.22	0.0	66.29147767963715	92.00607487363752
254.9722719756807	138.49830001992655	2.597987435960846	76.7626488525	76.76264889500001	76.76264888747806	76.76264886544314	185.0709165591649	250.74844069342015	250.8323244103111	255.0	244.8038748752931	102.50530785562634	248.75043148084222	165.551917321458	140.96053311301793	213.35867437267314	241.65881268326623	187.70567048612907	186.60295843191352	198.02490075271416	0.0	26.302611887513308	181.28846924833988	38.89830502013507	38.89830508474577	230.15384615553228	99.79912746192164	66.29147766405265	253.8666666678
50.29369134354451	204.22985689097942	131.79108810096517	0.0	0.0	249.9764238371884	185.07091598081436	185.0709163770448	185.07091631627998	76.76264897999997	127.84648589956741	244.80387476279722	246.03808910963946	102.50530785562631	109.03429548920468	102.50530785562626	177.65878899657503	171.28111393465497	189.1592831213825	74.68777076672924	183.05933568477252	42.25504322766571	229.18604651162792	26.302611936551045	71.8629704159626	58.4375	242.25	236.5291750503018	223.125	100.01802884615384
229.3495087817548	229.620022898061	237.80293775741404	255.0	179.8907544508371	26.08351197377587	185.07091636638143	185.0709164074272	185.07091637704474	185.07091631627998	127.84648589515686	246.03808935103018	246.0380883055558	246.03808853620882	109.03429554068919	58.28038884030056	58.28038884030056	170.24642676915425	181.31772148697678	181.31772147016483	154.2830699365665	126.0674157303371	126.06741571001231	37.23762239625	151.5974183397642	102.11120249411857	145.2930974531738	191.25	183.04170909146217	248.79432
133.00422797589135	237.7532713357456	71.59620419382347	26.08351197377587	26.083511995047928	26.083512024797272	26.08351204227617	185.0709159808144	185.07091626998965	185.07091631627998	93.49999991585	246.03808818699923	246.0380883055558	246.0380885931091	246.03808818699923	231.30797103445008	231.30797103445008	96.45578444998125	190.39005925248964	181.31772142532907	181.31772145688	125.80102099838456	125.32998778252991	125.32998776293519	246.73986128069552	151.5974182963974	137.088	90.02126654064273	138.20570203993057	251.7726977478059
198.63010337380535	166.34891058643078	255.0	82.04967993783808	255.0	26.083512039671888	246.39044905023007	246.39044936900424	26.083512076526347	26.083512183713026	93.49999991585	242.09624843582571	92.48219957004497	92.48219960759644	90.49348292602505	90.49348412575961	90.49348389283782	90.49348582646337	90.49348428833343	159.65568792933698	15.950486583153918	15.95048655529635	15.950486529641552	15.950486598759852	15.950486642579136	100.86666666666667	103.48307291666666	134.12336336336335	133.99781586021507	251.83391896617763
61.77361131272448	28.743041690255836	0.0	40.333365616098604	235.31684048896696	235.31684062081726	255.0	255.0	255.0	255.0	255.0	127.5	63.75	120.75763558163601	0.0	0.0	142.83936514769692	90.49348286611524	90.49348371944646	90.49348390845935	15.950486629971778	15.950486511655015	15.950486531873054	15.950486634871766	15.950486536336058	74.94396014943959	100.01802884615384	26.033235607421375	223.125	120.40645797889641
166.369992083963	255.0	239.04951357068865	239.04951357068865	235.31684044544608	235.31684038698896	235.31684038698896	235.31684037625155	255.0	255.0	122.40000000000003	46.793371970183046	140.9605332114484	38.887674122944674	38.887674046021544	120.75763558746667	237.4914116432445	79.35816895070187	132.9952892150031	83.73134328358208	38.898305088042235	15.950486149712162	15.950486555296408	15.950486532988833	15.950486429311354	127.5	167.92682926829266	245.37218674268914	252.56883534422641	246.69767441860466
71.64630217699172	0.0	239.04951346366394	239.04951346701114	239.04951360385442	239.04951385028784	235.31684041586166	235.3168402700748	109.71452417934529	43.382286616298956	106.26573678807932	74.68777074986073	116.64152448509452	216.11232595397843	216.11232587705533	255.0	122.00812613318303	71.94412158503263	83.73134329636332	97.17735402717202	97.17735393750002	19.683159729925194	19.683159623748452	15.950486396145607	15.950486642579051	87.74193547016131	49.891304347826065	175.46967183661346	120.40645797889641	233.14285714285714
71.64630217699172	0.0	239.0495133574209	239.04951346812692	239.04951344470356	239.04951344470365	239.04951348834499	96.6663828809464	95.06925363172851	99.04233680306518	99.7766195495598	110.87985633735192	115.08791618135834	57.77227160660544	57.77227120029664	255.0	57.7722713728692	57.77227131873207	57.77227128404894	255.0	19.683159584138338	19.68315961054512	19.683159613011043	19.683159554553924	19.68315951103304	81.60000000000002	49.891304347826065	167.9268292682927	0.0	92.95919078783032
0.0	0.0	0.0	239.04951336512823	239.04951347035845	239.04951341684608	239.04951337002822	77.84729685393853	93.787178634133	93.7871786483625	92.74805761915181	89.11894636091873	57.772271248236905	99.8478762968088	99.84787636737997	120.75743590774971	120.75743591822649	255.0	62.34728373568288	117.22217756608748	46.363636363636346	83.24441602310893	19.68315937918277	83.90247858270877	62.33333333333334	58.4375	172.9503200621619	0.11871932947491359	122.63563708021132	238.98801558447062
255.0	0.0	0.0	133.70360217687852	239.04951340124012	68.74857795978747	74.93463626949557	77.8472968259072	93.78717862300604	86.8742138232472	79.57382311928222	93.78717862835256	93.78717864325773	93.78717864525998	96.66638287404973	108.82847633908509	108.82847636939917	104.82889808368205	62.34728374830391	117.22217753212686	83.2444161014756	69.92908368372002	69.92908373001035	69.92908368372002	69.92908401918564	58.4375	0.0	179.98921737208317	0.4746564569022098	255.0
255.0	255.0	0.0	68.74857795498306	68.74857795978747	68.74857799106414	68.74857806322626	94.96581827200708	86.51989209529467	0.0	79.57382311928222	144.52929173409245	93.78717862835256	93.78717863828933	96.24801197278407	96.24801197205025	96.24801196727552	104.82889808592216	96.24801204382555	127.15351410484317	69.92908368372002	69.92908362295523	69.92908359257282	69.9290836336186	69.92908344083509	58.43750000000003	0.0	253.55381657570092	251.29825704314342	255.0
255.0	255.0	255.0	26.08351197377587	68.74857795978747	68.74857792508351	68.74857768692232	74.93463621554938	81.34398043166493	94.96581827200708	94.96581825881503	94.96581829475116	94.96581827672588	94.96581827672588	94.96581825870066	79.57382311928222	96.24801194358969	96.24801196726551	96.24801196726551	127.15351410043256	69.92908368372005	69.92908362295523	69.92908359257282	69.92908363361857	69.92908401918564	0.0	0.0	186.73149919840952	1.068540427087214	101.87902218135153
0.1316384024820536	255.0	255.0	81.84941906399308	26.08351197377587	26.083512183713026	121.02763249588912	78.36090653915903	77.79176277348279	78.3656428577568	94.96581819794926	94.96581819794923	94.96581825345129	94.96581819794926	94.96581825881506	94.9658183194521	0.0	94.96581833260339	96.24801195625827	20.25347247084443	69.92908344083509	69.92908373001038	48.47928326867793	31.117357733526035	43.56728219862387	57.94931161050283	127.5	204.0	254.94225125540385	108.34320629055938
116.36173875080175	234.11525312908103	255.0	81.84941901606803	81.8494189640727	26.08351204227617	26.083512076526347	68.89545019033679	76.76535456611978	231.19739617963393	231.19739602305856	231.19739585663447	94.96581823325252	94.96581824562304	94.96581830332016	94.96581827200706	94.96581828766361	94.96581833260339	94.96581825870066	43.13635140998946	43.13635143534273	33.228069350313774	43.1363513426046	44.72161308883929	37.237622345992946	137.30718860234253	127.5	204.0	253.94662766433933	160.36885391609667
255.0	76.76264897999997	39.20198219211795	255.0	81.84941893807502	81.84941894426936	26.083511995047928	26.083512024797272	26.083512039671888	74.68777084500002	231.1973960038392	231.19739592719802	139.9944547158246	91.32600525552058	94.96581829475113	94.96581821923903	94.96581827672588	94.96581825870066	43.13635132697419	43.1363513426046	43.13635134260454	43.13635134260463	27.515876280799006	27.515876320000018	27.515876336171544	45.65831915768075	137.30718860234253	53.135766895125386	26.843493374049757	49.239221533911945
12.88781470953765	76.76264894285057	76.76264889500001	76.7626488525	39.20198214576834	81.84941888440747	81.84941886008198	61.17878803949213	61.17878807709127	44.1213675833439	44.12136762774031	44.121367615296435	231.19739610335893	139.99445475936545	109.2429571196187	109.24295713162309	91.32600524445957	43.13635134260454	43.13635132697419	43.13635134260463	43.13635116094375	22.085523134125282	27.515876362500023	27.515876317714003	45.65831909807039	45.65831907033936	193.81768016709603	250.23314050651464	75.36733522591405	143.87511660429186
115.89802067735269	0.1316384024820536	76.76264888747806	76.76264890593558	76.76264897999997	55.33245194185463	43.11848132159855	43.118481329643686	81.84941897671979	214.86350080913707	214.86350091702923	214.8635008305647	44.121367686664	44.12136779372406	69.45500053707377	77.75490747634927	43.1363514099894	43.13635134260454	43.13635128546656	22.085523195034654	22.085523407519105	27.515876235000007	27.515876182003836	45.658319084433515	14.501093907098323	14.50109380660615	101.58910129873908	90.1465472894649	5.592835025333102	0.092398981523246
124.7490906925994	12.88781470953765	0.0	76.76264886544314	49.88395247596699	50.86577077588484	51.926049618545505	55.53426646934514	74.68777074986073	104.50755582047708	104.5075557386142	214.86350080174316	214.8635007497962	214.86350083080873	44.12136748964073	22.085523065042594	22.085523121163334	22.085523216615258	22.085523195034597	22.085523195034654	27.515876489999982	17.14511591788002	17.145115870721384	14.501093907098323	14.50109380660615	46.8781484813849	182.12990281289	6.975227597995911	6.920295393073644	203.8398169455515
124.74694388047519	2.4327238942572365	53.40163909552689	110.60810845521519	181.2440328297536	40.31608975253266	40.31608975253263	40.316089762962605	40.316089783822605	104.50755566723765	104.50755582047708	104.5075557386142	104.5075557824334	104.5075558099908	104.50755576341152	10.350899971194224	10.350899877143604	10.350899874532274	17.145116012197178	17.145115928856143	17.145115941459295	17.14511589739689	17.14511590034951	17.14511590034951	123.49107512896177	156.3525342773827	253.7679544561707	244.19078624604646	143.9720698757435	85.90627608948526
4.215749461197703	2.4303544156669545	50.852469013865004	28.743041690255836	40.333365616098604	177.3578749072712	40.31608965866286	40.31608975352526	40.31608976966629	40.316089742488174	40.31608979684438	40.316089814963135	67.90646787538591	10.350899905801128	10.350899830118323	10.350899864955437	23.725907338948502	23.72590729912963	23.72590729912966	23.72590729912963	23.725907233512885	19.683159645759616	19.683159613011014	19.683159744005252	82.77595861339341	156.35253413506442	156.35253414793394	168.93576981257007	97.0026223282292	0.0
10.148310735468783	10.280924916102208	12.47318700415721	24.336367425052657	24.889602423899476	27.01249382867556	30.51906914888005	27.01249382867556	255.0	40.31608971586303	40.31608976966629	40.316089762962605	40.316089783822605	10.350899683197241	10.350899843263335	23.725907237635965	23.725907292257148	23.725907272675727	30.650924356345143	19.683159584138366	19.68315961054512	19.68315951103301	0.0	107.61725697287685	156.35253399644353	156.35253416029337	156.35253415116733	248.94271405574344	248.94271405574344	0.0
1.0474059263443962	10.135492879757237	10.170451547458697	12.264186504243895	4.328050675407553	14.039459378276007	17.244664251024034	34.24016530082338	50.852469013865004	37.841467812178905	34.24016530082338	82.77595861339341	40.31608973738429	40.316089783822605	193.81768016709603	107.33497918072999	107.33497911942493	19.683159547513924	19.68315962374848	0.8269554273124982	0.7680039547206547	0.28603202001394834	2.697281798428861	0.057147552361641374	75.25205516395567	156.3525341232151	156.35253405403938	50.99071287536589	63.463457258391884	0.0
