254.80560481009994	254.98843654962963	254.99643491320484	254.82472345730127	251.8748856470699	253.2978384765625	252.68963647170517	253.22916666666666	252.45	250.46666666666667	251.48288803923577	250.44642857142858	248.93301766562124	226.66666666666666	190.56179082505525	204.0	153.0	249.05107849809565	153.0	250.4919642857143	208.63636363636363	246.77945148753892	253.02797842881972	253.02797842881972	230.5706481220157	254.8265761285077	242.98136341161586	254.98395488239342	254.14012722345225	254.34017825047496
254.95452808295983	254.99859109508816	251.7846427778778	253.2828283	248.37662336813187	252.68963958469155	208.63636363636363	247.29126934899358	246.40598037252184	249.41380661662055	246.55172787829954	245.555555565	150.62207146126588	234.71590895754778	208.63636351782026	178.72983510613105	254.18715846994536	237.64669648344665	247.92881646655232	244.92349151208984	203.00588078439753	227.2544422318513	231.97320668727738	247.4618402622485	235.15347400878153	239.01863652328055	253.4458106699681	254.92030436862245	254.98395488240035	254.98317529294766
254.3747015016982	244.8	253.31640427433817	254.745	205.50063994642045	247.2912693775428	245.3816426936242	245.38164222774637	240.7029488975819	248.359375	123.74004562495219	243.77883430526128	240.5783559181567	236.73213752358907	236.45362461343302	153.6840732721152	239.23825580368947	240.42707906595658	245.4266601058034	238.76418482633852	219.84584548825813	238.72340425531914	223.98648648439098	204.0	231.4050140118184	238.59803973579017	254.59791290205337	254.7960623823877	254.97326888517375	254.9221292036888
195.43973795578128	214.2	228.73161711203332	88.33487407425065	69.49189075432818	253.56103356103355	241.477272703125	240.70294870555006	239.28518466550915	252.45	239.24710424710423	249.18983998757184	233.75	248.02877697841726	249.18983998757184	234.07444653253182	86.28131656263932	144.04425027468483	147.65767839029553	214.93485387048312	215.7257962655527	228.466107714103	238.22262942871052	244.69591836734693	204.0	240.3777241363971	254.06659819149579	254.5979129021172	254.58363098708872	233.29301075268816
180.49029923352117	22.930011330106026	37.08462848977061	18.36638238986143	248.21988067866937	249.23076923076923	238.83915535204187	218.07692307692307	230.2376035544748	233.2301130086177	133.25108906049076	238.84615384615384	233.75	221.3980447347213	226.666666695	250.44642857142858	138.16998792674127	232.66146993318486	232.66146993318486	206.8371883365557	245.4266601046497	245.42666010381242	190.38461537600068	242.30769229672816	238.000000017	240.6887755102041	254.28682045118344	254.59791290197634	253.84431598808126	253.8666666678
213.2883041224317	129.1844296326475	3.8382821322141183	69.55701332366309	131.57450521325518	76.50363507848638	255.0	230.23760330082786	223.3486680629157	222.0442736270325	73.49598224520656	233.75	234.9090909090909	229.5	221.0	170.0	215.0124407201469	138.16998786581644	138.16998786581644	156.68111607716193	199.09756908859146	209.10215291902688	250.84444444444443	232.60135135135135	246.499999983	246.499999983	250.70663265306123	251.866181156122	254.93227983539094	234.80139135914058
202.53734648940704	79.01413092474846	123.22764541019001	120.6011980916908	255.0	255.0	225.05777781482792	223.3486682084278	220.73244601238252	222.64325878125	214.46176166652586	192.26814469063308	200.51432516396272	200.51432516396272	112.49392541243725	239.81593041481838	228.63185384106404	185.5423170682436	185.54231708104552	227.9964058905591	161.17521964387018	138.16998792674127	215.7941426944282	215.7941426938582	171.99664426644352	138.89664804275282	86.69999999999999	241.42011834319527	209.46645977560277	234.80139135378212
37.94133842729585	254.900084949616	106.10965704658042	255.0	255.0	255.0	255.0	215.3695838816947	220.0714362651181	220.7324455260229	220.1770338946926	216.6903360179682	100.33970276008492	200.5143251639627	198.30665385007	93.72383930849986	140.96053311301793	210.69024023597842	221.09499880445168	161.17521959531237	196.83840021672722	196.15384615384616	125.88130426620532	181.28846924833988	159.91525419641195	159.91525423728814	200.35714285861067	210.3803699523622	209.46645976638496	254.7166666644
254.99898076398128	228.3522775997422	247.82416329898228	176.53846153846155	176.53846153846155	214.00064654833733	215.36958388169467	215.36958401591042	215.36958394519758	255.0	199.74018748789277	216.69033593791806	183.45353489412236	100.33970276008495	182.03758950697403	100.33970276008489	204.6221094696804	171.1550845079588	208.4435826545536	189.1592831213825	203.740456331102	184.45244956772336	221.86046511627907	125.88130433417183	175.22550990521586	148.75	242.25	171.88128772635815	209.615478515625	205.96153846153845
205.5238711275561	249.08784147581156	66.74580728874659	235.3846153846154	216.7431581592641	186.08927052513167	215.3695838816947	215.36958392567965	215.36958401591042	215.36958394519758	199.74018750706136	183.4535352421633	183.4535351279453	183.45353499653692	182.03758953710974	110.00529893044717	110.00529893044717	165.9944228050964	214.47622111546056	214.47622109641247	47.8370206690644	184.7392252222036	184.7392252237526	107.31516963749999	100.95796397556893	197.84777078591512	159.20915712799166	174.31640625	196.28948340102716	143.922
39.14663116604359	221.82370256468778	5.079067937768031	186.0892707540482	186.08927066430186	186.08927064011823	186.08927062205782	215.36958388169467	215.36958388169467	215.36958394519755	187.00000011219998	183.4535343742264	183.4535347112593	183.45353492809568	183.45353509808496	202.01219467344086	202.01219467344086	94.34381717740646	222.44747835198936	214.4762210785667	214.47622106579377	82.44067536668638	79.43616642220198	79.43616651127297	252.60278622730928	100.95796401881367	150.552	146.54064272211718	192.744140625	254.85216349406693
84.7620116053289	52.665539434501994	235.3846153846154	200.66430208218821	201.8661993465279	186.0892706280264	196.72827913930598	196.72827907751605	186.08927055606267	186.08927069116817	187.00000011219998	169.6767329211937	92.48219957004497	92.48219960759644	88.44082983444778	88.44082956317854	88.44082983444733	88.4408312846663	88.44082887754044	159.0379821629699	90.13434818055327	90.13434816480918	90.13434818055327	90.13434820361823	90.1343481117002	145.37575757575758	155.390625	181.8703903903904	181.70014880952382	254.7960623823877
217.45658341285514	194.2674012294443	147.6310923283741	204.3177098185135	189.96175304462446	189.96175330150504	201.86619904478775	201.8661990415468	201.86619904478775	201.86619904478775	201.86619906885218	170.000000085	233.75	182.90354082085855	119.0044434755807	119.004443464416	143.71700144608602	88.44082956317905	88.44082915179553	88.4408293608254	90.1343481427235	90.13434819136376	90.13434815748832	90.13434819136373	90.13434811135838	163.54296388542963	144.15264423076923	126.93556944073555	254.745	5.915597588826927
52.128896460436295	222.0369719422112	164.86565178161695	164.86565178161695	189.9617530511503	189.9617530285025	189.9617530285025	189.9617530648297	201.8661990415468	201.86619900696724	204.0	107.77568139329088	161.8871652522563	79.62156273292791	79.62156298861683	182.90354082249928	159.221880192468	77.49606073486459	89.91231498324638	137.0149253731343	112.37288134384517	90.13434786526676	90.13434816480921	90.13434814595587	90.13434821838305	111.56249999999997	234.26829268292684	200.4477435132918	0.0	246.69767441860466
5.082621911933558	115.96296906511068	164.8656518886416	164.86565185404413	164.86565188829985	164.86565213473327	189.9617530648297	189.96175298320685	155.84667300204057	214.46176166652586	105.97248194199446	174.36191973458108	114.90369478199844	175.37843701138317	175.37843726707206	171.3612999030675	118.36382712899058	70.2278707886417	137.01492536290937	58.368506336154326	58.36850651420454	65.03824701679312	65.03824693517029	90.13434811170015	90.13434835813362	98.70967741935488	88.69565217391303	241.07321592272191	5.915597588826927	233.14285714285714
5.082621911933558	115.96296901402161	164.8656518882998	164.86565184251165	164.86565183519076	164.86565183519082	164.86565180863624	127.49767960144325	179.67131906345548	99.91259996054899	99.6276945141183	117.44375140205685	148.34590517393252	56.27189466241779	56.27189453658653	171.36129985235652	56.271894448301225	56.27189455657566	56.27189451998126	135.99555653558397	65.03824693517029	65.03824696157704	65.0382469714975	65.03824694884969	65.03824695537554	91.79999999999998	88.69565217391303	234.26829268292684	12.773044689726078	1.196929059664967
115.96296904753169	115.96296906071595	115.96296904852375	164.86565180863624	164.86565181944673	164.86565181944673	164.86565185727653	132.76078793376465	142.0479291347155	142.0479291411727	94.17239247578064	92.64009073565231	56.27189430114424	118.56762627875065	118.56762632166576	120.09108526452945	120.09108529082778	135.99555652441933	108.70269286087407	78.41837208400699	115.9090909090909	48.594256471320875	65.03824669849496	48.054781227048636	96.33333333333334	95.625	54.33569791781176	219.42422005081568	249.96309409276222	254.9374045891177
203.68556895391401	115.9629691060764	115.96296907390018	179.00977903049017	164.86565179638177	150.61481487220442	121.75323595580468	132.76078792065556	142.04792912691948	88.77123324384903	90.88935871319453	142.04792908816	142.04792915126103	142.04792917771192	127.49767963661857	107.44654281082327	107.44654279387868	157.80143090762158	108.70269286509009	78.41837200073056	48.59425672472281	39.630416054802424	39.630416118305305	39.63041605480245	39.630416118305334	90.3125	145.77907817165195	11.036877651581534	122.45078308387562	255.0
203.6855687211468	203.68556874069378	115.96296906770797	150.6148148617214	150.61481482929682	150.61481488194318	150.61481492238667	135.55856579718215	85.78246029359994	87.89708904445689	90.88935871319453	95.3692454012803	142.04792908816	142.04792913022732	122.02778378364249	122.02778380196881	122.02778379125297	157.80143087915306	122.0277838064739	55.259812492938664	39.630416054802424	39.63041598408958	39.63041607432038	39.630416118305334	39.630416118305334	90.31250000000003	145.77907808376273	61.63024313748264	198.47383296812785	74.55015093557105
203.68556872776935	203.68556874050307	203.6855687532368	186.08927052513167	150.61481480784303	150.61481492489753	150.61481445092681	121.75323594237611	81.07322050135761	135.55856579718215	135.55856582937685	135.55856583654614	135.55856581081605	135.55856581081605	135.558565833487	90.88935871319453	122.02778376339475	122.02778382125587	122.02778380224086	55.25981251210723	39.63041605480245	39.63041598408958	39.63041594873317	39.63041592552182	39.630416118305334	145.77907805172396	145.77907803167864	9.578239224499043	42.85717971372546	1.7844619139567897
87.91144043345099	203.6855687211468	203.68556870256197	129.72825985365694	186.0892707540482	186.08927069116817	115.98564310048852	78.13415226837802	72.90295770223537	78.56677297187036	135.55856583654614	135.5585658365461	135.55856583070545	135.55856583654614	135.55856582937685	135.55856573362587	87.89708904445689	135.55856586876027	122.0277838064739	64.29101951709387	39.630416118305305	39.630416118305334	55.365252907340704	53.40479914863769	69.96046091508899	30.054277555101294	229.5	204.0	169.68384328330757	18.332172654056137
46.58380794625981	166.88213328978782	203.68556874050307	129.7282598031119	129.72825974372608	186.08927062205782	186.08927055606267	69.25239350186044	75.8376824228194	132.3726035490531	132.3726037234942	132.37260367818337	135.5585657998393	135.558565819531	135.55856584187987	135.5585658392227	135.558565819531	135.55856586876027	135.55856588188794	80.5870459551497	80.58704615239094	89.50510203361983	80.58704602980299	51.0	59.79627581153014	219.50577004992167	229.5	204.0	89.01484055926835	3.287065818830939
226.4556596088265	255.0	139.78606202775603	203.68556877978776	129.7282597140332	129.728259716916	186.08927066430186	186.08927064011823	186.0892706280264	107.775681405	132.3726036325187	132.3726036116523	196.2290308293662	130.38458082059566	135.5585658365461	135.55856584187987	135.55856581081608	135.558565833487	80.58704608664388	80.58704607319657	80.58704607319657	80.58704609489345	46.016296440949844	46.01629640500002	46.016296440949844	37.899829133800864	219.50577004992167	254.93148846961208	251.083552920203	96.14107908642177
163.41933966788224	255.0	255.0	255.0	139.78606197652982	129.72825964854553	129.7282596249544	88.01900126615914	88.0190012608737	42.93835644794433	42.93835652167982	42.93835650956956	132.37260364994052	196.2290307005456	163.7901011861099	163.7901012343732	130.38458082725612	80.58704602980299	80.58704608664391	80.58704609489345	80.5870460498798	64.38784671171592	46.016296447500025	46.016296440949816	37.89982917684452	37.89982910755646	8.19095797599445	110.06616891884678	158.55437427698433	249.0593266547526
254.95690607744257	87.91144043345099	255.0	255.0	255.0	56.20341507886292	116.8300120732587	116.83001213418356	129.72825944343415	107.16904690256524	107.16904701027599	107.16904692381146	42.93835642690661	42.938356688998084	75.24293503002076	76.04135253438346	80.5870459551497	80.58704602980299	80.58704600251471	64.38784632935494	64.38784633682002	46.01629632000001	46.016296239444245	37.89982914494368	28.46916505130949	28.46916505365715	193.7217117985826	14.124698085842368	185.83206562537376	162.98486221232378
0.010615475016606979	163.41933966788224	14.584096951006273	255.0	49.785989138069766	77.79370361040915	53.936296744405695	56.31487440860431	174.36191973458108	199.04886610747792	199.04886588743966	107.16904689498992	107.16904686048102	107.16904695735255	42.938356354241165	64.38784619936288	64.3878463746091	64.38784636201274	64.3878463726856	64.38784639435093	46.01629632000001	30.959623416422374	30.959623473118512	28.46916505130949	28.46916505365715	46.8781484813849	182.12990281289	203.4191096891152	253.79404977682606	89.12476232308316
36.75024597470045	6.170813438768818	119.277744016311	66.40792581546009	129.19444777909052	78.48040977643424	78.48040977643424	78.48040978501007	78.4804098021618	199.04886586090274	199.04886582899604	199.04886588743966	199.0488658493639	199.0488659139765	199.0488658595478	36.33629909442709	36.336299101266775	36.336299070783014	30.95962360637742	30.95962343002705	30.959623388074306	30.959623399757334	30.959623405088962	30.959623339217927	110.95474892207613	156.3525342773827	25.632481287276647	110.21292534936174	32.14898787025953	25.06622106911746
12.274892505169277	28.430774101273386	34.24016530082338	194.2674012294443	204.3177098185135	28.474802431926605	78.48040969925165	78.48040977354938	78.48040977354938	78.48040978348465	78.48040976361412	78.48040980003319	30.53306325700217	36.33629910205187	36.33629903268741	36.33629906333047	27.541546128199855	27.541545986533976	27.54154600528699	27.54154601466351	27.54154589709964	32.91721831244806	32.91721827812171	32.91721823301589	3.5893330247928077	156.35253413506442	156.35253414793394	109.95518258282578	233.42864290629356	6.602773631655566
10.142144493190017	6.785717594918708	12.533622565958808	21.02161815896386	25.48520648948943	35.642129522906544	29.66575309715236	35.642129522906544	20.060841885110875	78.48040977354941	78.48040977354938	78.48040978501007	78.4804098021618	36.33629909442709	36.33629903951413	27.54154603671671	27.54154601964538	27.54154597879679	15.325899477751904	32.917218302448845	32.91721830244879	32.91721815423466	13.10051519620339	82.91372115739233	156.35253399644353	156.35253416029337	156.35253415116733	24.27189674517814	230.3377142501452	0.0
1.0907839710834537	10.071687961804031	6.772934953146489	47.04055431174831	0.38041786435411495	0.0	3.4206288731132304	32.57536585338528	34.24016530082338	20.548416842969345	32.57536585338528	3.5893330247928077	78.48040977354938	78.48040980216174	8.19095797599445	24.415314549844	24.415314513141027	32.917218209468984	32.917218302448845	10.422009774746385	9.703792958875027	1.8501302755207405	13.09157247583724	0.417241379196156	1.0810466101290217	156.3525341232151	156.35253405403938	0.054977380827494926	15.412824450620093	255.0
