254.92444164536582	254.99318951037037	254.99439874881972	254.8110428517425	252.95961816679673	253.19851950120193	252.23863376089605	249.78070175438597	252.45	244.8	154.66995773266336	250.44642857142858	248.93301766562124	226.66666666666666	95.1595874925743	187.0	153.0	248.05187548570865	153.0	247.16785714285714	208.63636363636363	36.26217006003475	226.43493330050956	226.43493330050956	244.62963334416193	245.43943664651042	252.1668308686467	254.91584255582006	254.0372893855798	254.46407592476945
254.9594011033878	254.992611412172	251.97208208234684	253.68217054	250.35139278021978	252.2386340665842	208.63636363636363	249.1664611365448	246.04766837771098	148.49200260339768	243.92164900678992	245.555555565	176.19832353082163	191.24999989133522	156.4772726383652	86.86978056813905	254.18715846994536	247.10211532839983	242.6072041166381	243.23100361621832	231.79802770078655	216.40076587124173	232.81788308150612	236.9592865151633	234.8588760508556	241.04954201533954	248.2967181030203	254.7594413265306	254.915842555831	254.91176776750336
253.87362000137708	236.86666666666667	253.2441210910947	254.745	205.50063994642045	249.16646123479828	244.0068453169952	244.00684382928463	243.98514854690916	239.0625	184.20358286032837	243.77883430526128	118.20741855123609	236.73213752358907	113.29636026627443	68.50651694035707	223.47143049572364	228.9881196231053	237.93001611293255	217.20716268768868	219.82210350519026	226.72147001934235	232.60135136706765	204.0	232.1855556340515	239.60144697151998	253.78353936275425	254.3842528601642	254.85981652278073	254.42163964542854
251.09549485182453	214.2	227.54798063576987	138.72064327527505	114.27392358311525	250.75883575883574	240.915697625	243.98514845188222	242.75312158341555	252.45	239.24710424710423	232.862703467799	233.75	245.18787255909558	232.862703467799	236.66842859920266	86.28131656263932	63.236186506560585	147.65767839029553	214.7239186233076	215.3736938476242	220.0258162089861	221.86377852897198	237.09795918367348	204.0	239.51665501647884	252.1756111994181	253.78353936287505	253.74320366513953	234.74073840725805
254.91759984187618	93.70479625487712	46.548464967080974	245.1478911098111	171.9326748338564	241.15384615384616	238.16935380470738	218.07692307692307	235.59196639993561	231.0126551524205	164.6006810162415	231.92307692307693	233.75	221.3980447347213	226.666666695	250.44642857142858	138.16998792674127	169.7160356347439	169.71603563474386	195.91850159582242	237.9300161092001	237.93001610882405	207.69230768290984	236.53846151621997	242.25	230.1360544217687	252.84729070786764	253.78353936244886	250.59872536305681	254.3625
179.7148960690763	245.4475604071986	42.129395665900205	174.49641670849377	65.99183536731525	124.7459185562083	255.0	235.5919661434898	229.98582559626377	218.75849135305202	159.96870920036957	212.5	229.03636363636363	229.5	204.0	170.0	87.76769039196748	138.16998786581644	138.16998786581644	197.7554778512733	197.2871503211809	209.10215291902688	247.78024691358024	223.98648648648648	246.499999983	246.499999983	247.5408163265306	254.0714610832954	254.79558888380836	237.90735954235925
244.52536384555503	169.5628025030028	12.948150024201595	246.164632961593	255.0	255.0	231.4660627945438	229.98582544632424	217.32491227594474	221.53216130625	214.46176166652586	62.29806180205293	70.50569554711768	70.50569554711771	45.98684101940833	202.92981874841	221.9100156574513	207.4902011243259	207.4902011558087	188.36722176629831	161.17521964387018	138.16998792674127	175.49332130230906	175.49332130858127	35.93959730940611	141.5677374281904	35.70000000000002	248.96449704142012	214.44288613034138	237.907359543601
102.82104746418068	10.16450727015453	229.41135068617032	255.0	255.0	255.0	255.0	223.4248135877591	216.60277333775178	217.32491207802545	190.8199153710995	215.56143638367388	39.34182590233547	70.50569554711768	198.30665385007	93.72383930849986	123.31856622189565	175.1493597166564	210.3099963178413	161.17521959531237	169.46648729466187	215.76923076923077	132.4093356388616	181.28846924833988	166.3983050460672	166.39830508474574	183.2326007305182	169.42720530485457	214.44288613620844	254.7166666644
251.17495371936624	83.27001258679462	69.0596477218727	176.53846153846155	176.53846153846155	209.97260636532914	223.4248130094086	223.4248133581571	223.4248133685243	255.0	212.93343549507296	215.5614362819539	54.509338466455546	39.341825902335444	213.86094341444317	39.34182590233539	183.36371189988535	172.31158722527408	208.4435826545536	197.98026656101072	187.4350652579517	162.4063400576369	196.3953488372093	132.4093356787663	131.8586612972105	151.40625	242.25	146.22736418511067	138.20570203993057	208.18359375
247.10732310744578	59.669749031608404	62.36440168718087	215.76923076923077	225.7956520693076	186.08927052513167	223.42481339497562	223.42481335297356	223.4248133581571	223.42481311734986	212.93343546697184	54.50933846947842	54.5093391216848	54.50933913345716	213.86094345423425	175.89456196052194	175.89456196052194	168.55160295522057	197.47980981212987	197.47980982805583	18.52272838024936	140.0511487506289	140.05114879456693	109.73164704749999	84.1150324711437	140.94916129525848	84.70516823491155	103.48307291666666	115.83433098502906	66.40199999999999
233.84133875931204	11.181602154993442	120.63919940618567	186.0892707540482	186.08927066430186	186.08927064011823	186.08927062205782	223.42481300940858	223.42481329858384	223.42481311734983	187.00000011219998	54.509339418019835	54.5093391216848	54.50933934009427	54.50933941801958	144.1699264066691	144.1699264066691	36.20797565641777	212.09269249327866	197.47980977523682	197.47980977824554	68.56884521694923	65.2538779421159	65.25387795197656	23.489553554378602	84.11503261542217	75.072	71.70368620037806	118.22387695312503	254.8001489168222
176.18173724186767	6.575495667574415	215.76923076923077	229.29239568462603	164.1671677880119	186.0892706280264	191.995539804562	191.995539956516	186.08927055606267	186.08927069116817	187.00000011219998	49.00369194999146	92.48219957004497	92.48219960759644	33.21234233545573	33.21234360482313	33.212343302267584	33.21234523589277	33.21234332165878	159.6419838582115	96.02710370414252	96.0271036906245	96.02710370414252	96.02710376205792	96.02710380370269	67.07272727272729	86.66015624999997	92.89861861861863	92.81165994623655	254.3842528601642
28.948578044103755	194.2674012294443	147.6310923283741	204.3177098185135	188.14051873471715	188.14051877396443	164.16716718453165	164.16716729272787	164.16716728511167	164.1671673354017	164.16716740492876	170.000000085	233.75	109.58647774286885	135.99555652441933	135.99555653558397	141.2684910540571	33.212341085533836	33.21234242720905	33.212343155006096	96.02710377086416	96.02710363408539	96.02710371757684	96.02710375730214	96.02710374444553	107.65255292652552	66.50841346153845	158.4968704434956	254.745	213.9987611549603
4.982045007896062	194.24785373032108	158.97289636257918	158.97289636257918	188.14051879787803	188.14051874504548	188.14051874504548	188.14051871587807	164.16716722720582	164.16716728644678	193.8	107.77568139329088	140.9605332114484	144.10522292816958	144.10522326834408	109.5864777771722	44.94323940890786	28.591765312538996	89.91231498324638	95.1492537313433	77.79661017608444	96.02710355726921	96.0271036906245	96.02710367078168	96.02710363742082	58.4375	198.33333333333334	250.43981157177495	174.1680696436964	255.0
120.72361422467131	115.96296906511068	158.97289625555447	158.97289632921832	158.97289644273076	158.97289644273076	188.1405187554882	188.14051863938033	155.84667300204057	214.46176166652586	105.90649304873565	174.36191973458108	116.34438513318824	110.89477673165592	110.89477707183042	153.15721563942662	118.99839597150034	25.677448645765452	95.14925374327242	47.23842180554635	47.23842197727268	66.85948136061967	66.85948128412193	96.02710355726921	96.02710355726921	46.612903212096796	38.80434782608694	246.02283659550076	213.9987611549603	255.0
120.72361422467131	115.96296901402161	158.9728961962973	158.97289628242316	158.97289630937553	158.97289630937553	158.9728963659146	102.3745997615747	167.44715694248214	99.42202858433393	99.49605459145684	113.50336034006128	148.34590517393252	19.479089382504952	19.479088933827626	153.1572156233816	19.479089099394002	19.479089099393946	19.47908879938376	119.00444346441603	66.85948124451181	66.85948127091856	66.85948125495452	66.85948120212197	66.85948126528285	40.79999999999998	38.80434782608694	198.33333333333331	29.93654701159801	46.96912151357492
115.96296904753169	115.96296906071595	115.96296904852375	158.97289624269789	158.9728962958575	158.9728962958575	158.97289622913584	127.39480192491322	122.6040989325137	122.60409892450207	93.1344763014423	90.00638052691644	19.47908894999182	95.82847365163062	95.82847365179816	95.9826291592033	95.98262913904364	119.00444347558073	71.74274457186843	64.70964805376681	69.54545454545453	39.02501635909536	66.85948122603557	38.32805614830764	39.66666666666666	47.8125	25.707604315374027	197.84072758409957	113.07063518209421	15.81572693795647
167.277400676434	115.9629691060764	115.96296907390018	192.80128467572425	158.97289623794205	137.0525172159779	102.89043556444977	127.39480190827351	122.60409890577546	100.68568118931651	0.0	122.60409890705415	122.60409892653908	122.60409892405153	102.37459984550031	80.82856798753	80.82856799989497	136.4592651961883	71.74274467717609	64.70964801859378	39.02501623844839	31.575186882650144	31.5751867014161	31.575186882650144	31.57518699059139	37.1875	186.0892707540482	110.80176726785152	177.387849727191	98.57694873568684
167.27740033956917	167.27740032441693	115.96296906770797	137.05251726549173	137.0525172159779	137.05251723894162	137.05251718584134	112.33643315173816	86.10663806563545	94.71404886627016	0.0	79.57382311928222	122.60409890705415	122.6040989200441	101.02097144329008	101.02097143534041	101.02097142291376	136.45926520453435	101.02097146972838	42.06656453302813	31.575186631475702	31.575186641842834	31.5751866470265	31.575186605024385	31.575186412240896	37.1875	186.08927066430186	58.20516285816291	231.46977844592536	74.55015093557105
167.27740037830705	167.27740033679703	167.27740029528698	186.08927052513167	137.0525172159779	137.05251727551723	137.05251702654056	102.89043550934917	81.35564299987394	112.33643315173813	112.33643316099835	112.33643318357906	112.33643316225672	112.33643316225672	112.33643314093439	0.0	101.02097142003106	101.02097144299509	101.02097144299509	42.066564504927044	31.57518663147573	31.57518664184289	31.575186521439264	31.575186605024356	31.57518699059139	186.08927062205782	186.08927064011823	247.8632812722482	2.114417669858682	204.11896304799308
33.88220377222501	167.27740033956917	167.27740032296032	129.72825985365694	186.0892707540482	186.08927069116817	115.71708591635894	77.24562194931426	77.32031265326276	78.0249222494547	112.33643318357906	112.33643318357906	112.33643313747811	112.33643318357906	112.33643316099833	112.33643309828972	94.71404886627016	112.33643320803876	101.02097138216106	42.4279782998496	31.575186412240896	31.575186701416186	24.481650107041844	25.146106171434468	27.0890325898294	23.3688788807427	229.5	255.0	14.179562483696145	234.52632612431609
71.59620419382347	108.28624857065597	167.27740033679703	129.7282598031119	129.72825974372608	186.08927062205782	186.08927055606267	68.73190175619834	76.93174338082136	30.44897674659265	30.448976337720723	30.44897632729814	112.33643311871126	112.33643312821795	112.33643318877884	112.33643315173816	112.33643317025852	112.33643320803876	112.33643314093439	50.304079801075545	50.304079530889226	51.000000045615735	50.30407966535847	21.288639563990728	23.1534104124178	171.13993871679463	229.5	255.0	160.46200173363232	11.534791858763072
12.88781470953765	255.0	186.59945618942135	167.27740029411245	129.7282597140332	129.728259716916	186.08927066430186	186.08927064011823	186.0892706280264	107.775681405	30.44897636382575	30.4489762786327	125.98820701776916	105.8846197961378	112.33643318357903	112.33643318877884	112.33643316225672	112.33643314093442	50.304079521033884	50.30407957857122	50.30407957857125	50.30407960026807	16.702894962240606	16.702894909999998	16.70289490686804	17.145115870721384	171.13993871679463	71.51736735161646	234.9812099227127	58.9136178459288
0.1316384024820536	255.0	255.0	255.0	186.5994562681488	129.72825964854553	129.7282596249544	3.9323506785811446	3.9323507047020314	14.583892587702422	14.583892668530808	14.583892628457676	30.448976368988554	125.98820686593874	141.81353853451034	141.81353854299635	105.88461979932805	50.30407953517761	50.304079521033884	50.304079535177635	50.304079560455506	34.71603752596562	16.70289499500001	16.70289492532558	17.14511591788002	17.14511590034951	8.19095797599445	28.650843714109357	32.799956663204426	4.333916782345852
249.5537086117814	33.88220377222501	255.0	255.0	255.0	55.041005326004296	116.8300120732587	116.83001213418356	129.72825944343415	23.35026201666375	23.350261993964352	23.350262080428877	14.583892580557034	14.583892939756993	69.97643855227113	76.9016446440574	50.30407920157063	50.30407940499677	50.304079530889226	34.7160374584586	34.71603748521616	16.70289499500001	16.702894748004326	17.14511589739689	10.994849581363127	10.99484950794377	176.6355750324311	243.3905748538942	74.34267391453332	0.8185578607704826
79.07506508640984	0.1316384024820536	26.36208725726206	255.0	49.76746428879429	65.35977704942465	59.219571886480736	53.19785797977727	174.36191973458108	139.07317400055928	139.07317370530023	23.35026199396438	23.35026205756239	23.350262129225996	14.583892493999258	34.71603732846657	34.71603750559089	34.71603749879935	34.71603750178926	34.716037523454645	16.702894740000005	13.677418935710364	13.677418887864206	10.994849581363127	10.99484950794377	165.75165402282317	255.0	251.39580523684077	27.138105682450856	235.46044591573303
2.410900080300763	0.4952120448502342	142.193970985322	48.68326851398106	83.83151515604055	35.333841308209685	35.33384130820963	35.333841306493014	35.333841303059785	139.073173690632	139.0731737220775	139.07317382624333	139.07317376427818	139.07317382075433	139.07317378537857	22.761574231986145	22.761574236270604	22.76157424355955	13.67741918307621	13.67741895203801	13.677418959633428	13.677418931258671	13.677418889700078	13.677418889700078	155.65596279056598	255.0	0.7443763044252307	110.21292534936174	150.62345093887328	157.6060222269224
0.44372003804650717	9.95507105073699	34.24016530082338	194.2674012294443	204.3177098185135	89.7951918524117	35.33384132365927	35.33384129902973	35.33384129902976	35.333841271220905	35.33384132683858	35.3338413023352	30.53306325700217	22.761574212290697	22.761574238412862	22.76157421415141	11.356809455728296	11.356809507325238	11.356809488572253	11.356809507325238	11.35680946726697	11.948220162124358	11.948220099896105	11.948219983986576	3.5893330247928077	255.0	255.0	206.1384109753419	53.70063561016181	23.81396105688802
10.141814434198352	9.771873855167854	12.194028296005541	16.806946756908275	25.544882790822328	35.642129522906544	28.24267550329779	35.642129522906544	20.060841885110875	35.33384130979039	35.33384129902976	35.333841306493014	35.333841303059785	22.76157408798767	22.76157414975293	11.356809448560512	11.356809529153026	11.356809465343929	11.818618621506204	11.948220136761591	11.948220110354839	11.948219982033066	30.704048922865496	51.55725119257383	255.0	255.0	255.0	167.9230185357504	92.2081662832523	0.0
1.090142893592315	10.034452028115055	9.64813733535496	11.76887626687585	0.38041786435411495	18.894066118886855	3.4206288731132304	30.374465792951497	34.24016530082338	20.548416842969345	30.374465792951497	3.5893330247928077	35.33384129902973	35.33384130305976	8.19095797599445	10.916564771506273	10.916564956539986	11.948220157850898	11.948220097151506	11.906366256782604	11.090253369272261	1.9580198533137434	16.821980694592924	0.44208020936954995	1.0810466101290217	255.0	255.0	13.307259002504537	237.10000044515152	255.0
