254.9663177064562	254.21296296296296	254.9999329152188	254.1556409610215	252.69114688105546	249.6619591346154	246.7258076643248	253.22916666666666	252.45	250.46666666666667	77.90610347674843	255.0	251.67812604114314	255.0	229.29631220534534	244.8	238.0	253.56279200333992	238.0	252.26785714285714	250.36363636363637	244.5970602055833	121.49675878807506	121.49675878807506	250.7838017401838	158.40209541761243	254.3428629926363	254.99348048210535	254.93946485934185	253.84446953464234
254.35358879630806	254.99968636115162	242.34793390020675	240.83333333333334	245.19230769230768	246.72580924491314	250.36363636363637	240.52460898808596	236.3270782473045	74.08155040655984	151.3572522851768	249.8271975	123.8197182236795	234.71590895754778	217.32954533106275	219.70534367183234	240.60109289617486	252.22738390655846	252.95883361921096	252.56560267729174	245.59362134903878	229.06533434426836	203.44907712231426	213.9307562326244	235.59559999596644	240.71000117879538	228.20852986049914	254.9707270408163	254.99348048210692	254.9911220664859
253.1813102608555	254.592	251.29608939670598	254.745	224.93448351310875	240.52460892633783	230.61937809926104	230.61937745063742	229.6085106338567	248.359375	96.6602764088837	248.85308865997322	55.08159974043181	242.79895776168698	52.51908538521943	200.54416715398838	245.97116122829712	248.1052847193773	248.06246644119634	175.29132718623688	186.46307270655035	245.13539651837525	241.21621624974435	153.0	231.45757095631933	241.8269887865237	254.77999626333414	254.9813485653383	254.9889463497721	254.98369153478876
195.43973795578128	253.86666666666667	228.73161711203332	73.2590057576158	51.79625397973024	253.56103356103355	225.78125	229.60851050989254	228.00866078253705	191.25	246.13899613899613	224.01981599433827	255.0	250.30359712230216	224.01981599433827	194.89592361162025	255.0	190.65453401415843	255.0	215.07768187768076	215.3129771604543	229.1851468353416	245.20834746717642	246.6734693877551	153.0	251.2612694552351	254.76447495584696	254.77999626338524	254.7281132861308	250.1804559935676
164.87769120028116	5.89862090475134	210.82748560742087	207.95324914565157	22.2875285824515	249.23076923076923	220.17768877780583	230.76923076923077	213.27272727999792	213.15013007317893	254.94083759588605	242.30769230769232	255.0	232.48055655775227	236.033057925	218.57142857142858	83.84712598538911	70.51781737193764	70.51781737193761	200.5280018892073	248.06246644094935	248.06246643994987	201.92307690240168	238.84615383534634	169.999999983	255.0	254.5925104098181	254.77999626330816	254.5928715415051	226.6666666644
191.55497765356068	90.94452186568876	88.85232475490616	32.23806853451694	174.14118856711005	152.2748608235048	255.0	213.27272730180994	202.98361543528847	192.9416730072457	117.91237195942611	233.75	240.16363636363636	229.5	221.0	255.0	39.19861976934436	83.8471259811086	83.8471259811086	225.71734683498246	229.7304128750416	148.4284995380355	242.40740740740742	206.75675675675677	204.0	204.0	244.59183673469389	254.0714610832954	254.37814357567444	249.15647607977598
89.32000466085947	7.8125054480301515	1.619716912875134	91.30080526054337	255.0	255.0	205.01423532537447	202.98361544965124	190.6325667808404	195.29865571875	255.0	26.106176669090928	30.191577493959215	30.191577493959272	158.2866016970133	169.60616535762108	218.84451567178866	223.79122434922496	223.7912243926405	186.3932058826103	148.59065459841517	83.84712598538911	243.8881621906044	243.88816219049903	205.3691274823206	185.195530720109	234.6	248.96449704142012	235.9803453492003	249.15647607957465
14.40825998288895	174.60356855857492	97.71034115885342	255.0	255.0	255.0	255.0	191.43010269178353	189.47273050721424	190.63256664173474	220.1770338946926	192.09977959626224	145.81740976645438	30.191577493959215	209.20427563694022	189.15928311094783	204.00000001316815	126.40941143437351	228.60499235512958	148.59065462571277	212.66069814125964	215.76923076923077	169.99630241314992	83.84712598538911	200.25423727245908	200.25423729101695	215.7692307708115	246.48381772401348	235.98034534641016	244.8
79.7957723033744	195.50341631026174	244.71755631177504	196.15384615384616	196.15384615384616	178.85484081972726	191.43010327013403	191.43010268741097	191.4301026245582	255.0	209.32870843000845	192.09977954304904	22.344780230356747	145.81740976645435	238.1329168722398	145.81740976645432	223.958211421561	171.30767063571352	140.96053312202145	107.77568129361032	208.92109694770164	220.46109510086455	235.46511627906978	169.99630242684907	228.55501293274597	194.791666663125	127.5	153.9235412474849	247.218017578125	237.2462606855769
19.599104886602817	92.9516114904367	113.45186226589527	235.3846153846154	187.84397091989203	255.0	191.43010269178353	191.43010271883733	191.43010268741094	191.4301026245582	209.32870840238797	22.344780836415197	22.344780990703896	22.344781124343825	238.1329168779422	222.75418248428605	222.75418248428605	174.9833617850885	221.92126580324017	221.92126579181746	182.8751083203443	226.64766057353683	226.64766057971363	154.14820781625	142.43278318914554	240.46954076850983	224.8092265009105	230.09765625	244.61177686031436	253.368
2.274831379468054	17.25781191772336	250.80526294845205	255.0	255.0	255.0	255.0	191.430102113433	191.43010269178353	191.43010262455817	224.40000002244	22.344780730699995	22.344780990703896	22.34478124415253	22.34478145455836	75.25892242691077	75.25892242691077	139.44306693592446	198.3333333495903	221.9212657644698	221.92126578957274	117.67730412930752	116.5935734546371	116.59357358785664	188.62907702614064	142.4327832344615	232.05	220.1724952741021	243.67173936631946	254.98967286775274
5.4874420960425425	98.38274992846621	235.3846153846154	241.59393473251026	201.8661993465279	255.0	158.62115596666968	158.62115552628848	255.0	255.0	224.40000002244	20.123703131559154	217.3969216976008	217.3969217202768	133.01731050837986	133.01731082177787	133.0173109917855	133.01731050837924	133.0173111594007	159.44720894602858	133.5291253658968	133.52912535095317	133.5291253658968	133.52912538289075	133.52912531182312	216.36363636363637	223.01432291666666	238.9189189189189	238.69527649769586	254.9813485653383
223.99251649302025	255.0	169.76514915475138	204.3177098185135	150.29023248210896	150.29023241174735	201.86619904478775	201.8661990415468	201.86619904478775	201.86619904478775	201.86619906885218	185.45454538500002	170.0	38.83888333034753	159.94318529233203	159.94318530434063	141.8799116967691	133.0173095621335	133.01731052049394	133.0173108866232	133.529125309854	133.52912537051816	133.52912534890285	133.5291253705182	133.5291253149149	220.44956413449563	214.54326923076923	9.260228629066944	223.125	210.79548689880068
0.29039812715464564	222.0369719422112	121.4708745780604	121.4708745780604	150.29023254040445	150.2902325224864	150.2902325224864	150.29023251463886	201.8661990415468	201.86619900696724	214.2	255.0	161.8871652522563	203.4881345439057	203.48813478434343	38.83888347024427	18.402351578559234	118.94308631203441	73.93899935464975	190.29850746268656	172.88135590363402	133.52912531182312	133.52912535095317	133.52912534040587	133.52912542193957	175.3125	183.8211382113821	165.83214833013386	249.76025176083706	246.69767441860466
250.98075881423412	139.03703093488934	121.47087468508508	121.47087465959413	121.47087468817693	121.47087468817688	150.29023251463886	150.29023248665027	173.37327398757546	134.02854290821654	106.40283770851488	174.36191973458108	115.2220004673641	51.51186521565657	51.51186545609431	159.8242689637834	118.88199409369415	108.89701949292785	190.29850742945536	89.41558448896842	89.41558439488634	104.70976751334973	104.70976748536114	133.5291253118231	133.5291253118231	167.25806452983872	160.76086956521738	212.24324943547816	210.79548689880068	233.14285714285714
250.98075881423412	139.03703092269996	121.4708746881769	121.47087465109715	121.47087464904683	121.47087464904683	121.47087462948181	158.566261930257	192.59567738240986	99.35505328873873	99.53606726287546	98.35471930577276	160.7662888952217	91.7146543978468	91.71465431123013	159.82426890088027	91.71465451363923	91.71465445950199	91.71465414323231	95.05681469565934	104.70976748536114	104.70976748536114	104.7097674775136	104.70976745959555	104.70976751789104	178.5	160.76086956521738	183.8211382113821	12.773044689726078	115.8568089739369
139.03703095246834	139.03703093928408	139.03703095147625	121.47087462948181	121.47087463410321	121.47087463410321	121.47087469014599	179.92771455571773	159.67543988955768	159.67543988144251	95.03801891163553	102.66314776622559	91.71465410519886	175.22233392742137	175.22233395266653	141.9474821153138	141.94748216809614	95.056814707668	163.68877216424102	94.91144765417118	180.8181818181818	76.1441902313253	104.70976758825262	76.50089613427849	170.0	164.6875	13.406065267489737	151.4799673948101	29.881501052124037	246.16512854301914
203.68556895391401	139.03703089392366	139.03703092609982	142.40825328153943	121.47087461710925	165.77617373538658	162.5239739582905	179.92771456935446	159.67543988297834	96.85658353809325	88.20431658293188	159.67543990158194	159.67543988643243	159.67543993133745	158.56626192261496	128.19935780647216	128.19935784204068	123.58752267790709	163.68877211631292	94.91144758365994	76.14418989463294	63.5698973754418	63.5698973082165	63.569897375441826	63.56989788656699	159.375	186.0892707540482	250.20308716165306	245.9802677413701	255.0
203.6855687211468	203.68556874069378	139.03703093229205	165.77617369854042	165.77617364957138	165.77617366642588	165.7761736021968	148.1751277486993	85.91467918323352	83.88413443830174	88.20431658293188	90.17154161668532	159.67543982052996	159.67543989148226	130.13172085251375	130.13172083130343	130.1317208304713	123.58752264648649	130.13172087395373	45.671291597612	63.5698973754418	63.569897312589035	63.56989728116267	63.569897308216525	63.5698973082165	159.375	186.08927066430186	78.3268223802105	149.82074133919838	50.806252099826764
203.68556872776935	203.68556874050307	203.6855687532368	94.99424144864417	165.77617367102516	165.7761735229808	165.77617370590468	162.52397396710285	81.65380029662364	148.17512766461817	148.17512771887317	148.1751277766843	148.1751277001585	148.1751277001585	148.17512772043472	88.20431658293188	130.1317208188884	130.1317208375109	130.1317208375109	45.67129156999155	63.5698973754418	63.569897312589035	63.569897281162696	63.56989730821647	63.569896729865974	186.08927062205782	186.08927064011823	171.45305070095924	58.95436084053051	3.5065213544368703
224.41615954287295	203.6855687211468	203.68556870256197	153.42420806433068	94.99424144864417	94.99424149254489	108.50332100844685	78.24210357271014	74.38095814830325	79.50038715490305	148.17512767988234	148.17512767988234	148.1751277222818	148.17512767988234	148.17512771887317	148.1751277609871	83.88413443830174	148.17512775409654	130.13172078638638	110.29252179417122	63.5698973082165	63.5698973082165	105.41994266965816	103.2446459328743	137.06879961937915	51.73243329223848	127.5	204.0	177.67567827701777	245.13671944764027
253.76299065754313	166.88213328978782	203.68556874050307	153.42420815221234	153.42420812853015	94.99424142021834	94.99424140600541	70.79906269705296	76.76514881666643	11.973575246861202	11.97357543361241	11.973575254942148	148.17512769946245	148.1751276890471	148.17512771347597	148.17512770665877	148.17512773108766	148.17512775409654	148.1751277204347	133.37083584664026	133.3708357751527	153.00000002280788	133.37083565024176	115.33074779398086	117.15479915353163	154.38923522375688	127.5	204.0	0.01324010719528701	0.0
109.68656380318882	76.76264897999997	214.4309327253331	203.68556877978776	153.42420811668904	153.42420810043296	94.99424143016324	94.99424141781807	94.99424141164548	121.83059316	11.973575013231311	11.973575011343854	89.79293106963158	142.7974109705533	148.17512767988234	148.17512771347594	148.1751277001585	148.1751277204347	133.3708356990644	133.37083573702898	133.37083573702898	133.37083578042262	101.4747022250439	101.47470221	101.4747022250439	76.61794247912562	154.38923522375688	147.7607278697176	223.98972514970575	44.15704850383315
160.36885391609667	76.76264894285057	76.76264889500001	76.7626488525	214.43093280954756	153.42420811848407	153.42420808116566	81.99055398106242	81.99055401204674	71.5920562703447	71.5920562983732	71.59205627818153	11.973574922193023	89.7929310257991	119.68127996982233	119.681280030458	142.79741097881845	133.3708356502417	133.3708356990644	133.3708357153322	133.3708357036652	122.19346575184767	101.4747021675	101.47470222504387	76.61794251449277	76.61794247542832	61.04660656008079	254.46820085650575	249.00544334436842	125.64431230637791
123.65791805323397	224.41615954287295	76.76264888747806	76.76264890593558	76.76264897999997	56.03655576420428	171.1528740146109	171.1528740188914	153.42420790073965	9.126583727962725	9.12658382587199	9.126583912336514	71.59205611033059	71.59205621760637	69.34356017333192	76.36766198081435	133.37083524713532	133.3708356502417	133.37083562527647	122.19346553533109	122.1934656084176	101.47470229500001	101.4747020476236	76.61794250614781	66.2987537890582	66.29875379008209	28.555715745928325	150.7193269542694	252.86776547808785	45.478980464520276
5.352583959987527	160.36885391609667	21.295062819338654	76.76264886544314	49.85804070278303	255.0	53.37423104526479	66.72123186679684	74.68777074986073	121.34249176507916	121.34249153055936	9.126583825872018	9.126583774446942	9.126583848205115	71.59205612979	122.193465405339	122.19346538081493	122.1934654566825	122.19346549200034	122.19346547033504	101.47470203999998	68.37331730116784	68.37331731472389	66.2987537890582	66.29875379008209	46.8781484813849	182.12990281289	121.89325372677459	99.522302460969	250.23039339423616
68.62281707808057	12.125706053704619	64.68959168454549	55.53708517800305	129.19444777909052	10.445429650873649	10.445429650873649	10.445429675143515	10.445429649351269	121.34249150748175	121.3424914865974	121.34249165150248	121.34249153525252	121.34249159395134	121.34249155958014	70.86142374103707	70.86142370637603	70.86142372528514	68.37331727405561	68.37331730718543	68.37331729438978	68.37331729111577	68.37331725897644	68.37331725897644	155.65596279056598	156.3525342773827	134.80571934715164	57.48914993072401	235.00649237639044	254.87691364329606
22.243289001182205	46.06926598593952	27.01249382867556	50.33831008208182	40.333365616098604	6.775405701666898	10.445429655440876	10.445429605535878	10.44542967009977	10.44542967142209	10.445429668777422	10.445429710938413	20.502244851373945	70.86142372528514	70.86142368904552	70.861423710232	60.02079283948075	60.02079289602921	60.02079291478228	60.02079292415874	60.02079290046254	72.58873882319392	72.58873884494156	72.58873875795103	82.77595861339341	156.35253413506442	156.35253414793394	3.1080952769990517	1.968388634357666	6.602773631655566
10.132860315377144	10.192811733909622	12.203301727616406	20.153980423092747	25.116964407997898	27.01249382867556	29.759449172067548	35.642129522906544	46.96371222022785	10.445429605535878	10.44542967009977	10.445429675143515	10.44542972368319	70.86142359703857	70.86142366274737	60.02079288278719	60.020792885217105	60.020792890298964	27.132266605728034	72.58873885263964	72.58873885263964	72.58873871675019	13.10051519620339	82.91372115739233	156.35253399644353	156.35253416029337	156.35253415116733	3.369245762246152	136.1159071374694	0.0
1.0228886106935988	10.050351048975898	10.160976263119949	12.319017457205632	0.11412874305179344	22.831236547079044	1.5337403345773737	32.57536585338528	35.642129522906544	27.01249382867556	32.57536585338528	3.5893330247928077	10.445429637817824	10.445429723683162	0.0	5.564894459761831	5.564894477543618	72.58873888843681	72.58873885263964	26.291451028024085	24.584107900573798	5.795195333699212	4.319891892391837	1.3254922316660043	20.283443501017388	156.3525341232151	156.35253405403938	3.7811446744862565	0.77890849148082	0.0
