254.7150309632089	254.62993197407408	254.47858779095344	254.2728332013249	252.14141995896796	250.19623240685095	249.07516433177636	244.0953947368421	244.8	214.2	157.11660473741796	250.44642857142858	238.850316592593	253.86666666666667	36.09423240969261	221.0	240.833333339	222.80786258511742	240.833333339	216.75	247.27272728045455	246.9539638640197	235.7221620085518	235.7221620085518	243.29010900986006	249.69947979312232	251.52025056792218	251.3070478210062	254.46493133333456	254.39625496982953
254.92683970081708	254.139375	250.87109826924927	245.28571431	250.1962323324176	249.0751666784371	247.27272728045455	235.21467443868582	237.5535661557125	150.89995333397343	247.34247936411936	229.929449325	250.73650720517173	156.4772726383652	217.32954533106275	32.604180681029504	230.03415300546447	238.48780860510104	224.52830188679246	200.47173873429097	228.87311376156586	227.48931311167158	228.1541062331444	238.9753092906111	235.10091336216925	240.89110888861964	249.5292423433273	249.2625	251.3070478214889	252.96
254.14832847921417	250.46666666666667	244.70231445138333	252.96	224.93448351310875	235.2146744851887	235.7905389369784	235.79053774789386	221.5413284927156	227.109375	227.10352808731886	225.25425466690334	120.44490716671575	219.58452801112182	115.46661089575724	24.769444137124424	207.88906097487583	201.0958623514953	193.29246466679754	221.24547210125507	218.78562203797364	203.21083172147002	249.83108108073182	216.75	231.5919928026215	238.50673955566558	239.85070662479873	251.3280820663125	249.24020903543087	253.11838478396467
195.43973795578128	254.21296296346668	231.79632520868742	247.63336197351822	247.20202559744575	124.73566973566975	227.678571390625	221.54132843604472	220.14112922593975	163.2	246.13899613899613	65.48314432188906	233.75	204.1677286742035	65.48314432188906	205.22909624252395	237.8319294015185	22.739281536719517	244.0773178432996	214.73754327444533	214.0708249093259	205.17043353568107	205.6963095124039	204.0	216.75	243.5066241294362	243.29409942891357	239.8507066258938	244.8	249.41820276497697
250.1203410000778	226.32685920735207	31.315896905275736	233.0330166856263	100.85819906431442	93.46153846153848	222.4259405097722	230.76923076923077	201.84740282564943	219.45838696956417	248.31835339300702	190.3846153846154	233.75	190.93403342362421	200.680473495	201.875	157.55865663070597	184.9554565701559	184.9554565701559	200.57784351676145	193.29246464771018	193.29246465008055	245.19230766967456	176.53846153047337	229.5	242.85714285714286	231.28919947129083	239.85070662058652	245.33569715924602	252.45
170.52099099910305	125.71838285989477	253.1267775348897	86.67966136476713	166.74448532475466	51.22674355409259	178.23735127499998	201.84740258684283	189.78650802136846	201.916662547212	87.13312706625837	191.25	170.61818181818182	204.0	153.0	238.0	89.58842443094628	157.5586565407841	157.5586565407841	192.81731417638713	206.16549623920636	182.25363355128246	149.22222222222223	155.06756756756755	193.8	193.8	182.14285714285717	215.18889394629042	211.12181069958848	246.83830501154958
227.04990510908172	16.29942796140341	1.4830915634279904	255.0	178.23735113097945	178.23735116789447	191.7522233266887	189.7865074030122	199.89406801802284	198.27382423125002	214.46176166652586	63.75409539239905	72.09009319986194	72.09009319986194	16.09473115617473	90.69741345178645	132.19680774131663	176.14305881642903	176.14305882865955	150.52331597235232	181.58327859155384	157.55865663070597	179.94915694781082	179.94915694666196	166.8624160793855	225.26187150167232	225.25000000170002	181.06508875739644	230.85504893769397	246.83830501186185
11.971856691433402	222.922663894822	35.370833913516805	178.23735102	178.23735110500002	178.23735111252194	178.23735113455692	176.50445853143032	198.8770296544664	199.89406785851048	164.95577479194338	151.50575153796902	13.535031847133752	72.09009319986191	173.56441032806615	194.89592360746497	161.8871652437	180.95177393260025	156.23892468152354	181.58327853526262	148.53155555764482	117.69230769230771	159.08314604889273	138.16998792674127	191.03389827475726	191.03389830508473	184.94505494640984	192.10888161614093	230.8550489305185	240.312
43.7342268398597	245.34553293021858	25.15371167827857	196.15384615384616	196.15384615384616	189.55608177734427	176.50445853143032	176.50445821223096	176.50445823800362	178.23735101999995	202.6730139361075	151.5057514324638	55.83374091246364	13.535031847133752	184.4216778020343	13.535031847133752	145.79441313544214	170.63365329195904	130.07602309131408	174.3619196689565	140.96053314752146	192.9034582132565	109.88372093023253	159.08314596678946	154.714162597078	191.25	178.5	166.75050301810865	192.744140625	235.3846153846154
176.18173724186767	168.91036684050326	5.723256160090671	58.84615384615387	169.12143479973238	186.08927052513167	176.50445814586328	176.50445819934464	176.50445821223096	176.50445823800362	202.67301389319806	55.83374092152238	55.833740729991916	55.83374061597095	184.421677823713	167.4868735015497	167.4868735015497	169.73721980098378	135.6390924303372	135.63909246955598	167.90091848011824	144.54133825255747	144.54133823238757	150.08335392375	162.89249191603892	154.43587781879387	172.18175514568156	155.390625	207.8025056078178	251.52916666644
11.228444073944928	247.5240865174999	5.079067937768031	186.0892707540482	186.08927066430186	186.08927064011823	186.08927062205782	176.5044573747292	176.5044579530798	176.50445773565474	168.30000001682998	55.83373945093689	55.833740729991916	55.83374094695847	55.833740898653616	153.4596509015035	153.4596509015035	12.349600442346315	90.76439687714449	135.63909238044408	135.6390924231113	136.06600893596203	136.42080382367917	136.42080372869322	192.64678495574287	162.89249191143924	169.218	191.25	192.744140625	250.89211637321318
168.22075911500863	9.80206376664529	58.84615384615384	158.24414170929697	134.92552669983712	186.0892706280264	169.5586450111735	169.55864449014123	186.08927055606267	186.08927069116817	168.30000001682998	50.19329678107346	189.6847468619199	189.6847468525305	11.229742188702573	11.229742428806333	11.229742672108529	11.22974218870192	11.22974331479594	159.6598816541385	121.94760011217545	121.9476000837924	121.94760016568782	121.9476001486272	121.94760020522048	131.36363636363637	155.390625	167.7027027027027	167.54572292626727	251.3280820663125
43.7342268398597	194.2674012294443	169.76514915475138	155.65596279056598	154.1553993944937	154.1553993495835	134.92552639809696	134.92552647917762	134.92552649867702	134.925526548967	134.9255265408837	137.30769218999998	148.75	123.6703940465801	200.88192705002126	200.88192700826968	144.61185346301983	11.229741169161969	11.229742456542567	11.229742220635075	121.94760011450586	121.94760002307837	121.94760011139871	121.94760014629509	121.9476001098451	119.84682440846822	130.25841346153845	31.377117577169486	199.92	30.994925776126195
252.3742955002105	42.40528844360006	133.05239999717958	133.05239999717958	154.1553992944469	154.155399276068	154.155399276068	154.15539926738245	134.92552647917762	134.92552649974633	122.40000000000003	189.1592832044682	93.72383937307688	134.84679909432617	134.8467991899695	123.67039401921878	46.04038542950548	9.61639156263351	123.16219026976452	98.955223880597	95.0847457275496	121.9475997123536	121.9476000837924	121.94760008425413	121.9476000028204	95.625	39.39024390243901	46.941333697451455	124.24651032328526	246.69767441860466
141.92045027144684	139.03703093488934	133.0523998901549	133.05239991574587	133.052400041213	133.0524002876464	154.15539926738245	154.15539923931027	120.0480368434807	113.14138915514471	106.43262291721422	140.9605331234972	117.49196996380692	120.15320081003048	120.15320090567383	72.10166915764844	117.8873267703394	8.611399940358865	98.95522385418246	107.32736011231401	107.32736017329543	100.84460076068973	100.84460073261755	121.94759995878704	121.94760020522048	109.67741936854839	127.5	6.710619656137311	30.994925776126195	233.14285714285714
141.92045027144684	139.03703092269996	133.05239979477955	133.05239988860131	133.0523999162076	133.0523999162076	133.05239997692163	70.06245736550193	95.06925363172851	99.23436611624422	99.55371626491623	115.04282948383323	122.76649052193446	6.4025415124741585	6.402541049328562	72.10166925944571	6.402541113871166	6.4025411680083835	6.402540634792331	54.118072991730315	100.84460073261755	100.84460073261758	100.84460072393196	100.84460070555309	100.84460060550632	107.10000000000002	127.5	39.39024390243904	221.29466968959895	233.04802957720452
139.03703095246834	139.03703093928408	139.03703095147625	133.0523998537049	133.0523998343122	133.05239988782452	133.05239988549414	73.54922000931151	66.77945925081983	66.77945925179861	91.54232772576609	90.26700653262091	6.402541054641517	125.33135511259835	125.33135509955196	69.57392095646227	69.57392094727658	54.11807294997871	74.93339497467883	65.92831886096229	78.81818181818181	92.66813767915514	100.84460065041648	93.7491232062768	85.0	95.625	96.75585829070309	179.81930128767232	129.40966618149105	248.8124315980798
28.24036914114933	139.03703089392366	139.03703092609982	122.59854553850832	133.0523998513728	68.74857795978747	72.40395539861817	73.5492200541768	66.77945922022852	90.00638052691644	46.642492133662245	66.77945924353347	66.77945925414645	66.7794592814111	70.06245736275315	65.16831813341543	65.16831818122483	48.40315534903297	74.93339511418472	65.92831882614317	92.66813771279104	78.49554176199638	78.49554204692024	78.49554226434526	78.49554262527076	79.6875	61.54312464535451	89.26081183715948	212.0624168011393	255.0
28.24036940028509	28.240369389527643	139.03703093229205	68.74857795498306	68.74857795978747	68.74857799106414	68.74857806322626	59.34495089508877	85.92770387967343	85.2687776917058	46.642492133662245	90.88935871319453	66.77945916248146	66.77945925060874	61.20693931010109	61.20693929072664	61.2069392920034	48.403155305567935	61.206939430942754	52.32698610680197	78.49554176199638	78.49554178776901	78.49554180065539	78.49554185413672	78.49554204692024	79.6875	61.54312466606723	234.4885146397611	159.73745299287003	50.806252099826764
28.24036923126951	28.24036935081861	28.24036947036771	76.86834869678364	68.74857795978747	68.74857792508351	68.74857768692232	72.40395540299133	81.38309750433962	59.34495089508877	59.34495085794018	59.34495081947733	59.344950856614105	59.344950856614105	59.34495089375099	90.88935871319453	61.20693928413547	61.206939313037196	61.20693929402222	52.32698606389246	78.4955417619964	78.49554178776904	78.49554180065536	78.49554185413675	78.49554146856968	61.54312470324399	61.543124691208334	189.88104068914538	5.781547539282826	215.63620378091355
43.773118886396276	28.24036940028509	28.24036939066832	91.30116214391177	76.86834869678364	76.86834881751298	84.68137021835298	78.25387324038817	78.79328164591016	78.84311299303016	59.34495072267535	59.34495091627926	59.344950846703796	59.34495091627926	59.34495085794018	59.34495087122269	85.2687776917058	59.34495094347375	61.20693925580812	53.06340143930785	78.49554146856968	78.49554175774497	62.497381663624026	53.40479914863769	60.914572365789496	66.62540511268074	102.0	204.0	203.548306915986	196.85388045622182
5.079067937768031	60.66363235609373	28.24036935081861	91.30116208594768	91.30116211121592	76.86834867378178	76.86834866228082	70.87043267029952	75.28183363462765	31.24608508939741	31.246085116698282	31.24608475685943	59.34495077452141	59.34495086283212	59.3449508305755	59.34495089508877	59.34495086283212	59.34495094347375	59.34495089375099	52.783789891490585	52.783789622761674	58.36161540657767	52.783789620438796	60.79778577065244	52.06461653457404	27.526164771223307	101.99999999999997	204.0	239.95799381438573	160.36885391609667
163.41933966788224	56.57143124999999	93.30107355345544	28.240369368012608	91.30116206480812	91.30116211146128	76.86834864864738	76.86834867179687	76.868348633663	81.76161389999999	31.24608470713312	31.246084742404264	37.278351994727075	52.67762147691221	59.344950819477276	59.3449508305755	59.34495085661413	59.34495089375099	52.78378961242052	52.78378966383238	52.78378966383235	52.7837896855292	39.499999803047444	39.49999980000001	39.499999803047444	30.959623473118512	27.526164771223307	146.8927447241437	1.2057809979017122	109.99989928976089
254.68394187614024	56.57143117793993	56.57143116500001	56.5714311225	93.30107365524316	91.3011620952361	91.30116204366854	88.5682932977671	88.5682932878286	4.765590999326662	4.765591119524316	4.7655911181801685	31.246084729812594	37.278351991920914	35.00827867858675	35.008278732943864	52.6776215071865	52.78378962043874	52.78378961242049	52.783789620438824	52.78378965378536	40.133156510652015	39.49999980000001	39.499999803047444	30.959623416422374	30.959623405088962	85.74827458338453	199.02611926172875	105.71925208685562	187.587125336237
168.2803089808282	43.773118886396276	56.571431122567446	56.57143117793993	56.57143124999999	52.285599525167726	97.441343369294	97.44134345921589	91.30116204656039	23.96824869971337	23.968248882320523	23.96824879585597	4.765591059460434	4.765591114147952	69.1753328057811	78.89209204900888	52.783789291985585	52.78378962043874	52.783789622761674	40.13315654544411	40.13315646354394	39.49999980000001	39.49999959871187	30.959623399757334	46.165862214116856	46.16586209600598	199.0402210403547	49.40171072067156	26.71627887460835	254.98879438200967
0.011963686372098437	163.41933966788224	222.02302500596767	56.57143120250862	49.92624869663365	50.86577077588484	55.977504045458176	59.345294536900184	57.47784929317484	17.639781308804686	17.639781564424055	23.96824876703451	23.968248840505453	23.96824868677166	4.765590952475037	40.13315628545999	40.133156487098006	40.13315647924668	40.13315650211342	40.133156480448065	39.49999980000001	30.959623416422374	30.959623473118512	46.165862214116856	46.16586209600598	46.8781484813849	182.12990281289	254.7409127314952	250.29993856000834	248.08792256272164
73.56011045137842	84.87810368086045	40.17294951941594	41.40005631002998	96.27562641868838	41.680919287484045	41.680919287484016	41.68091929784768	41.680919318575036	17.639781653419135	17.63978158728645	17.639781685367126	17.639781673692397	17.63978167700091	17.639781716895385	29.1813336686657	29.181333626159102	29.18133362762569	30.95962360637742	30.95962343002705	30.959623388074306	30.959623399757334	30.959623405088962	30.959623339217927	3.603123976254068	156.3525342773827	28.91869947424138	57.48914993072401	165.45843841332896	135.642356194204
83.99167979697205	60.94020650756272	20.548416842969345	21.50232235869504	17.22864807885489	55.84380916237194	41.680919194210986	41.68091927458755	41.6809192907285	41.68091929600516	41.680919285451864	41.680919346498	58.04042123387288	29.181333596356808	29.18133360490583	29.181333598742327	31.63492241576182	31.634922326899698	31.634922308146713	31.634922298770135	31.634922188820525	28.2558618823592	28.2558618789904	28.255861892465447	114.8177353377092	156.35253413506442	156.35253414793394	93.17686079357756	4.142285748811986	15.5639372242822
10.100999205184564	9.464901722471325	12.247229857035904	17.765628853234233	24.258651635735134	20.548416842969345	30.023417008300868	34.24016530082338	46.96371222022785	41.68091924768592	41.6809192907285	41.68091929784768	41.680919318575036	29.181333380668747	29.181333533819043	31.634922319920264	31.634922310326544	31.634922269824557	35.6698600727978	28.25586187997797	28.255861879977914	28.255861730315672	52.10880364579657	191.9817856261043	156.35253399644353	156.35253416029337	156.35253415116733	78.47476168998023	101.60444692740145	0.0
1.0700605138155197	10.298056301088081	10.10408355985706	12.247229857035904	2.6787698547820185	19.33078732987579	12.537951930644226	27.01249382867556	34.24016530082338	27.01249382867556	42.768578068619036	14.214236831995947	41.6809192907285	41.680919318575036	8.19095797599445	47.82878236992096	47.828782413744705	28.255861872252922	28.25586187997797	20.749808367336158	19.37339415290012	5.216076389522755	1.0739092694825274	7.3348059452499115	20.283443501017388	156.3525341232151	156.35253405403938	207.09172548330184	165.27158722281504	0.0
