254.927875226343	253.83357838296297	221.89636146343355	218.7980090425787	219.7314320336752	185.8834248798077	153.99591040642423	94.69298245614033	130.05	199.46666666666667	13.289018815962407	72.85714285714286	196.5281280533009	226.66666666666666	249.3131016657526	221.0	225.857142862	125.98065351205915	225.857142862	152.3625	218.57142858136365	236.96283014501452	32.57220133101586	32.57220133101583	253.06752287959682	47.26316130791977	254.79290864979063	234.54839281849704	253.12668336225627	253.78669821047842
254.97920911392586	238.37208351496704	252.88540525257417	237.75362319333334	232.50119447802197	153.99590788524043	218.57142858136365	171.85058998864787	165.11697795800302	12.565472919364453	253.86210572234674	167.53500000000003	56.44703202705767	139.09090901188017	156.4772726383652	244.36946457353858	100.56010928961751	176.86065484683232	126.04202401372214	224.24737785969512	250.85326894407413	227.67273569253123	237.33917714775308	179.2422015088511	234.47211336909555	241.08440208152984	185.6994094670644	213.68840624999999	234.54839282586937	253.0461855391554
254.43267081843007	250.46666666666667	235.61331067958048	167.53500000000003	231.79632520868742	171.85058992613384	118.36591401402802	118.36591264553797	145.50290134948614	69.0625	82.2010634531106	153.08319771715003	8.9478519329339	167.66642941237498	8.506935022411255	235.64837497958518	126.28537033925389	155.02662843097093	145.3687131141986	124.173849022171	220.2548818951425	241.76499032882012	217.8330115829617	252.6818181795	231.5932258339542	238.65203355943987	207.5770952003178	189.71088194641044	231.75812696574832	254.89354628334752
195.43973795578128	251.66938775533333	0.0	246.75192790548007	234.19063876100546	47.78883278883279	127.03804359374999	145.50290134488097	150.96882083220845	130.05	124.73566973566975	71.82150069908343	42.5	71.42096608427545	71.82150069908343	188.68389276146027	204.2461004953874	228.44863141972368	222.70931771698278	214.98717039301988	215.02358635893228	221.2353262884456	236.3332798848553	204.72857142857143	252.6818181795	233.32410810027628	215.3602939081727	207.57709520366964	245.08934693877552	254.90140313424442
33.45021006283821	28.058562256748473	170.70135117335565	174.1680696436964	208.63160711803832	33.46153846153845	109.15533610263523	93.46153846153848	115.90909080003101	113.84908743359395	100.86377151482478	65.7692307692308	42.50000000000006	112.38117703488015	130.05	72.85714285714286	245.74692652976427	16.848552338530055	16.848552338530055	200.37497200316483	145.3687130786259	145.36871308394484	229.94505493959525	219.23076920931084	229.5	208.45238095238096	206.90273026586127	207.57709518705593	253.57632270226964	252.45
249.94261159276354	111.48066910309208	243.48365686884637	51.9856167518283	97.47335035776231	237.01909824106318	39.49999979999998	115.90909087273758	100.76413270049235	77.8716260854024	238.97988637213598	42.5	51.00000000000003	76.5	136.0	170.0	6.214960136835202	245.74692650160108	245.74692650160108	240.08484525426636	185.51420387324598	225.07108355067743	160.38765432098768	236.5171990125	225.250000017	225.250000017	199.14285714285714	254.0714610832954	219.8960942945689	254.69457568602996
44.960999582386876	27.622541397230293	19.81865991713434	71.54433203101127	39.499999803047444	39.499999803047444	99.23354290842357	100.76413213345108	74.53303356523108	88.51205581875001	28.2766471634543	3.9818197359545877	4.6651708664135185	4.665170866413547	204.8844800552167	0.0	153.28504999623544	208.5037648671346	208.5037648603464	183.99704785353782	207.7039804965931	245.74692652976427	192.32085008907043	192.32085009395104	197.66778520173358	238.87170789617497	238.2428571414	248.96449704142012	253.13151507944616	254.69457568606862
40.28953142899104	6.323394159208846	85.16197275123878	39.49999980000001	39.49999980000001	39.49999980304747	39.49999982020208	85.97354727431087	72.89412402923517	74.53303340100575	30.409637072258334	123.31927544548742	195.8067940552017	4.66517086641349	117.08907696281011	168.7942660404613	161.8871652437	81.61874325048319	93.2206363400642	207.7039804656844	193.14858209811155	215.76923076923077	236.45241104285896	206.93442853081598	245.63559322004596	245.63559322322035	237.17490842322107	252.27218946433376	253.13151507853726	251.5291666644
7.550436421661203	97.50887235880919	1.8353680998012294	58.84615384615387	58.84615384615384	58.23251465303704	85.97354669596032	85.97354705992322	85.97354719914495	39.49999979999998	96.77505886787978	123.3192753640208	3.363855273541958	195.8067940552017	89.69546362672034	195.80679405520175	101.00157567100297	0.0	167.90091845002974	174.3619196689565	141.77803088981193	155.79250720461096	144.06976744186045	236.4524109717005	242.61993680071242	245.260416663125	238.772727282	245.8112310220322	251.93101671006946	253.9074185363702
3.524689989934842	224.74032421622164	23.984023993973096	19.61538461538464	65.71089219281566	16.60804412251656	85.97354708152736	85.9735471158996	85.97354705992325	85.9735469479705	96.77505884856757	3.3638538157347853	3.3638544291761434	3.3638547697391346	89.69546361351763	244.06089691458158	244.06089691458158	170.62987318608708	91.97386093013654	91.97386095650549	189.63126567877413	157.498742243837	157.49874225584858	230.4921214875	232.17646995760725	206.30111125987415	243.20672910015608	241.60807291666666	252.4638127104243	253.89881632626
52.66636091545138	91.94307972138157	202.56498188835525	16.608043893600097	16.60804395952053	16.608043924223153	16.60804396493586	85.97354669596035	85.97354698513558	85.97354694797045	23.37499990883748	3.3638544030355604	3.3638544291761434	3.363854981093027	3.3638547649646853	29.26482208259074	29.26482208259074	190.96960702719355	99.6740583382458	91.97386085907496	91.97386091336728	212.5595945270684	217.12440078092897	217.12440092933994	87.10009774490828	232.1764701092797	228.888	245.23865784499054	251.93101671006946	189.6222782216363
143.39732333320867	255.0	19.615384615384613	7.62443961263503	20.20053371559115	16.608043906574466	52.32650496562704	52.32650489237528	16.608043886145452	16.608044052462702	23.37499990883748	3.035842333219989	105.565186837142	105.565186823078	185.9554235593356	185.9554240423832	185.95542404274153	185.95542500955412	185.9554254376871	159.72561458307473	222.00414275070403	222.00414276766975	222.004142750704	222.00414279099508	222.0041428391851	203.07272727272726	241.60807291666666	230.40972972972972	230.19405241935485	189.71088194641044
7.550436421661203	60.83709058427888	42.40528844360006	3.603123976254068	51.53967981400453	51.53967984154008	20.200533413851048	20.200533561480455	20.200533615011125	20.20053371559115	20.2005336166215	76.5	42.5	8.733218299920907	109.30035700019539	109.30035704385406	140.62240469375553	185.95542152309451	185.95542387185066	185.95542408811184	222.0041427645525	222.00414273191208	222.00414278176274	222.00414273191208	222.00414284388017	173.1967621419676	201.36418269230768	170.72442308525956	167.53500000000003	141.6251640884476
131.56042988381478	13.619868011328208	32.99585726314453	32.99585726314453	51.53967982310593	51.53967981696121	51.53967981696121	51.53967979799282	20.2005336270025	20.200533623542213	30.599999999999966	107.77568139329088	80.80183696608975	236.259645204642	236.25964552219824	8.733218336555922	2.7720044624539355	172.1166371094285	183.08493475932033	110.37313432835819	198.81355929566217	222.00414259275163	222.00414276766975	222.0041427972921	222.0041427368555	196.5625	43.536585365853654	47.70148053283259	12.738334299928738	246.69767441860466
156.60178767589392	28.240369389527643	32.995857156119826	32.995857202707924	32.99585716081489	32.995857407248366	51.53967979799282	51.53967980467178	59.775787741510754	28.2766471634543	106.46837364393218	41.65169310899307	120.25459499606285	18.74035447780176	18.740354795358	117.74557926865972	118.65431896792825	160.63042374920832	110.37313430109157	195.8627086529189	195.86270876420454	203.46032019532822	203.46032020200715	222.0041428391851	222.00414259275163	200.16129033629034	205.1086956521739	230.23186772808833	141.6251640884476	233.14285714285714
156.60178767589392	28.24036935081861	32.99585716081492	32.99585721823726	32.995857232330195	32.99585723233025	32.99585726808792	42.329124949132506	21.55494761687791	99.52842082703677	99.69729781057947	106.76383164667132	73.55644263290142	144.8721313205782	144.87213101063847	117.74557931813234	144.8721311121477	144.8721310580106	144.8721311342766	145.6996429561459	203.46032020200715	203.46032020200718	203.4603201830388	203.46032017689407	203.46032018599547	173.39999999999998	205.1086956521739	43.536585365853654	248.62582479382831	230.59454384025997
28.24036914114933	28.24036940028509	28.24036947036771	32.995857268087946	32.99585724929602	32.995857249295966	32.99585723544749	24.248708124610857	32.03451933466545	32.03451935297329	92.440820368765	90.99103382795874	144.87213091925256	70.0149302109607	70.01493021995853	129.11963083654751	129.11963089906436	145.6996429998046	84.69401565332481	133.01452694748457	125.18181818181816	183.02561963000892	203.46032015845992	186.87090559931795	153.0	196.5625	247.375560387365	24.270867747105058	85.56935815135054	251.41639755422938
8.731527656174563	28.24036923126951	28.240369368012608	39.93505033746132	32.995857209004924	14.05643554320855	23.26263741166784	24.248708099037657	32.034519336876485	77.26432122034694	110.20681453349508	32.03451931127955	32.03451935689668	32.03451933245438	42.329124966478645	103.29606984262466	103.29606986782397	58.66916092141503	84.69401567378483	133.01452691862858	183.02561964683954	169.02645305202952	169.0264530148644	169.02645305202952	169.02645330403965	143.4375	186.0892707540482	213.92391898672963	87.84314013241334	255.0
8.731527937604568	8.731528031414541	28.24036939066832	14.056435562108334	14.056435543208579	14.056435559385278	14.056435553939195	35.35893171713326	85.94130622189545	46.642492133662245	110.20681453349508	96.12488546591402	32.03451939233156	32.03451934169095	61.754143109595304	61.754143109949894	61.75414312065544	58.669160895665556	61.75414314277572	158.22494115143246	169.02645305202952	169.02645294007675	169.02645288410042	169.02645291847267	169.02645272568913	143.4375	186.08927066430186	131.4221584488545	85.53473279175054	221.29466968959895
8.731527857851972	8.73152804552069	8.731528106632453	16.60804412251656	14.056435543208522	14.056435536112929	14.056435537600919	23.262637386651278	81.98620787609411	35.35893163305218	35.35893165698715	35.358931681378095	35.35893167466665	35.35893167466665	35.35893166795529	96.12488546591402	61.754143128766486	61.75414311955663	61.75414311955663	158.22494113212025	169.02645280085508	169.02645294007678	169.02645288410042	169.02645291847267	169.02645330403968	186.08927062205782	186.08927064011823	206.7555113381606	166.51625384142454	247.76571352574965
254.68394187614024	8.731527937604568	8.731528023705607	42.117515218894965	16.608043893600097	16.608044052462702	54.62429538117445	78.58985027185321	80.41735861683387	78.19733637599535	35.358931681378095	35.35893168137804	35.35893164179632	35.358931681378095	35.35893167800745	35.358931654532455	46.642492133662245	35.35893175042963	61.75414314277572	135.30228754739267	169.02645272568913	169.0264530148644	136.74658163910016	132.92804379690403	119.99695416313926	174.54658696286845	76.5	204.0	149.07014532009208	254.94024248398176
202.56498188835525	124.36046747174288	8.73152804552069	42.11751521786624	42.11751521136512	16.60804396493586	16.608043886145452	69.63874194569814	76.29471108518095	1.7630679955628636	1.7630679630207737	1.763068136988835	35.35893164471105	35.358931638881614	35.35893164471105	35.35893167509272	35.35893168092218	35.35893175042963	35.35893166795523	60.51958098441719	60.51958072023504	97.77911090411399	60.519580537883115	110.75021663025001	102.56323177160544	30.545784419728705	76.49999999999997	204.0	224.10255253533978	240.59879354807882
24.414367301296124	39.49999979999998	3.135129748810243	8.731528219034516	42.1175152081145	42.11751520392548	16.60804395952053	16.608043924223153	16.608043906574466	41.65169311499997	1.7630679966745788	1.7630679963965008	0.0	36.99198625691895	35.35893168137801	35.35893164471105	35.35893167466668	35.35893166795529	60.519580608460785	60.51958062467031	60.51958062467028	60.519580668063924	85.99675297645993	85.99675292499998	85.99675292108739	97.0481672523953	30.545784419728705	195.77358587426795	48.25784671134906	27.61432716641272
3.287065818830939	39.499999803047444	39.49999980000001	39.49999980000001	3.135129804911543	42.117515196440706	42.117515198362725	67.8936877136172	67.89368773983333	118.39994219452379	118.39994226894632	118.39994227151288	1.7630678600881424	0.0	39.446462614987325	39.44646267935809	36.991986288487055	60.51958053788303	60.51958060846084	60.51958060297352	60.519580456053035	71.2311129799076	85.99675296749999	85.9967529395449	97.04816728371185	97.04816727922895	217.7433253138805	202.51927722642412	180.4585781504086	44.287039276699716
2.793660668143417	254.68394187614024	39.49999980304747	39.499999803047444	39.49999979999998	55.82377887532627	9.253073470235762	9.25307349839892	42.117515173986504	1.3397908029684231	1.3397910445981438	1.339790958133591	118.3999421365136	118.39994206345324	68.7317380113412	75.39896105608977	60.519580384912246	60.51958053788303	60.519580570358784	71.2311129473419	71.23111289629688	85.99675284	85.99675279231764	97.0481672625161	108.65767926963093	108.65767927332047	246.164632961593	193.3279423867562	18.30690399547143	247.91177672698765
1.0099837086665104	24.414367301296124	76.79920551907145	39.49999982020208	48.86517407999523	63.58809709791427	54.42091672256328	55.74791363753346	41.65169310899307	19.65554700857794	19.655547147600117	1.339790871669095	1.3397908525104185	1.3397909274152653	118.39994214767222	71.23111281734987	71.23111293810226	71.23111292416718	71.23111290401121	71.2311129473419	85.99675284	97.04816728371185	97.0481672523953	108.65767926963093	108.65767927332047	46.8781484813849	182.12990281289	209.78975825205939	81.08883130314535	45.034524256736034
220.5082385915242	82.47303462328844	5.361426601265663	10.276110399253241	197.41229054437125	2.205840732792012	2.205840732792012	2.205840732684834	2.2058407324705342	19.655546753778708	19.65554700857794	19.65554702665702	19.65554709425004	19.65554707780626	19.65554713708613	94.5938492685294	94.59384919033613	94.59384919323381	97.04816749801853	97.0481672541597	97.04816722353326	97.0481672625161	97.04816727922895	97.04816727922895	155.65596279056598	156.3525342773827	70.22138091453112	15.5639372242822	6.11521028599239	224.89017629214229
196.72680357118975	241.43153542078352	45.684891360443885	60.83709058427888	3.603123976254068	35.37769330823883	2.205840733756503	2.205840788826208	2.2058407242623446	2.205840724541531	2.2058407239831013	2.205840788360831	130.44494914303397	94.59384922450269	94.59384915123945	94.59384919054375	86.46277747541578	86.46277742060366	86.46277740185062	86.4627773924741	86.46277730418012	61.51676927808592	61.516769240349845	61.51676920888295	149.46075717923594	156.35253413506442	156.35253414793394	8.748031291225715	247.90538159243388	125.19123819261998
10.048363043514087	9.512001509431315	12.806581068853177	18.894066118886855	26.187728243723512	0.0	29.877475851636888	0.0	96.27562641868838	2.205840681219769	2.2058407242623446	2.205840732684834	2.2058407324705342	94.59384898053244	94.59384916196493	86.46277740152789	86.46277741175973	86.46277737589989	114.20820758938683	61.51676927456501	61.51676924815828	61.51676913523579	226.96813904043208	0.0	156.35253399644353	156.35253416029337	156.35253415116733	127.73431274780637	254.94147238385153	0.0
1.1039209646856705	9.794291850203876	9.428852886954587	12.806581068853177	32.31201641616241	17.16727517453006	65.2714193406417	42.768578068619036	45.684891360443885	42.768578068619036	39.19820460146647	149.46075717923594	2.205840724262316	2.2058407324705627	217.7433253138805	230.19128047049347	230.19128037539937	61.51676916487767	61.51676923495492	142.04977391298988	137.2184355576395	73.48657276525071	45.29264525413356	22.866073909492457	191.9817856261043	156.3525341232151	156.35253405403938	246.6903110635501	53.070041800150136	0.0
