254.98393789963558	254.6925636511111	254.55123375201455	254.04351104970718	251.7291247481619	249.17309088040867	247.4126143112964	244.0953947368421	244.8	214.2	153.2932608389808	250.44642857142858	234.4260299209701	255.0	251.84371502657152	217.6	238.0	224.38799400608133	238.0	222.94285714285715	245.72727272727272	234.93841524575936	134.31812906029225	134.31812906029222	252.79074383223397	171.9780249127631	254.70295773855867	253.2901144217631	249.27260903307172	254.1544205739869
254.99330288134328	254.49336629728535	253.87547307104617	246.14583333333334	249.57074175824175	247.41261180881068	245.72727272727272	234.26755802042922	235.25173137543482	147.13837367006016	254.7555044248157	223.125	255.0	165.1704544516077	217.32954533106275	248.22209774093224	240.60109289617486	243.9671203851141	229.48542024013722	203.14822516469002	249.57699767152658	228.14987316882983	243.42587657065255	186.22644562122957	242.2694941545799	240.92384219905205	202.3671585432104	250.96995918367347	253.29011442244015	254.24374211139968
254.08999312922273	249.51466666666667	244.67178772043226	252.96	224.93448351310875	234.2675580568687	232.0751028247655	232.07510088284346	220.15020550831431	227.109375	252.07541434716245	217.21847516821984	116.95641380533678	213.1919436960543	112.0835290049857	242.1975839378757	219.32170885615255	209.975419909873	207.39574012370522	141.54700366611547	219.25137960649724	211.59574468085106	249.04791155534107	216.75	231.62507572411943	239.3722368616215	245.9337335073708	252.42085630068777	252.41206027454453	254.16925389539443
195.43973795578128	253.86666666666667	255.0	219.17470698502152	225.72297418142122	154.8024948024948	224.12109375	220.15020545199928	218.80655207012694	191.25	246.13899613899613	246.1263010719279	233.75	212.73237410071943	246.1263010719279	207.48355543041924	255.0	236.260243429985	255.0	214.93436624102867	215.0134625648409	214.96380604380417	217.55823976316447	218.36326530612246	216.75	216.95174232939607	246.77875703112363	245.9337335080405	249.7362732194919	250.73785714285714
143.256163724585	254.92669275141685	0.7989438837387581	149.65066852677987	43.757158731304145	120.0	218.21245407401096	230.76923076923077	199.94318194996254	214.87167940860803	254.78254904150083	196.15384615384616	233.75	180.02651824055465	191.25	218.57142857142858	157.55865663070597	79.60467706013361	79.60467706013358	200.5280018892073	207.39574010946927	207.39574011097187	243.88111885434927	183.461538453237	231.818181795	255.0	241.47600262984878	245.9337335048643	249.39675472404417	252.892561986
243.5538693233824	26.091050748971355	111.63215902057615	185.25445365855813	223.1489797289401	203.83615058142698	178.23735127499998	199.9431818454468	187.62437012959788	195.3744031314343	187.39773379275994	191.25	180.8181818181818	204.0	153.0	255.0	86.7532925904402	157.5586565407841	157.5586565407841	236.26770496516147	160.76249995220522	194.3263464665393	181.12345679012344	163.68243243243245	204.0	204.0	209.20408163265307	229.92944924897589	233.5970837778794	248.6234546241158
202.53734648940704	249.77999274312822	8.562685179275206	214.0580848472972	178.23735113097945	178.23735116789447	189.56134465136623	187.62436993766954	193.14088962873728	192.75299932500002	214.46176166652586	61.49030312855919	69.62547462892644	69.6254746289265	216.82783041870167	208.81835284059886	237.49559664629527	235.64088408445076	235.64088408037733	188.55215645795823	186.60295848380616	157.55865663070597	196.1235870766513	196.12358707613322	174.5637583599725	225.3428136087941	222.36	200.68047337278108	234.7509668178563	248.62345462430167
26.091050748971355	192.7075960713371	225.63540188288866	178.23735102	178.23735110500002	178.23735111252194	178.23735113455692	174.10085687461526	192.0186786155388	193.14088976503697	164.95577479194338	151.37804021106433	209.34182590233547	69.62547462892647	165.551917321458	189.15928311094783	157.3424350312195	95.70209298145241	164.58666342774058	186.60295843191352	163.47212456462063	137.30769230769232	167.21191889839002	157.55865663070597	197.9491525230336	197.94915254237287	191.10989011129016	210.3803699523622	234.75096681592274	244.8
112.6400634462434	254.78692907628846	63.714035199222394	196.15384615384616	196.15384615384616	181.74204088626988	174.10085687461526	174.1008566920314	174.1008567185933	178.23735101999995	198.20641519284624	151.3780401362185	53.775648872751106	209.34182590233544	201.9011577341501	209.34182590233553	156.41561112674054	171.2832106603469	140.96053312202145	178.11460716831328	158.3440775329534	198.4149855907781	133.60465116279067	167.21191889252106	175.22550990521586	197.625	191.25	174.4466800804829	209.615478515625	238.6701923076923
134.93190186376762	26.79874622192233	74.713760068412	78.46153846153842	166.0982574665381	186.08927052513167	174.10085668183177	174.10085667875052	174.1008566920314	174.10085646741882	198.20641513156488	53.77564900103195	53.775648697005465	53.77564906422543	201.9011577590345	226.26337621845894	226.26337621845894	169.6407870849423	151.56953256642458	151.5695325709296	163.76842652460198	161.64682206942814	161.64682207078357	157.47383933999998	165.85953589599802	178.15517472218505	187.07075962539022	174.31640625	219.93974690342722	250.82208
250.43426315095866	74.69879358806352	46.58380794625981	186.0892707540482	186.08927066430186	186.08927064011823	186.08927062205782	174.10085571791421	174.10085658544	174.10085646741882	168.30000001682998	53.77564934982914	53.77564911369183	53.77564919400558	53.775649711758376	68.5084067606636	68.5084067606636	205.3058453951262	117.74651727233385	151.56953250804898	151.56953252433811	138.8168538756463	139.39917808277937	139.39917794970987	209.33145676442058	165.85953580240601	180.642	201.85491493383742	209.615478515625	251.28314392138893
134.93190186376762	89.39489534402145	78.46153846153848	140.83997568013365	134.92552669983712	186.0892706280264	161.52569580485618	161.525695784868	186.08927055606267	186.08927069116817	168.30000001682998	48.34474847783463	179.79384352011627	179.79384349480335	201.08883202463113	201.08883174330217	201.08883202463085	201.08883202463113	201.08883152137736	160.1700082990659	130.514146009077	130.51414601811413	130.51414600907697	130.51414606216764	130.51414606015737	152.07272727272726	174.31640625	188.34162162162164	188.16532258064518	252.42085630068777
112.6400634462434	194.2674012294443	169.76514915475138	155.65596279056598	147.05630578248739	147.05630584542223	134.92552639809696	134.92552647917762	134.92552649867702	134.925526548967	134.9255265408837	127.5	170.0	44.35176583158224	195.74285068101122	195.74285062439583	141.78332555670946	201.08883174330217	201.08883161014745	201.08883187133125	130.51414606132425	130.5141459970925	130.51414602733612	130.51414599709256	130.51414606385433	142.71108343711083	150.79326923076923	0.8685168182308871	223.125	0.4288474705583951
89.40622441289807	57.70016904383286	124.48585404317032	124.48585404317032	147.05630579282473	147.05630577529223	147.05630577529223	147.05630577641188	134.92552647917762	134.92552649974633	132.59999999999997	255.0	93.72383937307688	208.58717247554662	208.58717253986282	44.35176591146228	44.33565583024409	188.53158168658473	132.9952892150031	114.17910447761193	112.37288134384517	130.51414556729037	130.51414601811416	130.51414598295332	130.51414595682968	111.56249999999997	225.97560975609755	123.16815795216232	33.70335860390901	246.69767441860466
190.17039623937848	139.03703093488934	124.48585393614565	124.48585401704668	124.48585393984268	124.48585443270957	147.05630573680176	147.05630574022723	109.71452417934529	134.02854290821654	106.30098590179077	140.9605331234972	116.30612801301851	46.41282746013718	46.41282752445335	77.60761683379417	111.39955576414053	177.39551904938423	114.17910446909113	110.11363615618546	110.11363636363635	107.94369425977277	107.94369422358812	130.51414606015732	130.51414606015732	123.38709677419357	138.58695652173913	13.830069042553617	0.4288474705583951	233.14285714285714
190.17039623937848	139.03703092269996	124.48585393984268	124.4858539726639	124.48585398188584	124.48585398188587	124.48585400290747	78.09564164752513	104.34263795847093	99.05199886694231	99.92370585367607	117.44375140205685	115.08791618135834	163.53363331018795	163.5336333030334	77.60761691641733	163.53363333910147	163.5336332849643	163.53363338500168	59.25714937560417	107.94369426319824	107.94369423679152	107.9436942247078	107.94369420717527	107.94369421751264	117.29999999999998	138.58695652173913	225.97560975609755	201.42729657638873	149.72653623077014
139.03703095246834	139.03703093928408	139.03703095147625	124.48585400290747	124.48585399092303	124.485853990923	124.48585393867575	75.33125824717771	72.9966855121614	72.99668551800568	91.6010899920773	91.22149076058622	163.53363315659868	175.22233392742137	175.22233395266653	77.28267614069367	77.28267613785323	59.25714931898878	88.01363928691816	70.56943297417098	97.36363636363637	95.28352993514739	107.94369415457777	96.48472538694736	101.99999999999997	111.56249999999997	114.1600243198663	93.68528015439801	7.40640128784878	43.19267145272323
39.252264797433156	139.03703089392366	139.03703092609982	119.60592595868448	124.48585393783239	76.55234734205035	78.43539555016463	75.3312582336307	72.99668549959947	91.22149076058622	80.88657374489713	72.99668551696539	72.99668552856645	72.99668555992383	78.09564168353828	76.02136944469657	76.0213694641638	66.34258765153041	88.01363929091863	70.5694329587846	95.28352973629433	80.89914353258118	80.89914341455997	80.89914353258118	80.89914428208581	95.625	76.86834869678364	254.7097509063939	237.06403223253562	255.0
39.25226460687247	39.25226473762433	139.03703093229205	76.55234724888328	76.55234734205035	76.55234733285175	76.55234750078873	70.13534067184804	86.96563864741054	88.91492119126411	80.88657374489713	95.3692454012803	72.99668551696539	72.99668552469942	73.78628590408522	73.78628588229114	73.78628589986212	66.34258765778264	73.78628597898336	56.79358486843512	80.89914328140677	80.89914330796856	80.89914332124948	80.89914331816826	80.89914312538474	95.625	76.86834864864738	254.69189033307129	253.68841927304658	50.806252099826764
39.25226467723496	39.25226466749447	39.25226478431094	94.99424144864417	76.55234727768894	76.55234730340709	76.55234741180936	78.43539554937857	81.52295107745095	70.13534067184804	70.13534069864974	70.13534073676561	70.13534067505236	70.13534067505236	70.13534071014115	95.3692454012803	73.78628590230403	73.78628589129974	73.78628589129974	56.79358480715376	80.89914328140677	80.89914330796856	80.89914332124948	80.89914331816823	80.89914312538474	76.86834867378178	76.86834867179687	163.6105507877861	219.4334323447732	208.89925769086665
112.82603105762448	39.25226460687247	39.252264706433294	81.84941906399308	94.99424144864417	94.99424149254489	84.57411764620778	78.52315322749396	77.2533794643366	79.15275303252744	70.13534063996369	70.13534063996363	70.13534068919233	70.13534063996366	70.13534069864974	70.13534078031861	88.91492119126411	70.13534075960516	73.78628589141607	64.29101951709387	80.89914312538474	80.89914341456003	71.80259196226774	63.74999997942476	74.58624007612417	69.12116644818241	127.5	204.0	17.100260261702857	136.3751493446398
46.58380794625981	60.66363235609373	39.25226466749447	81.84941901606803	81.8494189640727	94.99424142021834	94.99424140600541	68.5960102005142	76.34882728392694	30.008745769442044	30.008745761976883	30.008745751704936	70.13534061089268	70.1353406834109	70.13534069497373	70.13534071388861	70.1353407254515	70.13534075960516	70.13534071014112	63.203816980226975	63.203816867498716	73.57063521259366	63.2038168345245	67.61403464488947	63.75	207.2135944659108	127.5	204.0	41.66835901010512	135.17638416095025
226.4556596088265	76.76264897999997	78.54897156934808	39.25226470771992	81.84941893807502	81.84941894426936	94.99424143016324	94.99424141781807	94.99424141164548	74.68777084500002	30.00874554718399	30.008745542453568	134.18179832236208	65.12919807249892	70.13534063996366	70.13534069497373	70.13534067505236	70.13534071014115	63.20381680515729	63.2038168345245	63.203816834524474	63.20381683452453	49.424106675131696	49.42410663000001	49.42410661975916	37.899829133800864	207.2135944659108	81.5641144973552	44.276555959346894	30.906377331739805
239.08100158428996	76.76264894285057	76.76264889500001	76.7626488525	78.54897146210024	81.84941888440747	81.84941886008198	65.16830384660452	65.16830385133531	136.47561278612676	136.4756128441838	136.47561280569244	30.008745583306563	134.18179819581894	49.28912892780133	49.28912895943344	65.12919807352944	63.20381683452442	63.20381680515732	63.2038167694341	63.20381675477054	51.69562198053538	49.42410662999998	49.424106638216614	37.89982917684452	37.89982910755646	61.04660656008079	253.04860886209596	254.01275573423592	33.21821809358519
134.99042458812414	112.82603105762448	76.76264888747806	76.76264890593558	76.76264897999997	55.3839080467217	97.441343369294	97.44134345921589	81.84941897671979	23.00912058023013	23.009120692159996	23.009120692159996	136.47561278172913	136.47561269021838	69.29807959259875	76.79609655624009	63.203816380721975	63.20381683452442	63.20381671762249	51.69562211252685	51.69562221917312	49.42410662999998	49.42410658585115	37.89982914494368	52.22487923624803	52.224879243404416	253.08600392670877	234.84544145744098	196.29779123973572	170.33428402147973
204.78502667509395	226.4556596088265	202.89821088168415	76.76264886544314	49.94008579898244	52.08384176433094	53.5097087605547	55.53926205573913	74.68777074986073	182.340532460807	182.34053239043786	23.009120692159996	23.009120671330862	23.009120818146812	136.47561273927516	51.69562185254273	51.69562209985423	51.69562203985467	51.69562206919613	51.695622047530804	49.42410662999998	37.89982917684452	37.899829133800864	52.22487923624803	52.224879243404416	46.8781484813849	182.12990281289	8.030273619097557	133.3709228597358	49.2970260315123
204.78150252132514	38.92934727958669	36.85321394152996	24.429450834828486	56.758671672870065	12.075148060657654	12.075148060657625	12.075148072459626	12.075148096063685	182.34053231566202	182.34053218232512	182.34053239043786	182.3405323016026	182.3405323644277	182.3405323612413	36.33629909442709	36.336299101266775	36.336299070783014	37.899829262931746	37.89982916363729	37.899829122529496	37.89982914494368	37.89982910755646	37.89982910755646	17.22864807885489	156.3525342773827	91.65281222726398	57.48914993072401	39.15342777125869	82.96639812108566
46.866385299824884	38.8924993758294	27.01249382867556	50.33831008208182	40.333365616098604	28.474802431926605	12.075148103103402	12.075148005451183	12.075148070015047	12.075148039261762	12.075148100768331	12.075148164313106	67.90646787538591	36.33629910205187	36.33629903268741	36.33629906333047	37.20968807984846	37.20968798819922	37.20968800695229	37.20968798819922	37.20968798811256	35.35495538398135	35.35495537976621	35.354955396626735	82.77595861339341	156.35253413506442	156.35253414793394	254.8681220136989	109.26141390027516	110.61924454525348
10.100843329236369	10.06800567032002	12.362904608013707	19.120263096418654	23.91451685241472	27.01249382867556	30.08896101342782	34.24016530082338	46.96371222022785	12.075148059254417	12.075148070015047	12.075148097236934	12.075148096063685	36.33629909442709	36.33629903951413	37.20968797998984	37.20968797866121	37.20968798181164	37.138088565628834	35.35495541055863	35.35495538415185	35.354955342322	52.10880364579657	255.0	156.35253399644353	156.35253416029337	156.35253415116733	5.8272512345758685	5.8272512345758685	0.0
1.0775184361270362	10.368925630984876	10.147204402357005	12.362904608013707	4.328050675407553	20.43363101134122	17.244664251024034	27.01249382867556	34.24016530082338	27.01249382867556	45.684891360443885	14.214236831995947	12.075148070015018	12.075148096063685	8.19095797599445	58.9878454765271	58.98784552832768	35.35495537133596	35.35495537094852	24.733323548224973	23.11744614261241	6.324921057967742	0.7436748669015003	7.37325382102631	20.283443501017388	156.3525341232151	156.35253405403938	154.65183534899325	243.55368677912364	0.0
