254.58931181494054	254.06336088518518	254.99787657454584	253.48354085661484	253.0409731461812	246.96539262319712	243.98082480118842	249.78070175438597	252.45	250.46666666666667	248.00305373855238	255.0	251.67812604114314	250.46666666666667	75.90475693000559	232.333333339	243.666666661	250.02625780026213	243.666666661	246.9857142857143	251.13636362863636	243.63057187070328	248.20286632675317	248.20286632675317	227.58689730025776	253.8902583241851	240.1023529812303	254.8353719726449	254.91550688777636	254.41695025771563
254.53658865394456	254.9920838483965	244.3173917331366	239.54545453	248.37662336813187	243.98082459482225	251.13636362863636	231.1319959126127	230.8295350829886	245.06752019556603	202.48871330234758	249.8271975	219.68347726884986	191.24999989133522	226.02272714430526	69.03270309685024	230.03415300546447	239.220338879435	248.73070325900514	246.57528713796407	196.63899454450478	227.36546629648493	208.1472038530988	248.34557534566568	234.7707127108022	241.0028127598718	253.75948487229758	254.7481224489796	254.8353719726934	254.7759235886099
252.4167203203166	252.98518518493333	243.99187404621193	254.745	227.54798063576987	231.13199602789314	225.15376596597275	225.15376405895478	215.63534056738615	239.0625	209.76438425527937	248.85308865997322	232.04208824025565	242.79895776168698	227.11969199158898	53.734412289990644	234.04946442934576	237.55428103236378	233.50277430996684	240.86575973026908	220.06551279434086	233.29787234042553	251.9847973143233	178.5	231.7136247593356	239.12333946855466	253.0965399653985	254.83888158004297	254.72100914337668	254.82373535916875
195.43973795578128	254.4962962968	232.0556224250264	173.23724179392968	137.104595167235	216.82952182952184	217.32954540625002	215.6353403817667	214.51329089243436	163.2	250.75883575883574	121.43234425974833	255.0	237.5562178828366	121.43234425974833	192.22333959759544	216.8199092092828	49.50293436771176	230.70903528557494	214.57953951675853	215.0260969309713	210.78696093426026	232.83900509186617	230.57551020191326	178.5	250.54866861581016	253.68749165961256	253.09653996538867	252.66056587496095	252.3009072580645
65.4735267724767	136.63569301623426	37.08462848977061	64.36201600982676	112.4867449352277	185.76923076923077	210.19382015771185	241.15384615384616	193.88429770903738	206.9894886527167	248.98636929514103	222.69230769230768	255.0	232.48055655775227	236.033057925	201.875	107.57693860302297	213.44654788418708	213.44654788418708	200.68402329614338	233.50277429615363	233.5027742974763	242.30769229672816	190.38461537600068	216.75	244.8231292517007	251.49377845974834	253.09653996561516	253.0071520602661	249.2625
240.8519987887869	231.78191353367288	220.36696859742298	218.418742156252	51.096846467633156	66.65503619204475	255.0	193.88429760768878	180.812479506801	184.3428140911691	220.17092591494094	212.5	215.43636363636364	229.5	221.0	221.0	201.5320850988885	107.57693863578461	107.57693863578461	149.16498789295176	226.90439737361717	136.35578662277868	210.67407407407407	120.60810810810813	178.5	178.5	216.83673469387756	247.57168866636323	247.2949501600366	250.63521969026337
114.24939657670919	10.225845760168795	208.80163230827048	5.008382708920266	255.0	255.0	182.62847628082113	180.812479056015	181.77966092619937	182.83454323125	255.0	174.63500380130532	184.2302381774249	184.2302381774249	35.653665233733165	156.22186493189747	112.65025963920607	166.99456956236514	166.99456956843682	187.78106514949434	148.59065459841517	107.57693860302297	234.53785863264733	234.53785863135423	200.2348992952626	227.04259776219214	236.2999999983	230.85798816568047	239.59894962998328	250.6352196903163
106.8358661780556	227.41819346007284	229.88575373701798	255.0	255.0	255.0	255.0	166.60255559217535	180.49369499215294	181.7796610875323	190.8199153710995	148.61639044167748	30.318471337579666	184.2302381774249	209.20427563694022	201.24127976949995	178.97368878590578	215.00844339449333	209.7933317138703	148.59065462571277	186.77698704169234	176.53846153846155	178.9640673736744	64.45845728142442	207.4576271111721	207.45762711864407	200.35714285861067	241.7793688746188	239.59894962802568	232.05
217.45658341285514	195.50341631026174	219.58778865445993	215.76923076923077	215.76923076923077	168.73477591065432	166.60255501382483	166.602555269049	166.60255538179757	255.0	214.0793174351221	148.61639038826485	164.55354875359927	30.318471337579638	186.55547373434808	30.318471337579552	198.69678560188873	172.09333967710768	115.33074784962139	156.23892462505398	176.08076976816457	224.87031700288185	195.0	178.9640673425634	219.5446710708162	207.1875	102.0	143.66197183098592	241.552734375	243.046875
19.599104886602817	184.34043477275756	83.76373258423808	137.30769230769232	156.68980379192178	255.0	166.60255520660837	166.6025552126747	166.602555269049	166.60255538179757	214.07931738495293	164.55354764001032	164.55354738244472	164.5535479395483	186.5554737378033	96.30547032260245	96.30547032260245	162.73158079643855	189.1465294733423	189.1465294785561	185.945673544334	210.73956062384704	210.73956062347594	169.24299765	174.58670108947194	229.37367786852323	224.8092265009105	219.140625	244.61177686031436	253.62866666712
242.29166952636086	69.12375822729402	241.87382059211066	255.0	255.0	255.0	255.0	166.60255501382483	166.6025553030001	166.60255487944866	210.3750000210375	164.5535480679215	164.55354779913108	164.553547758766	164.55354806792167	210.7769252811127	210.7769252811127	27.818424873298284	148.6839094389295	189.146529451552	189.14652943557687	147.06248741759583	148.33257482420626	148.33257480808754	14.310471377996095	174.5867011363936	228.888	231.37996219281663	241.552734375	254.89538875984854
29.599443493425696	10.65117609594077	137.30769230769232	225.7634990658437	164.1671677880119	255.0	148.67950124927643	148.67950096224644	255.0	255.0	210.3750000210375	150.75551562091283	227.2878250394044	227.28782507800395	25.438582353213917	25.438582580110477	25.438582353213434	25.438582353213263	25.438583104709437	159.65693663913765	143.53872266010717	143.5387226696082	143.53872266010717	143.53872271137567	143.53872263370266	207.70909090909092	219.140625	233.51159159159158	233.29301075268816	254.83888158004297
217.45658341285514	255.0	194.24785373032108	204.3177098185135	135.05049191981504	135.05049205945608	164.16716718453165	164.16716729272787	164.16716728511167	164.1671673354017	164.16716740492876	185.45454538500002	148.75	154.94920422136093	217.87304009885992	217.87304007943766	142.25337254410317	25.438581950288324	25.438581383296082	25.43858170044058	143.53872259986326	143.53872268756106	143.53872268018847	143.53872268756106	143.53872272035102	202.9838107098381	205.96153846153845	37.1442703028242	199.92	166.557591382525
0.09931549282956098	108.33134455917761	111.46127727964898	111.46127727964898	135.0504919199471	135.0504918734441	135.0504918734441	135.05049187785926	164.16716722720582	164.16716728644678	173.4	161.8871652522563	161.8871652522563	68.14241281525159	68.142412787561	154.949204231407	140.68371629335735	21.856354148574866	73.93899935464975	167.46268656716418	159.91525420761997	143.53872238726916	143.53872266960823	143.53872263671678	143.53872272035102	159.375	78.78048780487802	254.67258687738573	163.05931148310287	246.69767441860466
247.84466381200207	167.27740032441693	111.46127727964898	111.46127736328322	111.46127736629737	111.46127761273084	135.05049187785926	135.05049178043805	173.37327398757546	113.14138915514471	106.41197536527483	174.36191973458108	117.30597952616574	186.857587212439	186.85758718474844	83.6387000969325	117.62953803233825	19.607874766547695	167.46268653563712	118.63636336441115	118.63636357670455	119.94950821956195	119.94950812214077	143.5387226337026	143.53872288013608	167.25806452983872	177.39130434782606	216.88761544343006	166.557591382525	233.14285714285714
247.84466381200207	167.27740033679703	111.46127736629737	111.46127731981153	111.46127733039174	111.46127733039177	111.46127731243894	119.77033865812402	144.71115653267736	99.39687501589302	99.8257486796615	71.63522040244143	160.7662888952217	14.767807857184806	14.76780787352422	83.63870014764348	14.767807937205106	14.767807883067945	14.767807793605073	37.12695992056237	119.94950812214077	119.94950809573402	119.94950812655591	119.94950808005291	119.94950808018498	173.39999999999998	177.39130434782606	78.78048780487805	126.79730458680291	25.692343277582466
167.277400676434	167.27740033956917	167.27740029528698	111.46127731243894	111.46127733989283	111.4612773398928	111.46127740013674	138.91477241347758	121.79485777084992	121.79485776296863	85.66061565704487	95.52424903477004	14.767807885778922	132.60227117348262	132.60227116607842	107.53516703128383	107.53516711599383	37.12695990114008	138.74658353625034	78.41837208400699	157.63636363636363	103.36258589695993	119.94950794054392	104.93783629453316	158.66666666666666	159.375	29.23650093415631	72.01001630596997	123.51377884534458	229.57488016954994
79.55480077005168	167.27740037830705	167.27740029411245	110.60328053940503	111.4612772886243	113.58358117148879	125.77535748365133	138.9147723975455	121.79485774405583	96.85658353809325	91.20133690567161	121.79485773000499	121.79485774936131	121.7948577624436	119.77033871997398	96.60190303680403	96.60190305505256	73.38696784580844	138.74658343882376	78.41837200073056	103.36258556201656	88.39744461820243	88.39744469699994	88.39744512055134	88.3974449861752	148.75	117.17854127917988	16.104931452438734	206.69999240861995	255.0
79.55480067913831	79.55480064883383	167.27740032296032	113.58358112940113	113.58358108567359	113.58358110739746	113.58358106339014	102.93363491926397	85.91882877616374	74.51128293182353	91.20133690567161	87.09635447245753	121.794857811057	121.79485776992652	89.20612786191313	89.20612785326014	89.20612785680757	73.38696784090985	89.20612784659639	40.92068261504707	88.39744486937687	88.39744473095098	88.39744478732533	88.39744479339166	88.39744498617517	148.75	117.17854122918652	12.89786027271586	153.03556396886205	29.93654701159801
79.55480050350016	79.55480067359403	79.55480071713092	76.86834869678364	113.58358104276599	113.58358098542956	113.58358093136809	125.77535745711509	81.36407982971815	102.93363491926397	102.93363492774907	102.93363492437683	102.93363495324016	102.93363495324016	102.93363493370259	87.09635447245753	89.20612786212945	89.20612784882547	89.20612786784048	40.920682564877865	88.39744461820243	88.39744473095101	88.39744466173812	88.39744479339166	88.39744498617517	117.17854124411568	117.1785412470974	177.53738083190143	251.93143534207675	51.49459586072473
249.3061437834513	79.55480067913831	79.55480064592066	153.42420806433068	76.86834869678364	76.86834881751298	82.194350033393	77.02217065570687	78.60836750146626	78.80944549384787	102.93363482757485	102.93363482757485	102.93363492369889	102.93363502117873	102.93363492774907	102.93363494302832	74.51128293182353	102.93363499891012	89.20612784659639	99.28676939307701	88.39744440782465	88.39744469699994	105.41994266965816	98.84502890760396	125.5566275517086	77.07658809370218	102.0	204.0	39.316002246507395	71.61781609233623
241.87382059211066	108.28624857065597	79.55480067359403	153.42420815221234	153.42420812853015	76.86834867378178	76.86834866228082	69.03683705426266	76.36856599995963	112.73772853943458	112.73772835219668	112.73772848817839	102.9336348971502	102.93363493623411	102.93363495320426	102.93363491926394	102.93363493623414	102.93363499891012	102.93363498210354	108.09544210995892	108.09544217349196	128.66149561889569	108.09544204838599	110.75021663025001	107.31516963788692	57.31273039705164	101.99999999999997	204.0	49.71239217380946	41.412324077903634
184.25962860203032	56.57143124999999	179.70551740634076	79.55480058822485	153.42420811668904	153.42420810043296	76.86834864864738	76.86834867179687	76.868348633663	121.83059316	112.73772828894684	112.73772823097883	78.50030474242615	95.0664456720111	102.93363492437678	102.93363495320426	102.93363495324016	102.93363493370256	108.0954420523968	108.09544204838599	108.0954420483859	108.09544211347645	90.91956748805376	90.919567535	90.91956748805376	64.60823364874435	57.31273039705164	225.7196893359185	205.6907500985761	228.2096064371057
84.91559138168168	56.57143117793993	56.57143116500001	56.5714311225	179.70551741909074	153.42420811848407	153.42420808116566	79.7154702378154	79.71547026380588	11.032763043262975	11.032763032502999	11.032763101311133	112.73772836322311	78.50030467184496	69.61263912622093	69.61263913072466	95.06644566245453	108.09544204838599	108.09544205239683	108.09544204838599	108.09544193727262	98.49311380911402	90.91956749250002	90.91956748805373	64.60823368649261	64.60823368998862	85.74827458338453	204.2571713098907	40.1383800435689	228.52724384891567
88.84784092749919	249.3061437834513	56.571431122567446	56.57143117793993	56.57143124999999	51.28193602747564	147.423061396977	147.42306136421536	153.42420790073965	89.98374219013729	89.98374222725425	89.9837424001833	11.032762975388664	11.032763307735507	69.1446814954459	76.72825546765907	108.0954421099589	108.09544204838599	108.09544202361573	98.49311356642417	98.49311369350332	90.91956762000001	90.91956752753958	64.60823367886232	79.23017742061734	79.23017743405833	16.58696474180286	40.958886074189905	221.13285335598405	0.06191420781468082
200.86493372815698	184.25962860203032	180.7598131999786	56.57143120250862	49.990755459268826	57.85035053929602	53.179889355577075	37.08095335278776	57.47784929317484	38.29901193967822	38.29901199550807	89.98374228489726	89.98374230500579	89.983742366857	11.032762902708242	98.49311330644011	98.49311345199092	98.49311353249507	98.49311352309351	98.49311356642417	90.91956762000001	64.60823368649261	64.60823364874435	79.23017742061734	79.23017743405833	46.8781484813849	182.12990281289	0.161876454741531	125.24650641034049	13.371191044076085
1.6853208728082052	8.494815265352173	27.55182596089938	11.570599833152727	0.0	58.50710254535403	58.50710254535403	58.507102542511575	58.507102611158615	38.29901161052899	38.29901193967822	38.29901187456497	38.29901192573638	38.29901191687185	38.29901191876536	61.693172927315175	61.69317293892786	61.69317290946259	64.60823391366279	64.6082336732992	64.60823362952993	64.60823367886232	64.60823368998862	64.60823362411762	71.99616450855797	156.3525342773827	21.27987403102398	23.81396105688802	99.68005930048685	121.075497793051
0.5454569060014762	9.296051191703953	20.548416842969345	21.50232235869504	17.22864807885489	0.7436519446833643	58.50710249660415	58.50710253631868	58.50710253631868	58.50710254372544	58.50710259347585	58.50710254549543	20.502244851373945	61.693172940731415	61.693172872734976	61.69317290408293	60.02079283948075	60.02079289602921	60.02079291478228	60.02079292415874	60.02079290046254	65.03824694884969	65.0382469714975	65.0382470633175	114.8177353377092	156.35253413506442	156.35253414793394	0.019928120806326888	2.582708489038822	234.4736838672404
10.097345073404398	10.766208721114651	12.533622565958808	18.71208565770246	20.243450047044604	20.548416842969345	31.528773268121824	35.642129522906544	83.83151515604055	58.50710255784	58.50710253631868	58.50710256728888	58.507102611158615	61.69317278331667	61.69317287819365	60.02079288278719	60.020792885217105	60.020792890298964	41.895078604418956	65.03824693517035	65.03824693517026	65.03824695537554	30.704048922865496	57.682052275129564	156.35253399644353	156.35253416029337	156.35253415116733	178.52156272743454	122.44926696955397	0.0
1.0972989811001526	10.494502936589953	10.205546350399544	12.533622565958808	0.11412874305179344	19.60849146492606	1.5337403345773737	30.374465792951497	35.642129522906544	30.374465792951497	255.0	3.5893330247928077	58.50710253631868	58.50710253682669	0.0	12.498330371505745	12.49833051476412	65.03824701679312	65.03824693517035	32.12835124804258	30.089416623164055	8.71502322801507	0.09527052651856138	8.254419758477638	51.55725119257383	156.3525341232151	156.35253405403938	30.093993436817584	247.25848690283726	0.0
