254.95919481927143	254.93870560592592	247.90258615739484	253.91615870415706	244.01057505221434	248.6401173828125	244.7883357753724	223.77741228070175	232.05	236.86666666666667	254.59840943263038	182.14285714285717	242.08466068832425	182.46666666666667	92.92567737359258	215.333333339	192.666666661	177.85991715277828	192.666666661	213.88125	200.90909091681817	253.74947807522543	223.38052579751906	223.38052579751906	185.53807949803053	243.86571051696234	196.02983529727	249.27001796776452	231.2956691742784	254.39619339881526
254.9984985222025	253.93084825202118	254.54803364156	251.04651162	244.92077692032967	244.7883335275621	200.90909091681817	239.42535572718822	234.12409693452514	253.9899755400845	196.742049429356	234.92711374499999	241.25566655046077	139.09090901188017	69.54545450594009	84.79196009669778	215.28688524590166	199.23581672950965	178.34691252144086	172.14623141829435	134.6563347671723	227.92181257833636	249.0705024070592	252.8204666352124	234.92038099315064	240.8549692299078	254.74314183134382	248.3696015625	249.2700179687989	251.2170430319345
254.73042744141887	248.82962963013333	250.85877614663056	248.115	255.0	239.42535566526914	226.71001680080488	226.71001565751314	227.89821567532596	195.234375	200.1975226839151	231.1701077369887	251.77653894090923	224.58366556516214	249.83379816618339	66.76341978684283	178.29011741074663	169.46896763621467	183.46809559851476	250.12569847215175	219.36630819284312	205.51257253384912	206.7567567707268	240.4285714395	231.57480507263259	239.31096178855077	234.69566956664258	231.89682072141085	245.86886614822686	252.9604085569061
251.09549485182453	239.762962968	237.78132198899715	254.90774558497213	253.7994434488991	229.62874962874963	222.38372084374998	227.89821551918445	226.32072899676743	232.05	154.8024948024948	247.96471786373914	127.5	194.53381294964026	247.96471786373914	223.24878686969308	132.65471969550094	61.61241071843932	177.1613981674799	214.5628403337598	214.78728270291896	197.25302324963485	204.34188573717142	192.34285714285716	240.4285714395	177.39051796258858	225.8954488286306	234.69566956809814	239.60424489795918	251.23312195218895
254.91759984187618	186.0354233630532	219.24561641361188	173.115442339594	100.82750395530974	203.0769230769231	216.15788555962837	120.0	210.79281199995432	208.69989855731112	251.43888248467192	170.76923076923077	127.50000000000001	199.65188644026745	208.163265405	182.14285714285717	206.93442853081598	165.2672605790646	165.26726057906455	199.98846878138875	183.46809557604792	183.4680955790227	205.21978022532943	237.58741258924942	233.142857121	185.3809523809524	222.0366389642231	234.6956695609849	244.80202980200568	253.1265306162
105.90130109439193	252.27426749363468	33.863843994848054	33.5918550088189	218.61739648841186	245.3265881458863	133.33408022999998	210.79281188976722	200.08553039673285	186.71307348177834	127.56055349287291	148.75	159.8	178.5	187.0	119.0	239.73504042160513	206.93442858204827	206.93442858204827	89.99974796148481	117.47083195353653	198.8948196801022	217.0962962962963	241.21621621621622	241.090909077	241.090909077	202.78571428571428	247.57168866636323	249.365918609968	250.28115163694721
240.89324561341067	120.41295382128308	24.133696206339096	152.27139137912008	133.33408004696048	133.33408012079056	202.11894505834942	200.08553013825554	184.21783865489766	190.142888175	93.93366886594421	228.80934638779433	232.90645495340007	232.90645495340007	44.75359396217354	244.07095646102528	220.17799818937345	220.19951960880178	220.1995196179843	188.0405881161408	176.93578088880872	206.93442853081598	133.406178085926	133.4061780849001	35.93959730940611	190.792098958299	181.900000017	230.85798816568047	238.70075172590117	250.2811516361927
52.38634509002546	32.08915921720211	168.34650566035953	133.334079975	133.33408006000002	133.33408006541805	133.33408006795173	188.11422074540076	182.96553980049833	184.21783824899393	120.06994374246716	188.0815188656764	38.25902335456476	232.90645495340004	180.19123899619797	128.92462568053605	154.42664365900427	237.8768329955735	152.60233768321427	176.9357808768877	146.94499196596684	176.53846153846155	176.61756918096953	164.89558354244275	205.60532685359505	205.60532687898305	216.70329670581833	175.537153279277	238.70075172507526	254.241322317
145.3332975381309	150.21036243252092	15.282077258848688	78.46153846153842	78.46153846153848	171.5107106676672	188.11422074540076	188.11422035404283	188.11422045972847	133.33408022999998	150.49113320854585	188.08151884288588	224.26498916752843	38.25902335456479	113.2258624109621	38.25902335456476	113.66943401888153	172.23337762787258	195.44483074317557	180.3436443694484	128.59758138131753	83.40778097982707	151.39534883720933	176.61756923692664	137.79230105632666	200.357142855625	244.0714285605	225.02155791820925	179.44444444444446	239.98822605865385
252.988885554579	192.97517213464693	127.29497203301324	156.92307692307693	183.70399979278864	61.54312464535451	188.11422035983372	188.11422030120002	188.1142203540428	188.114220208554	150.49113317305302	224.26498885151813	224.2649876012293	224.26498786751844	113.2258623251027	47.406460540677614	47.406460540677614	170.36696886156926	125.59178913784626	125.59178917308495	118.46978357403995	101.05064564816368	101.05064562762914	160.746976755	147.29830924523455	102.11120249411857	118.66978842221641	141.66666666666666	155.31769475177066	234.0446666712
243.77499868910942	1.84261450872242	49.942872519631464	61.54312464535451	61.54312466606723	61.543124691208334	61.54312470324399	188.1142195886997	188.11422016705023	188.114220208554	102.00000011219998	224.26498718728294	224.26498801791567	224.26498791250222	224.2649882730707	236.34055103229792	236.34055103229792	35.1984893591586	156.68700776478636	125.59178908254373	125.59178912715032	121.9697160076031	121.2041905137506	121.20419053206601	35.62385882857836	147.29830926532478	91.79999999999998	98.81852551984875	147.421875	231.580504241722
229.3495087817548	7.7246364177916575	156.9230769230769	91.91893060699746	90.83283281546838	61.54312470377886	151.37163808313886	151.37163810029728	61.543124732188744	61.543124840907666	102.00000011219998	214.3445931277309	84.11956002477791	84.11956002945257	32.274410266149715	32.27440996997055	32.27441026614943	32.27441026614909	32.27441010282763	159.3664667148957	140.87406994773835	140.87406993143406	140.8740700012507	140.87406998154216	140.87406997681455	67.07272727272729	111.56249999999997	92.89861861861863	92.81165994623655	231.89682072141085
216.02816212764805	4.496901491118507	57.70016904383286	110.95474892207613	143.8076417482826	143.8076419084788	90.83283251372825	90.83283270727216	90.83283271488833	90.83283281546838	90.83283285715942	145.714285605	127.5	105.71726300078168	95.05681470766797	95.05681469565934	142.2629145782135	32.27440996997055	32.2744100496848	32.274409632814496	140.8740698351005	140.87406990874382	140.8740699496094	140.87406990874382	140.87406995335152	74.94396014943959	66.50841346153845	1.2529006339219109	248.115	213.9987611549603
254.415170137288	127.27672631889337	114.1259300466485	114.1259300466485	143.80764176583762	143.8076417790943	143.8076417790943	143.80764174321635	90.83283264175009	90.83283271355319	112.20000000000002	68.77433050451256	123.31856626171214	31.13781193866828	31.13781190605414	105.71726306327224	205.26305715580853	27.77753983891094	114.68187449728651	64.70149253731341	82.1186440315355	140.87406997681455	140.87406993143406	140.87406992378877	140.8740699533515	84.99999999999997	230.81300813008127	14.229843605917836	252.56883534422641	255.0
49.97781902573516	39.25226473762433	114.12593004664848	114.12593007621123	114.12593002318545	114.12593002318545	143.80764178282647	143.80764180560766	129.0647925905609	93.93366886594421	109.10832771157325	115.33074784287777	115.5194631257483	223.86218809394583	223.8621880613317	156.10093149558145	118.73821654162273	24.942983223862143	64.70149251345512	93.4873321940413	93.48733239204543	111.19235819439231	111.19235825678365	140.87406997681455	140.87406997681455	68.5483871104839	55.434782608695656	41.258553207718506	213.9987611549603	255.0
49.97781902573516	39.25226466749447	114.12593002318545	114.1259300503906	114.1259300685659	114.12593006856594	114.12593009125618	49.353934324408016	86.06483505285027	99.41627184795135	99.89506438472918	113.8450259030879	129.32239813758468	18.90535731529104	18.90535696002499	156.10093151351725	18.90535705828725	18.905357004150005	18.90535659513452	159.94318530434063	111.19235821717356	111.19235824358029	111.1923582209057	111.19235823416238	111.1923582517174	51.0	55.434782608695656	230.8130081300813	100.22164890045977	44.343121952928385
39.252264797433156	39.25226460687247	39.25226478431094	114.12593009125621	114.12592999874931	114.12593005226162	114.1259301648995	42.53854058941175	64.2337401050529	64.2337401123084	92.64883812257594	86.8742138232472	18.905357116781687	53.44297654689913	53.44297661660744	71.55813164878307	71.55813165602629	159.94318529233203	47.23099300805691	96.10210057594006	46.363636363636346	79.85768749509711	111.19235809152121	80.36966204276192	39.66666666666666	63.75	163.0810693930025	179.8107594068628	18.70503640015002	38.31426229789943
96.45412756255686	39.25226467723496	39.25226470771992	137.81911211348995	114.12593001845781	61.39098860759097	41.0003032958962	42.53854059654262	64.23374009188615	72.4900764590763	83.17434355779187	64.23374011565497	64.23374008533736	64.23374011821969	49.35393433241532	64.09810904733277	64.09810906931838	61.274897867314195	47.23099308482736	96.10210048258645	79.85768748591792	66.885779791446	66.88577983294977	66.885779791446	66.88578041130029	37.1875	117.17854127917988	110.80176726785152	212.07643624664934	98.57694873568684
96.45412774373949	96.45412770699764	39.252264706433294	61.390988412064274	61.390988521775824	61.39098854836905	61.39098852458346	53.18901070199391	86.03445360193328	94.71404886627016	83.17434355779187	88.91492119126411	64.23374003460296	64.23374009544324	53.37838368432301	53.37838368389052	53.37838368126802	61.27489786361579	53.378383762725235	104.50886682694701	66.885779791446	66.88577964595717	66.88577969879998	66.88577964016628	66.8857798329498	37.1875	117.17854122918652	144.5084194621167	215.1152854944934	201.42729657638873
96.45412773265883	96.45412770872369	96.45412768478849	61.54312464535451	61.39098847886822	61.39098844787836	61.390988749621755	41.00030326841224	81.24867408644673	53.18901070199388	53.18901068535811	53.18901069551899	53.189010685423284	53.189010685423284	53.189010675327665	83.17434355779187	53.378383689197705	53.378383681236954	53.37838370025196	104.50886679145412	66.88577954027156	66.88577964595717	66.88577969879998	66.88577964016628	66.88577925459927	117.17854124411568	117.1785412470974	254.8047139891158	5.789916372850172	248.28167503939684
33.88220377222501	96.45412774373949	96.45412770074523	100.0521093628353	61.54312464535451	61.543124840907666	106.89157938538736	78.05564786525042	75.41914960096861	77.8691406689029	53.18901069551899	53.18901069551899	53.18901067310685	53.18901069551899	53.18901068535811	53.18901065513623	94.71404886627016	53.189010751901236	53.37838367515792	45.036322726213285	66.88577925459924	66.8857795437745	36.95147033555196	34.16352203737546	27.0890325898294	54.95018426481832	178.5	255.0	66.97353364826952	1.1387896767419363
0.869056209377959	5.419299502783417	96.45412770872369	100.05210938679087	100.05210941070834	61.54312470324399	61.543124732188744	69.5905761327507	74.28623293327368	187.66140752749334	187.66140767816785	187.66140749173175	53.18901060742374	53.18901066872235	53.189010635450785	53.18901070199391	53.18901066872235	53.189010751901236	53.189010675327665	32.003002772117924	32.00300279092761	33.228069350313774	32.00300262472044	26.921066262410335	23.1534104124178	214.28031734453953	178.5	255.0	198.70020244100658	184.25962860203032
112.82603105762448	133.33408022999998	44.94690671919716	96.4541276335139	100.05210942266703	100.05210941790725	61.54312466606723	61.543124691208334	61.54312470377886	88.063313895	187.66140756542717	187.66140761623865	209.27982827489635	45.37107261556886	53.189010695519016	53.189010635450785	53.18901068542331	53.189010675327665	32.00300268474027	32.00300271150769	32.003002711507605	32.0030027549013	16.702894962240606	16.702894909999998	16.70289490686804	26.70840451494348	214.28031734453953	202.1458031041498	9.905576134368147	78.22485219579914
26.309043505451484	133.33408012079056	133.33408006000002	133.334079975	44.9469066212956	100.05210944544314	100.0521093404594	136.08552555187958	136.0855255504195	14.150582676125367	14.150582734078057	14.150582802006824	187.66140760901834	209.27982805817308	75.83991939531185	75.8399193948178	45.371072652356645	32.00300262472041	32.00300268474032	32.00300268981087	32.00300250998495	22.085523134125282	16.70289499500001	16.70289492532558	26.708404509648176	26.70840451656113	112.45529623877391	224.1509744830389	214.040191209589	233.27465308630318
97.62006769485404	33.88220377222501	133.33408006541805	133.33408004696048	133.33408022999998	54.77741156143151	48.06557146918402	48.06557141795176	100.052109528051	160.96822252077786	160.9682223394056	160.96822242587012	14.150582606723503	14.15058300579318	69.69473137518054	76.45033909097194	32.003002772117924	32.00300262472041	32.00300264105138	22.085523195034654	22.085523407519105	16.70289499500001	16.702894748004326	26.708404511961646	16.325954908000483	16.32595492794883	8.393281136725903	11.28415878641988	75.05369394403675	61.01271096404278
153.73463304897416	26.309043505451484	24.001897368346135	133.33408006795173	49.871061543127524	49.509782498504364	59.219571886480736	63.278288921354346	115.33074784287777	191.80459727074214	191.80459745585048	160.96822239704858	160.96822240749904	160.96822242134604	14.150582582422203	22.085523065042594	22.085523121163334	22.085523216615258	22.085523195034597	22.085523195034654	16.702894740000005	18.949914588422274	18.94991464273724	16.325954908000483	16.32595492794883	165.75165402282317	255.0	2.279933333671636	50.11492435281809	18.09605799593271
24.474671913494973	122.77914497875719	58.64369772489809	51.75698938056536	4.195436580354681	33.6941034395534	33.69410343955337	33.694103437916425	33.69410350897442	191.80459746619212	191.80459754922398	191.8045975767936	191.8045974794017	191.8045974858232	191.8045975837314	24.305794647621838	24.305794556198038	24.305794566236273	18.949914783139548	18.949914581818632	18.949914561264706	18.94991457247187	18.94991455377823	18.94991455377823	71.99616450855797	255.0	28.940667266986765	110.61924454525348	89.51438707103114	103.49581093358697
110.20751792163867	71.60859096575894	0.0	4.496901491118507	110.95474892207613	80.81504873975561	33.69410337995407	33.694103440362284	33.69410342422131	33.69410342848684	33.69410348451967	33.69410350319728	50.167992010853965	24.305794566236273	24.305794510486123	24.30579454737733	17.614264416158647	17.614264411250076	17.614264411250076	17.614264411250076	17.61426430451357	11.948220162124358	11.948220099896105	11.948219983986576	31.451129933216095	255.0	255.0	26.17117646182399	34.873335576435466	175.7995653432706
10.130831039770328	10.549800705376128	12.232906163802994	19.70517608571899	25.012415017923644	32.57536585338528	29.990725619338292	32.57536585338528	56.758671672870065	33.69410340270002	33.69410342422131	33.69410346269373	33.69410350897442	24.30579450362336	24.305794441160714	17.61426440736389	17.614264429580857	17.61426438789178	28.945611022197852	11.948220136761591	11.948220110354839	11.948219982033066	102.79109376835595	9.562413569130882	255.0	255.0	255.0	171.2109367563703	114.97160619361841	0.0
1.0796954970771822	10.041872575925566	10.19361907042699	12.402573311853956	1.717721788267255	14.039459378276007	9.330597207651039	0.0	0.0	45.684891360443885	0.0	31.451129933216095	33.69410342422131	33.6941034346425	112.45529623877391	97.68436732668522	97.68436728964869	11.948220157850898	11.948220097151506	30.46850211868471	28.52208144960389	6.90224571374668	3.4317341116345403	1.5803624141794046	255.0	255.0	255.0	232.2401612145276	0.00021050323076110544	255.0
