254.9850976058072	254.42176871185185	254.86897622953217	254.92338519165227	254.70681228769686	254.10554842247595	254.2472117166899	253.22916666666666	252.45	236.86666666666667	53.222399969878495	255.0	252.98769681844232	214.2	254.94363355485356	230.444444452	249.333333339	234.75891366887356	249.333333339	230.1375	252.42424242681818	255.0	8.072375225525917	8.072375225525917	255.0	12.012221365246319	255.0	246.8865802438882	252.38126594021014	254.94996978924053
254.98517064943724	254.76365085938068	253.24205706482985	242.85714287333334	253.53218212362637	254.24721202278008	252.42424242681818	241.6201690420032	249.701493062962	50.49140520945454	218.2015732010668	251.86618107	255.0	147.7840908251227	234.71590895754778	254.72315603483005	170.46448087431693	251.71406797108543	235.24442538593482	220.71488157057928	255.0	227.81980462604525	239.34513911101678	0.0	234.82234089863837	240.7872605789758	0.0	252.57590625	246.8865802448925	241.9332944606414
254.14195263047802	252.6353909466	245.8419792445069	254.745	228.73161711203332	241.62016905975418	250.99867706767066	250.99867503031757	231.33613601225414	248.359375	172.61459057612961	251.27587886467649	36.88659803233594	246.27220590548953	35.12798508613861	254.48278042072988	213.59636724386655	213.161614092585	174.60220156128395	0.0	219.20362424920705	210.11605415860734	254.46985448307228	204.0	231.52948300411242	241.64537961354057	229.39674599088562	253.44866275874702	241.13844228832832	253.71371891910715
195.43973795578128	254.8740740742	228.2809592022531	227.10670949481568	254.8786089625512	89.21591921591923	246.651785828125	231.33613601830743	229.72589076758373	48.44999999999999	253.56103356103355	234.77741529007648	255.0	212.73237410071943	234.77741529007648	199.35443798770262	151.5506128388792	253.8913931448451	189.1833567689626	214.11052299815609	215.1655088775337	162.9271385545344	211.6179183632606	160.28571428571428	204.0	229.33601637657614	247.87947763226794	229.3967459927117	219.8204081632653	210.23137480798772
1.011342414230569	144.08693027983247	110.02613866118057	232.3953201762409	235.46901724074777	64.61538461538461	245.01658857689807	249.23076923076923	215.81168858087588	243.88333876078605	1.4948518579525114	214.6153846153846	255.0	238.8693619958863	241.42011831	133.57142857142856	138.16998792674127	4.070155902004444	4.070155902004444	200.77370361618463	174.6022015357673	174.60220153928765	251.62721891553724	109.61538462196313	219.692307708	160.28571428571428	206.79398148148147	229.39674598374208	247.500512581504	250.1112426018
129.03482330098916	179.82047622621383	97.98248585444898	6.411035252155358	4.393129653677221	0.0	255.0	215.81168833476977	205.9707224430756	238.0325507500041	84.82549416779824	233.75	180.8181818181818	229.5	187.0	153.0	25.98636087092018	138.16998786581644	138.16998786581644	255.0	178.80635852100096	109.50726725503424	48.73333333333338	34.45945945945945	102.0	102.0	65.57142857142856	138.93263541192533	88.15318518518518	201.478739550466
254.0083575760301	60.87449563512854	163.09490406969883	126.91899350810232	255.0	255.0	207.9878464872328	205.97072222603853	237.33927538105627	233.5604791125	255.0	17.033684162190042	19.80497065930271	19.80497065930271	251.95583263937343	167.22107261845207	229.0439808568895	236.64703346803535	236.64703348502692	189.3204534670818	138.11427189195433	138.16998792674127	150.57911631140627	150.57911631639718	148.89261742468244	221.90588740311586	231.1999999983	104.11242603550295	166.17848332394368	201.4787395646644
170.54808747327002	107.5783550366188	16.62398342693041	255.0	255.0	255.0	255.0	194.87090256852545	236.98949845282527	237.33927513903754	220.1770338946926	156.52815153922793	251.21019108280254	19.80497065930271	216.52998258371935	216.9868443929529	175.869306424588	0.0	175.37627553310625	138.11427181829043	155.73629398618363	58.84615384615387	83.77707508534445	21.339975959825807	113.81355928569951	113.81355935084747	113.02197802280602	108.92618039824293	166.17848331546224	163.2
1.1975378069390388	150.21036243252092	46.84025086061598	235.3846153846154	235.3846153846154	233.7729409000929	194.87090256852545	194.87090227607874	194.87090237954592	255.0	246.30958753214392	156.52815146389594	14.501013727535934	251.21019108280254	235.35503556464522	251.2101910828026	160.47428332735856	171.30784523714306	57.477849250107994	160.11342805657466	99.5904029303727	210.9077809798271	65.93023255813952	83.77707514360995	79.11519678821568	116.875	25.5	41.04627766599597	118.22387695312503	175.3125
252.988885554579	140.5132802656261	0.47806691099145837	39.230769230769226	192.11791275465288	255.0	194.87090237574196	194.87090222434517	194.87090227607874	194.87090212837143	246.30958754759214	14.50101405209972	14.501014513517475	14.501014245361603	235.3550356160549	254.10882847687085	254.10882847687085	169.2188314423995	117.09822288635675	117.09822292349008	177.09621320415644	116.31728995472076	116.31728996638705	80.21934157875	137.17604607222762	93.41887420385214	118.66978842221641	86.66015624999997	155.31769475177066	252.77866666644
117.50841062842667	0.00901621209814607	120.63919940618567	255.0	255.0	255.0	255.0	194.87090141182438	194.8709022793502	194.87090212837145	187.00000011219998	14.501014586709317	14.501014513517475	14.501014497720547	14.501014948638186	2.5607169430982992	2.5607169430982992	250.792791704332	25.657461428654386	117.09822282477091	117.0982228686803	113.08697890408592	111.67880647112565	111.67880644946808	124.94994112806674	137.17604623189027	143.92199999999997	153.6507561436673	118.22387695312503	253.36429056165616
212.07093591694107	98.44878220648053	39.2307692307692	182.86918581284368	201.8661993465279	255.0	221.99859344211137	221.99859314035677	255.0	255.0	187.00000011219998	13.06978829762511	249.28421572648088	249.2842157634916	250.34530153426496	250.3453014398491	250.34530153426454	250.34530153426496	250.3453016306281	159.6406182883178	55.58962615013158	55.58962619807238	55.58962620364386	55.5896261958668	55.58962613383525	75.83030303030304	86.66015624999997	103.96444444444444	103.86712749615972	253.44866275874702
1.1975378069390388	255.0	222.0369719422112	204.3177098185135	209.0666605193031	209.06666059163246	201.86619904478775	201.8661990415468	201.86619904478775	201.86619904478775	201.86619906885218	196.153846095	84.99999999999997	2.0826200086922597	246.5481608136624	246.54816080001325	141.60113410961148	250.34529955038255	250.3453020581747	250.34530224613795	55.58962618031268	55.58962610697418	55.5896261400712	55.58962623019093	55.58962611995045	68.0211706102117	75.19230769230768	110.06581692653515	69.10499999999999	193.63292126930145
254.77224279630633	27.73548727941244	199.41037398707428	199.41037398707428	209.06666042565013	209.06666043112648	209.06666043112648	209.06666041474278	201.8661990415468	201.86619900696724	132.59999999999997	93.72383937307688	123.31856626171214	253.41734989130305	253.41735002409	2.082620048117832	11.94420572487482	248.54653248873709	62.78383277032495	76.11940298507466	43.22033894349326	55.58962613383525	55.58962611592784	55.589626161797156	55.58962601292572	47.8125	201.78861788617886	1.0823236297869414	255.0	246.69767441860466
14.608717150046715	203.68556874069378	199.41037388004958	199.41037383820282	199.41037386616478	199.41037386616475	209.06666045435287	209.06666044207907	185.68657067242788	59.264070933906396	106.09554215814396	174.36191973458108	117.16580124715435	1.5826499759099875	1.5826501086969245	34.71241937205943	117.54059889689569	246.16121244185342	76.11940296036423	85.13322880674255	85.1332288551136	45.93333955792093	45.933339585257215	55.589626133835225	55.589626133835225	68.5483871104839	94.2391304347826	87.57816854493623	193.63292126930145	233.14285714285714
14.608717150046715	203.68556874050307	199.41037386616478	199.4103738599288	199.41037388407213	199.41037380192762	199.41037389302582	81.36296657458848	104.34263795847093	99.32050446425205	100.57725489205734	111.16617875952366	169.67847667828923	244.70121712242457	244.7012171110297	34.71241948175131	244.7012170098699	244.70121700986994	244.70121699675116	8.451839199986694	45.93333954564713	45.93333957205385	45.93333956887352	45.933339574349844	45.9333394806969	86.70000000000002	94.2391304347826	201.78861788617886	237.2394010006285	68.19597631742752
203.68556895391401	203.6855687211468	203.6855687532368	199.41037376980907	199.41037379635614	199.41037384986845	199.41037381968732	89.95353408353472	81.94320767602622	81.94320768629643	90.3890633383586	88.38564748365704	244.70121696141484	40.77093014721808	40.770930150444855	75.81957428541622	75.81957426700686	8.451839186337622	56.222888083407355	30.029449607419423	41.72727272727275	72.26479416944503	45.933339408367544	72.46579254764774	45.333333333333314	47.8125	72.13081418715632	0.3919293376005726	142.8683060816207	160.68295690152667
18.110407485961844	203.68556872776935	203.68556877978776	147.28854488859355	199.4103738041332	76.55234734205035	87.11457347951824	89.95353409154117	81.943207681682	72.4900764590763	92.01912809687695	81.94320764127986	81.94320769482874	81.9432077055709	81.36296665697196	70.21776562985707	70.21776567486191	11.484943321236358	56.222888223603064	30.029449591894945	72.26479432100123	60.129097871628574	60.12909772064978	60.129097871628545	60.12909858817562	42.49999999999997	26.08351197377587	111.65642725413434	1.5653086528396045	255.0
18.11040761096976	18.110407652639083	203.68556870256197	76.55234724888328	76.55234734205035	76.55234733285175	76.55234750078873	48.315013144051846	85.79962523262066	97.43948926410053	92.01912809687695	0.0	81.94320764127986	81.94320767697909	37.664872239907254	37.664872241923035	37.66487223775158	11.484943268627404	37.66487240857484	8.690412452407855	60.129097871628574	60.129097723921234	60.129097775654856	60.12909762425804	60.12909743147455	42.5	26.083511995047928	11.195177683471996	65.20334624326836	12.773044689726078
18.110407472613787	18.11040765795508	18.110407716739473	36.55815588547094	76.55234727768894	76.55234730340709	76.55234741180936	87.11457342355715	81.26425501378898	48.31501305997077	48.31501308497377	48.315013074218314	48.31501306504771	48.31501306504771	48.315013104278165	0.0	37.66487224566788	37.66487224005061	37.66487224005061	8.690412467856078	60.129097620454104	60.12909772392126	60.12909765006762	60.12909762425804	60.12909743147455	26.08351204227617	26.083512024797272	18.791489358248924	3.5143348103094922	190.4455117146819
18.523745751178723	18.11040761096976	18.110407677549915	173.15058120790485	36.5581561143874	36.55815625268963	88.70918607707509	77.74530044453999	78.45798251884531	78.33895140906415	48.31501297741639	48.31501297741636	48.31501307191894	48.31501317102027	48.31501310599407	48.31501313433802	97.43948926410053	48.31501317414424	37.66487223344018	22.61279391876451	60.12909743147455	60.12909772064981	36.95147033555196	25.146106171434468	31.134109439487986	48.44875860177805	25.5	204.0	226.25644231562785	75.25386632504942
120.63919940618567	166.88213328978782	18.11040765795508	173.15058110201574	173.15058103592733	36.558156103447885	36.55815609797804	69.17124105622804	103.5226962132335	7.698168411290482	7.69816842093428	7.698168418299019	48.31501304787466	48.315013067936235	48.315013075901675	48.31501310201131	48.3150131099768	48.31501317414424	48.31501315267914	38.56813397945112	38.56813385224319	29.773877192028664	38.56813371835594	47.837020649224115	26.610799454988467	175.3195235894358	25.5	204.0	36.94377319895597	135.17638416095025
0.1316384024820536	11.668160204999992	117.99371690835102	18.110407735977645	173.15058106192504	173.15058105573067	36.55815606810825	36.55815606335727	36.55815606098176	132.501962445	7.698168335751319	7.698168414930876	87.67625506856575	36.941900385600434	48.31501307421834	48.315013075901675	48.31501306504774	48.315013104278194	38.56813369481088	38.56813376174949	38.568133761749465	38.56813378344637	19.308782038136854	19.308782070000007	19.308782038136854	13.677418887864206	175.3195235894358	249.9340379769205	148.07490830874664	1.6705316608421867
187.0810621177804	11.668160130836014	11.668160120000039	11.668160077500005	117.99371694608192	173.15058097964356	173.1505809037505	255.0	255.0	237.05659676213904	237.05659666687257	237.05659663597345	7.698168428839381	87.67625498452693	8.438278286187995	8.438278292142684	36.941900382518014	38.56813371835588	38.56813369481088	38.568133718355966	38.56813372503541	19.700280982126145	19.308782070000007	19.308782038136826	13.677418935710364	13.677418889700078	167.58900253029617	14.631023987616175	3.463853196575741	37.74653022551442
107.06629972657794	18.523745751178723	11.668160075463504	11.668160093920989	11.668159949999989	55.99530548479143	116.8300120732587	116.83001213418356	173.1505810232802	5.860157040100489	5.860157296406214	5.860157123477165	237.05659670846165	237.05659675903533	69.39865943287865	85.15829381629487	38.568133379946175	38.56813371835588	38.56813370236702	19.70028109979299	19.700281258319848	19.308782070000007	19.308781935777432	13.677418931258671	30.727118881624307	30.72711880374837	54.99496992595215	231.17401076704772	201.715065671086	254.07332104555223
11.228637308016431	0.1316384024820536	174.83795236608188	11.668160135903463	49.8455188412035	52.08384176433094	47.67511866527809	44.185858344375134	13.085759023430995	143.7075768007525	143.70757707791398	5.860157123477194	5.86015713793546	5.860157287276792	237.05659666843593	19.70028109979299	19.700281120222996	19.700281166255337	19.700281143123675	19.70028109979299	19.308782070000007	13.677418935710364	13.677418887864206	30.727118881624307	30.72711880374837	46.8781484813849	182.12990281289	111.27284998628613	4.4367432705798535	0.6658857924518315
247.51352558789313	207.30878748113818	71.33919213013834	246.0779339179998	143.7916034413019	0.5192269662704803	0.5192270034364128	0.5192269786338954	0.5192270033607542	143.7075768638719	143.7075768007525	143.70757695697083	143.70757693409342	143.70757694928378	143.70757700076388	11.614331700575775	11.61433165476248	11.614331659832118	13.67741918307621	13.67741895203801	13.677418959633428	13.677418931258671	13.677418889700078	13.677418889700078	23.03024490733773	156.3525342773827	250.9457099713996	6.602773631655566	97.77108696624057	1.0368630254336892
133.02307175268234	16.8028182753838	64.2375798748107	8.190895078656808	6.562921269940745	167.54924446853363	0.519227003663417	0.519226922078019	0.5192269866419394	0.519226986707622	0.5192269865762	0.5192270295749779	14.705014595961842	11.614331659832118	11.614331631855833	11.614331639935614	17.614264416158647	17.614264411250076	17.614264411250076	17.614264411250076	17.61426430451357	13.81231093794824	13.812310936301486	13.812310942888473	220.97746225803277	156.35253413506442	156.35253414793394	94.1594935988231	16.255339726238958	12.704527671893743
10.106750418732133	9.906210791464076	11.269621475881195	20.815280513424966	25.202958303545103	64.2375798748107	29.96466854340784	35.642129522906544	129.19444777909052	0.5192270296845436	0.5192269866419394	0.5192270034111743	0.5192270033607542	11.614331700575775	11.614331534756587	17.61426440736389	17.614264429580857	17.61426438789178	25.298732771755652	13.812310912925682	13.812310912925625	13.812310837996478	13.10051519620339	69.25617754596345	156.35253399644353	156.35253416029337	156.35253415116733	3.3537750809551596	135.64522298144158	0.0
1.0766579362014852	9.767619219439695	10.131074461813853	11.269621475881195	0.041889105060420206	255.0	0.7864057503843185	32.57536585338528	35.642129522906544	32.57536585338528	40.76568839783258	3.5893330247928077	0.5192269866419394	0.5192270033607826	0.0	33.670644495906345	33.67064449032168	13.812310933007979	13.812310912925682	4.343557380310614	4.037684342849303	0.9724626355313717	5.334107074904836	5.968409434372376	82.91372115739233	156.3525341232151	156.35253405403938	246.74840340514004	138.54326398544094	0.0
