254.4889449592147	254.60201189185184	240.16116409813304	253.58347206221197	242.85714283881862	247.3364791766827	242.35449644002148	208.02631578947367	91.79999999999998	255.0	243.5560817657724	159.375	135.68519685171077	236.86666666666667	92.92567737359258	238.0	229.5	156.3059972206545	229.5	123.85714285714283	231.8181818181818	239.35407727049594	253.06112164850344	253.06112164850344	232.63835467578556	254.8309296603782	244.37616347925893	231.76312789776915	247.68583627172586	253.76687460612857
254.99478914136685	220.31405248947812	254.0277154382678	244.92592591333334	244.41391939835165	242.3544995509392	231.8181818181818	237.8500675458325	231.53096665666786	239.85411710522266	162.83806612097266	94.416909705	208.3467577714148	121.70454538539516	52.15909087945511	84.79196009669778	195.66256830601094	213.71134534079414	150.17152658662093	143.3822382003105	206.36398480294062	229.7635032920834	244.54586565450902	246.71600348973948	234.3467946557114	241.04640930869147	253.23315248676184	187.55510204081634	231.76312789828143	254.7602957951194
252.67334005517702	253.86666666666667	250.3463687186747	124.44	231.79632520868742	237.85006751341663	222.12819372217143	222.12819285917712	225.4853499518922	175.3125	69.48388269276413	76.52938601323254	223.0304785364883	107.08201099683129	217.5768477902617	66.76341978684283	156.68406374290845	143.1175747644408	140.57633795893872	237.45295381609043	219.8234878643687	195.81237911025147	206.7567567707268	242.25	231.70490789700978	239.16144681341672	203.36359593101056	211.8353344768439	240.11785359256396	250.02898077097854
251.09549485182453	252.45	232.0556224250264	175.83195172284138	228.2130251346954	216.82952182952184	218.40277771875	225.48534989421245	223.95850430611762	91.79999999999998	124.73566973566975	198.9480952134362	106.25	171.8065775950668	198.9480952134362	204.31579256329425	216.8199092092828	61.61241071843932	230.70903528557494	214.9270544524836	213.81652529028756	239.33616772007485	186.68008158987124	230.0204081632653	242.25	211.97728745313043	205.45141883630583	203.36359593465704	252.55301957517702	252.11152576305685
208.65888685864488	16.971063460112646	232.11511074343844	73.79708906683393	19.44873634442635	185.76923076923077	211.4585947083647	93.46153846153848	207.34848517768424	203.74926862850322	243.21196915508736	148.84615384615387	106.25000000000006	51.85359155313	67.65306111000001	159.375	211.88151867840145	232.85077951002228	232.85077951002228	200.4218768930163	140.57633792171748	140.57633792733128	207.69230768290984	236.53846151621997	204.0	213.3673469387755	227.75641025641025	203.3635959165672	236.53021553993023	244.8
0.35306148527254777	225.14983263911634	3.0821109214401474	72.63974949224553	230.93526827286144	143.55550407196478	24.712053314999963	207.34848493600202	196.09175774902582	179.88960846785116	213.81028156367793	127.49999999999997	136.3090909090909	51.0	255.0	187.0	189.22777700787827	211.88151867035631	211.88151867035631	160.81641377660335	154.36045420895113	255.0	134.11111111111111	241.21621621621622	220.999999983	220.999999983	255.0	247.57168866636323	197.68971193415638	251.21321099352903
244.52536384555503	4.129413388924178	24.133696206339096	77.29153778670101	24.71205331910832	24.712053392938373	198.11294590025258	196.09175783796314	177.20338994478598	184.35319955625002	76.05555890942463	159.6512218158723	170.05868139454608	170.05868139454608	44.75359396217354	191.30098318879473	171.81649136417897	161.46300053287206	161.46300054370283	187.70947672320477	220.40478752569567	211.88151867840145	107.73271896217625	107.73271896256526	25.671140935290055	196.32506982966026	226.3125	230.85798816568047	241.11698794461685	251.21321099408547
191.06878911239647	171.56943377968187	168.34650566035953	24.71205331499999	24.71205331499999	24.712053337565862	24.71205318218054	183.58026260842593	175.8565297879902	177.20338983527006	100.05556928287305	183.75689216659737	38.25902335456476	170.05868139454608	65.90961149239195	174.36191968717029	189.15928311094783	208.10619965811338	72.13002276438985	220.40478744945898	127.91701872318511	176.53846153846155	183.14276696779928	255.0	210.6991525359997	210.69915254237287	218.33791208951163	169.42720530485457	241.11698794426516	250.4666666712
205.48966676192194	133.32983789455545	15.282077258848688	58.84615384615387	58.84615384615384	163.54864682179462	183.58026260842593	183.58026253815873	183.5802625616082	24.712053569999966	146.10145020272034	183.75689214106745	148.8722060398323	38.25902335456479	133.02417007312332	38.25902335456476	91.22432868837078	171.40797478195674	161.88716519506778	140.96053312202145	175.18899877276715	58.78962536023053	130.81395348837208	183.14276691797025	131.8586612972105	205.859375	229.5	227.67857142857144	172.137451171875	242.47859074519232
254.89468185187738	134.59098964982235	173.67405915903345	137.30769230769232	178.01948436992475	48.26781203322804	183.58026241564244	183.58026252643407	183.58026253815873	183.58026231043374	146.10145017028492	148.87220667885123	148.87220638667173	148.87220642710662	133.02417005923553	111.78131694779103	111.78131694779103	170.42733910693437	88.18989519663623	88.18989523882513	169.47039986681435	79.4977360389066	79.49773601819132	167.55359938124997	153.64684584788978	75.06265899049407	110.53243148022892	134.47265625	146.26096997415328	251.77265625
1.9794712009728812	118.0185753276829	71.59620419382347	48.26781180431158	48.26781189348836	48.26781185407657	48.26781186617356	183.58026260842593	183.58026231925066	183.58026231043374	93.49999991585	148.8722065777368	148.87220638667173	148.8722065022846	148.87220621580815	200.81269195827687	200.81269195827687	35.1984893591586	79.42475496756455	88.18989513843488	88.18989516645615	127.64120140583965	127.31467379075272	127.31467388705875	18.874287722052827	153.64684589376577	115.362	90.02126654064273	138.20570203993057	216.7076703213526
245.9743988003711	116.35017156183531	137.30769230769232	95.81729036823614	73.33433497254356	48.267811884079265	143.71446587503593	143.71446611965823	48.26781189710451	48.267811874670144	93.49999991585	135.57072960739316	130.08527787244424	130.08527788731965	32.274410266149715	32.27440996997055	32.27441026614943	32.27441026614909	32.27441010282763	159.49836458541037	148.36772324831105	148.36772321902566	148.3677231947987	148.36772324539166	148.36772318467564	48.93939393939394	103.48307291666666	69.17417417417417	69.10942300307218	211.8353344768439
200.37424294655582	0.0	42.40528844360006	0.0	136.8307961605915	136.83079605373163	73.33433436906324	73.33433458545571	73.33433457022335	73.3343346708034	73.33433454776932	36.428571465000005	106.25	183.22956749646877	95.05681470766797	95.05681469565934	139.48218325946866	32.27440996997055	32.2744100496848	32.274409632814496	148.36772323955276	148.36772323620067	148.36772321555566	148.36772323620067	148.36772325706931	53.79452054794518	48.527644230769255	26.633942985435084	124.44	243.686949518726
22.88267054234109	108.33134455917761	106.63227684995533	106.63227684995533	136.83079618720276	136.8307961100856	136.8307961100856	136.83079611808262	73.33433458545571	73.3343345728936	91.79999999999998	123.31856626171214	255.0	81.15070473678355	81.15070512171806	183.2295675130885	126.04724672574852	27.77753983891094	221.2306998107326	49.47761194029849	77.79661017608444	148.36772293824217	148.36772321902566	148.36772322593407	148.36772315004467	79.6875	150.65040650406502	63.94120971572434	244.70808939663974	255.0
71.64630217699172	28.240369389527643	106.63227674293069	106.63227677406596	106.63227681532436	106.63227706175783	136.83079611808262	136.83079613826263	25.908656969319026	76.05555890942463	106.38650325144323	26.921066246994428	115.5194631257483	173.84929487828197	173.8492952632164	153.15721563942662	118.81977170875743	24.942983223862143	49.477611955636036	98.96853154604065	98.96853145738635	118.16920386173737	118.16920388191738	148.36772318467564	148.36772343110908	63.06451611532259	49.891304347826065	242.59395840764535	243.686949518726	255.0
71.64630217699172	28.24036935081861	106.63227681532439	106.63227678444437	106.63227678097428	106.63227678097434	106.6322767637993	37.25549941471087	68.77725920590521	99.28992999262411	99.28372152137231	113.50336034006128	37.3581009494479	18.90535731529104	18.90535696002499	153.1572156233816	18.90535705828725	18.905357004150005	18.90535659513452	159.94318530434063	118.16920388191738	118.16920388191738	118.16920388991437	118.16920381279724	118.16920383940848	66.30000000000001	49.891304347826065	150.65040650406505	126.79730458680291	4.653286029365944
28.24036914114933	28.24036940028509	28.24036947036771	106.63227676379933	106.63227680520126	106.63227675168895	106.63227676044724	33.77890900285712	23.407458839425516	23.40745886498948	92.27022052224171	82.81933418713828	18.905357116781687	74.60870797008965	74.6087079974582	63.745927475795725	63.74592749579841	159.94318529233203	35.57904877495287	98.25396991338408	32.45454545454547	84.89581290038859	118.16920394626837	85.62643656742023	28.333333333333343	58.4375	159.18270963176388	149.8825445207342	213.18093984040655	202.04972342166832
79.55480077005168	28.24036923126951	28.240369368012608	131.720856521408	106.63227675460831	47.82869095136445	30.328017851667283	33.77890903746615	23.407458823440862	16.5316938212664	79.57382311928222	23.40745881996267	23.40745882368276	23.407458855410113	37.255499444166304	52.27181795999243	52.27181795094256	148.79149030575675	35.57904878665116	98.25396990714145	84.89581303232632	71.41973768956626	71.41973768074934	71.41973768956626	71.41973739157407	26.5625	117.17854127917988	28.36398058455123	247.14199534873057	98.57694873568684
79.55480067913831	79.55480064883383	28.24036939066832	47.82869081583456	47.82869090845685	47.828690905367495	47.8286910844333	33.56970208642397	85.906964695721	91.66930596161589	79.57382311928222	87.89708904445689	23.407458901014678	23.407458849460028	88.35148491916445	88.35148492336475	88.35148492870235	148.79149030598987	88.3514850353454	108.89854982971508	71.41973743839179	71.41973746184121	71.41973747356599	71.41973758435756	71.4197373915741	26.5625	117.17854122918652	163.61623992952286	143.73020601385855	221.29466968959895
79.55480050350016	79.55480067359403	79.55480071713092	48.26781203322804	47.82869088700306	47.828690798498	47.82869073244524	30.328017825855625	81.68412387885297	33.56970208642397	33.569702110211495	33.569702086830546	33.56970208045868	33.56970208045868	33.56970212248794	79.57382311928222	88.35148493214913	88.35148491897263	88.3514849379876	108.89854979727963	71.41973743839185	71.41973746184127	71.41973747356602	71.4197373915741	71.4197373915741	117.17854124411568	117.1785412470974	159.6972326630985	63.11277912113363	248.28167503939684
75.06047345752779	79.55480067913831	79.55480064592066	18.202690570740145	48.26781180431158	48.267811874670144	105.00739693844699	77.97521122488146	75.41914960096861	79.58494044174904	33.56970208683049	33.56970208683049	33.5697020737054	33.569702086830546	33.569702110211495	33.56970206134335	91.66930596161589	33.56970218322371	88.35148494777812	42.4279782998496	71.41973739157407	71.4197373915741	33.76811181473303	31.117357733526035	19.13759923875827	59.43429716221152	51.0	255.0	66.97353364826952	5.221344008502655
6.346318546624218	0.0	79.55480067359403	18.20269048880661	18.202690446635614	48.26781186617356	48.26781189710451	69.5905761327507	76.17469895341677	98.21161656034263	98.21161665361834	98.21161627085743	33.56970212551994	33.56970209195842	33.56970209749292	33.56970212846451	33.56970209195842	33.56970218322371	33.56970217088889	23.734773958744057	23.734773972694114	22.958443821961396	23.734774141755793	35.640705658338675	16.357198730297455	119.95635003258818	51.0	255.0	160.79005926327812	224.41615954287295
87.91144043345099	24.712053314999963	47.29656328683484	79.55480058822485	18.20269048459201	18.20269047363786	48.26781189348836	48.26781185407657	48.267811884079265	18.91587450000003	98.21161630069568	98.21161624501758	111.68172992543023	49.597519292221506	33.56970208683052	33.56970209749292	33.56970208045874	33.56970212248794	23.734773968044152	23.734774011574927	23.73477401157487	23.734774011574927	11.668160130836071	11.668160119999982	11.668160075463504	24.68144357977107	119.95635003258818	202.1458031041498	254.20828068735312	141.68666632164587
12.88781470953765	24.712053392938373	24.71205331499999	24.71205331499999	47.29656316008138	18.20269042508673	18.202690480377413	71.53733548451183	71.53733549843997	14.150582676125367	14.150582734078057	14.150582802006824	98.21161633549892	111.68172993573918	29.695650474548188	29.695650516348792	49.5975193130281	23.734774011574927	23.734773968044152	23.73477394648455	23.734773986644285	15.057214445965485	11.668160077500005	11.668160093920989	24.681443625435435	24.681443626457423	140.10294706507483	161.63381036009554	99.63344451160114	4.422179396970222
73.99767077564053	75.06047345752779	24.712053337565862	24.71205331910832	24.712053569999966	56.03365960445464	43.11848132159855	43.118481329643686	18.202690551331216	77.6807246604377	77.68072484509676	77.68072484509676	14.150582606723503	14.15058300579318	69.35028602576796	76.15790283316161	23.734773958744057	23.734773881394062	23.734773972694114	15.057214591457551	15.057214727609193	11.668160204999992	11.668159914413224	24.681443644163977	14.501093907098323	14.50109380660615	11.733563153477633	243.24852892316648	74.03407418764425	221.92162107089248
209.48593621582413	12.88781470953765	26.36208725726206	24.71205318218054	49.890632931346744	45.57848135606994	54.207348557535084	56.8357351219737	26.921066246994428	88.5287961258446	88.52879639995177	77.6807247874537	77.68072483020555	77.68072485631743	14.150582582422203	15.057214331473432	15.057214437128408	15.057214533955403	15.057214548126808	15.057214526461536	11.668159949999989	17.14511591788002	17.145115870721384	14.501093907098323	14.50109380660615	165.75165402282317	255.0	131.56843168952605	254.7626318762071	254.8028142265756
238.0235807211671	9.525787648454354	50.93940254957718	48.68326851398106	0.0	78.75398716005	78.75398716005003	78.75398718100121	78.75398722290365	88.52879624036791	88.52879640432639	88.52879639995177	88.52879637209944	88.52879635796373	88.52879635598592	22.761574231986145	22.761574236270604	22.76157424355955	17.145116012197178	17.145115928856143	17.145115941459295	17.14511589739689	17.14511590034951	17.14511590034951	71.99616450855797	255.0	142.28274438534584	15.5639372242822	237.54743128772924	0.06486761744932323
205.05365035157	254.53766331368828	255.0	0.0	0.0	89.7951918524117	78.753987120153	78.75398717518499	78.75398717518499	78.75398715287298	78.75398719749703	78.75398719085044	191.59761744421542	22.761574212290697	22.761574238412862	22.76157421415141	15.983451647371396	15.983451464636147	15.983451464636204	15.983451464636147	15.983451404528012	8.346681550390713	8.346681579797519	8.346681462170437	185.3239164562707	255.0	255.0	135.39459575070657	1.0366033052186765	234.4736838672404
10.128442378555775	11.821656667391665	12.274058139827702	18.82194641982636	24.816573316204313	255.0	29.86016440801083	255.0	96.27562641868838	78.75398717518502	78.75398717518499	78.75398718100121	78.75398722290365	22.76157408798767	22.76157414975293	15.983451517368934	15.983451465238858	15.983451445001919	31.500818995352432	8.346681587196684	8.346681560789932	8.346681431349225	130.04808610065737	57.682052275129564	255.0	255.0	255.0	254.51718866894063	200.3811786764922	0.0
1.0901799661342864	10.034452028115055	10.22786287703559	12.499510235246618	106.40378134026486	21.742031287779838	143.09582331731258	255.0	255.0	42.768578068619036	255.0	185.3239164562707	78.75398717518499	78.75398722290365	140.10294706507483	94.08248534530901	94.08248527592798	8.346681638611017	8.34668154758657	35.35050245425879	33.136030442084916	8.313517719384322	2.3667504974898748	1.905271885451583	191.9817856261043	255.0	255.0	241.04807557252047	246.36043524025092	255.0
