254.97357080214604	254.86888179555555	252.2735181861721	254.95779581893242	239.26210322376883	254.45127034254807	254.55361310465437	253.22916666666666	191.25	250.46666666666667	211.58059306155025	72.85714285714286	234.4260299209701	163.2	221.74434291701988	244.8	207.4	198.97782971983696	207.4	221.53125	204.0	250.15014638251608	226.93938433908522	226.93938433908522	247.05017851883974	245.69157020707624	253.07805498314042	253.0541418067894	236.18545378795397	254.39187881152472
254.99806830844014	254.4234484863281	254.46841613810275	249.21768709333332	243.5243327967033	254.55361244104313	204.0	243.50265111696694	251.42389185861006	205.5777294072575	153.66310351554728	223.125	250.73650720517173	243.4090907707903	179.65909066212552	211.3319345904261	100.56010928961751	210.74361252311223	196.20711835334475	217.43326248903458	236.5437787014766	227.36616293182928	248.28326299850235	231.75537064495336	236.62854270908173	240.9194512801883	245.20631299303898	250.6072265625	253.05414180695686	254.139375
254.8048213433089	254.592	254.33131912421592	223.125	0.0	243.50265105568207	252.4089684082507	252.40896816412575	234.36231789967988	248.359375	249.75952778651347	217.21847516821984	176.85178206880386	213.1919436960543	170.75134915988372	190.16215959918446	199.459109116824	202.19274887341254	205.27340255494727	208.46739172501935	219.87172617586998	236.8737911025145	68.91891890634585	248.0454545385	231.61991600638112	239.56221521749373	245.11758071143277	241.39302382221186	252.05491253738546	254.80708660776443
35.233274368474355	246.11466666666666	228.73161711203332	223.63035359285428	229.9728986844255	253.56103356103355	249.36224484375	234.36231780711452	232.76571825223115	191.25	47.78883278883279	253.5342550877738	42.5	204.1677286742035	253.5342550877738	216.60091419459843	158.04723625948765	180.09409064335478	193.3166432310374	214.89937216349338	215.01663437701876	214.091823176695	232.14924430253325	216.75	248.0454545385	185.87863344810825	243.75778935958985	245.11758071215957	249.2625	183.89948512864822
3.1246565860574833	253.79947092615242	246.89609529546007	51.86293047033115	247.49905887393166	249.23076923076923	248.25597402853083	33.46153846153845	220.34554738977317	247.22826073080515	63.956003438306595	211.15384615384616	42.50000000000006	180.02651824055465	191.25	72.85714285714286	229.35404071752387	170.47327394209356	170.4732739420935	200.0507666911006	205.27340253998125	205.27340254161447	98.07692306094674	252.19780219628063	169.999999983	216.75	240.25874572392752	245.11758070869743	252.88351909918637	226.6666666644
206.15040706836822	10.223551928064353	163.1259873135482	170.43907303736216	122.77596699030047	188.41725826990466	76.76264897999997	220.34554727459255	211.3565432600766	243.1123001802316	225.96571974793093	233.75	170.61818181818182	127.5	221.0	102.0	139.04007049331491	229.35404061341183	229.35404061341183	206.35932540861364	125.59929014535942	202.79103724402654	224.14814814814815	253.74692874222973	236.785714293	236.785714293	216.75	100.51433773327264	251.26730681298582	176.04180255653543
228.3522775997422	18.15188129262623	65.92699524675595	0.0	76.76264890593558	76.76264894285057	213.32110956443825	211.3565432786713	242.62326711845017	239.8798291875	28.2766471634543	106.77693322273498	117.5975146703486	117.59751467034863	147.1421530012829	240.01292301776004	247.38662209236293	228.03977262129007	228.03977260667887	188.37562631313938	186.60295848380616	229.35404071752387	100.79704831357864	100.79704831331242	172.85234900707175	81.91340785569955	205.01999999999998	72.42603550295857	139.33993793268084	176.0418025647847
10.223551928064353	254.88795405162813	99.7990148975392	76.7626488525	76.76264889500001	76.76264888747806	76.76264886544314	201.13492864045836	242.37645213763406	242.62326658385652	220.1770338946926	236.10215679221324	134.44798301486202	117.5975146703486	165.551917321458	144.82740812565322	204.00000001316815	163.47346268081867	162.61747322390454	186.60295843191352	185.57902223825602	39.230769230769226	64.92288336511757	171.15287412095415	90.76271181737718	90.76271186440678	220.90659340821176	25.063078514840214	139.33993791676676	253.698979596
202.13833764226848	46.57745264187736	245.5444915353624	19.61538461538464	19.615384615384613	240.10596950670885	201.13492921880888	201.13492872087454	201.1349287385602	76.76264897999997	134.47312551516978	236.10215672806248	96.1025462664623	134.447983014862	128.56099600197462	134.44798301486205	147.05734058480365	171.37540638556914	186.84838325914632	107.77568129361032	156.23892465528337	5.144092219020138	205.11627906976744	64.92288334073248	16.99511632878452	92.08333336875	243.4090908975	233.68392170975855	156.14000108506946	146.38888887980772
226.0460880685399	133.9536617453753	27.152898255567095	235.3846153846154	199.82027122354688	16.60804412251656	201.13492864045836	201.13492871203172	201.13492872087454	201.13492848738576	134.47312548316438	96.1025469426225	96.1025467857597	96.10254662435324	128.56099594121594	181.25285668177378	181.25285668177378	170.49608971510753	149.03569354956034	149.0356935744759	142.10668755215724	73.89569008888142	73.89569008950104	61.10744239500002	127.03339564732687	11.800145362737453	61.560874089490085	119.42057291666666	86.52076130374948	245.20392
219.52695919332103	27.148051141429335	251.83121248016025	16.608043893600097	16.60804395952053	16.608043924223153	16.60804396493586	201.13492806210783	201.13492864045836	201.13492848738576	60.107142783010744	96.10254648795188	96.10254636907337	96.10254668106782	96.10254721181033	137.85860249038132	137.85860249038132	128.01732093161485	166.30263687554088	149.03569350089538	149.03569353280213	104.35083361777623	102.378253426865	102.37825351940285	212.98309052370283	127.03339576827992	57.52800000000002	0.0	30.5653211805556	242.62410451511158
248.85524447058503	129.65187402543208	235.3846153846154	58.81328342485418	201.8661993465279	16.608043906574466	231.02563674733804	231.02563638915493	16.608043886145452	16.608044052462702	60.107142783010744	86.54379434081366	87.31164382515655	87.31164388720694	121.57394090247104	121.5739409142619	121.5739409024703	121.57394235268956	121.57394057495608	159.19324464339263	41.76078073891321	41.760780782863094	41.76078073891321	41.76078080442065	41.76078071417126	10.199999999999989	20.807291666666657	15.011051051051027	14.99699980798772	241.39302382221186
172.2250082088957	60.83709058427888	13.619868011328208	40.333365616098604	221.27850886303713	221.27850899163903	201.86619904478775	201.8661990415468	201.86619904478775	201.86619904478775	201.86619906885218	127.5	42.5	110.25502337635064	18.31840750223742	18.31840753567954	141.86633672295585	121.57393902479535	121.5739399548919	121.57394052306478	41.760780721386084	41.7607806939923	41.760780744755635	41.76078081720905	41.760780756440425	8.066002490660054	10.11418269230768	230.87023749916966	223.125	246.15183076135602
129.66830488543997	222.0369719422112	213.2392192435596	213.2392192435596	221.27850882128894	221.2785087645056	221.2785087645056	221.278508754683	201.8661990415468	201.86619900696724	122.40000000000003	57.477849466180345	161.8871652522563	150.19759097846753	150.19759112374226	110.25502342262138	79.75326143528915	108.07845614223334	132.9952892150031	45.67164179104478	8.644067775732566	41.760780714171176	41.760780782863094	41.760780747676876	41.7607807564404	69.06249999999997	248.78048780487805	110.04191887083323	123.11761078204805	224.1627906976744
252.00742623319553	8.731528031414541	213.23921924355957	213.23921925232315	213.2392192858288	213.23921928582882	221.2785087150729	221.27850865093882	109.71452417934529	28.2766471634543	106.25419308617302	74.68777074986073	115.15230493239687	104.80240887625772	104.80240902153244	224.97702039177113	118.31708616879499	98.65526039218798	45.671641787636446	77.18491749591766	77.18491739488636	33.72149134906118	33.721491245317	41.760780714171204	41.760780714171204	32.903225806451616	0.0	7.447260654398065	246.15183076135602	196.71428571428572
252.00742623319553	8.73152804552069	213.23921928582877	213.23921925524434	213.2392192171369	213.2392192171369	213.2392193060077	70.98131604606638	95.06925363172851	99.29089948280708	99.62639996307686	108.45418903743513	115.08791618135834	81.98487260946101	81.984872512079	224.9770203233022	81.98487235572722	81.98487240986441	81.98487197292633	236.68159246432046	33.72149128492711	33.72149125852036	33.7214912354944	33.72149117871106	33.72149113696284	30.599999999999966	0.0	248.78048780487805	12.773044689726078	128.62834185910566
8.731527656174563	8.731527937604568	8.731528106632453	213.23921918279092	213.23921926108676	213.23921926108676	213.23921927861392	53.901664392756516	71.4798230942585	71.47982310034709	92.65897364978412	80.81217805051364	81.98487229797374	78.09718054269115	78.09718054260293	115.3935322068925	115.39353218683368	236.6815924977626	32.72253403439893	101.82718811450519	4.6363636363636545	65.13371387797685	33.72149100836097	65.06947715416243	5.666666666666657	10.625000000000028	196.18671657514582	39.25429798408777	246.46252597364608	0.08570977132279722
203.68556895391401	8.731527857851972	8.731528219034516	156.49120336219264	213.23921919557938	68.74857795978747	50.03917399341421	53.90166441563716	71.47982308159189	95.59380543561392	90.58782028275792	71.47982309261619	71.47982310397617	71.47982310692515	70.98131613021982	95.40378528837638	95.40378525880465	73.29925582251954	32.72253401423998	101.82718806039139	65.1337136086133	53.86507151261421	53.865071359541616	53.865071512614236	53.86507193789217	5.3125	16.608043893600097	155.8007823352902	132.84631565998683	243.94000662821944
203.6855687211468	203.68556874069378	8.731528023705607	68.74857795498306	68.74857795978747	68.74857799106414	68.74857806322626	68.32372335563142	85.84377802391415	87.57785146817758	90.58782028275792	85.2687776917058	71.47982309261619	71.47982310018949	72.14749128401081	72.14749126940396	72.14749127988156	73.2992558339595	72.14749135919035	120.52687451683565	53.865071261439795	53.86507127912546	53.865071287968334	53.865071359541645	53.86507135954167	5.312499999999972	16.60804395952053	54.69854937155	93.48036061489375	248.62582479382831
203.68556872776935	203.68556874050307	203.6855687532368	16.60804412251656	68.74857795978747	68.74857792508351	68.74857768692232	50.03917396221706	81.126009759147	68.32372335563142	68.32372334024325	68.32372336989684	68.32372335692841	68.32372335692841	68.32372334396007	90.58782028275792	72.14749125122387	72.14749127849402	72.14749127849402	120.52687448483022	53.86507126143985	53.86507127912546	53.8650711623811	53.86507116675813	53.86507078119112	16.60804396493586	16.608043924223153	61.927704620889074	223.14945952485414	3.02309727879242
174.5436573622112	203.6855687211468	203.68556870256197	81.84941906399308	16.608043893600097	16.608044052462702	119.76132011598739	78.44963667975841	74.09542784645552	78.5846735109578	68.32372327309488	68.32372327309486	68.3237233304871	68.32372327309488	68.32372334024325	68.32372341482528	87.57785146817758	68.32372340179595	72.14749127162307	4.359295564821252	53.865071359541616	53.86507135954167	17.019586069593686	5.369022326518319	3.7481474326474995	42.61566700812497	127.5	153.0	175.6975931489133	22.827218628186586
31.382279135819488	166.88213328978782	203.68556874050307	81.84941901606803	81.8494189640727	16.60804396493586	16.608043886145452	69.10597557542462	76.61877738217981	57.19198865981298	57.191988232088704	57.19198838708368	68.3237232380246	68.32372332485505	68.32372329407866	68.32372335563136	68.32372336689559	68.32372340179595	68.32372334396007	21.74724183471281	21.74724169761845	3.2000493904482994	21.747241764286883	15.78879622322603	3.2035989290706937	243.45477864800435	127.5	153.0	83.25316801333634	160.36885391609667
43.773118886396276	76.76264897999997	26.699470595480335	203.68556877978776	81.84941893807502	81.84941894426936	16.60804395952053	16.608043924223153	16.608043906574466	74.68777084500002	57.19198829390851	57.191988204499864	196.79402052565172	63.217894090825695	68.32372336989678	68.32372329407866	68.32372335692841	68.32372334396007	21.74724164339915	21.747241590712406	21.74724159071235	21.747241634106047	2.237350663244314	2.23735070500004	2.237350718616881	20.805559276797595	243.45477864800435	15.853279187320737	209.51806964170737	225.11790017489503
99.23863736442803	76.76264894285057	76.76264889500001	76.7626488525	26.69947063670503	81.84941888440747	81.84941886008198	101.52127941639571	101.52127939866784	63.566372293089245	63.566372323380165	63.56637234141192	57.19198818607563	196.7940205006437	84.0298693711463	84.02986938301609	63.21789408364276	21.747241503925153	21.747241543481636	21.74724156901567	21.747241560524202	2.0471609639178894	2.2373507475000167	2.2373507001593396	20.805559272672554	20.805559253302647	217.7433253138805	254.99592265631208	5.078319682070031	247.08242192899718
16.900101233756914	174.5436573622112	76.76264888747806	76.76264890593558	76.76264897999997	56.009832568882445	25.645959282476127	25.645959386588146	81.84941897671979	44.31460078905843	44.314600685817595	44.31460077228215	63.56637226194479	63.56637239550713	63.950713262129625	77.41749907452595	21.74724123520781	21.747241503925153	21.74724154774225	2.047161125505255	2.047161260832638	2.2373506200000293	2.237350553470833	20.805559271676657	0.0	0.0	24.688473836648882	17.04014275257066	191.18040836954714	173.37310836304846
177.52762543378577	99.23863736442803	1.7977109092745707	76.76264886544314	49.824910975534436	50.86577077588484	56.92876261452889	55.75892441418824	74.68777074986073	235.34445299142206	235.3444528523999	44.314600685817595	44.31460077165647	44.31460076513076	63.56637215253454	2.0471609955131953	2.0471611123752496	2.0471611618611405	2.047161125505255	2.047161125505255	2.2373506200000293	2.803445656898049	2.8034457080117647	0.0	0.0	91.26468906267763	126.21471064764927	118.89782052926611	1.1667776702300046	254.83671701037534
177.52457035373237	43.789126587917394	84.45223227669098	100.43965284582285	129.19444777909052	35.621432859262995	35.62143285926297	35.621432869920994	35.621432965569085	235.3444528833919	235.34445299142206	235.34445297334304	235.34445290575	235.3444529221938	235.3444528629139	2.1566877153594817	2.156687715765429	2.156687738193625	2.803445706344263	2.803445666257602	2.8034456313411624	2.803445655520477	2.8034456340462555	2.8034456340462555	48.745470667456146	98.64746572261731	16.117371018761645	125.19123819261998	211.80909108805037	0.2905093630527631
52.26440946752044	43.74768764198504	45.684891360443885	60.83709058427888	40.333365616098604	240.13955440195852	35.62143283767233	35.62143287196082	35.62143287196082	35.62143287647032	35.62143286745129	35.62143292900882	67.90646787538591	2.1566877069247425	2.156687715968417	2.1566877071009856	7.772214714889913	7.772214651747959	7.772214670501029	7.772214679877521	7.772214593245252	1.6004626335150647	1.6004626029223914	1.6004625428819281	82.77595861339341	98.6474658649355	98.647465852066	110.2917364982626	4.6218986145279075	6.602773631655566
10.146766740921692	10.146113820479457	12.323445877814322	18.538563500774387	25.320515348137832	27.01249382867556	30.07659694988763	27.01249382867556	197.41229054437125	35.621432828918245	35.62143287196082	35.62143289469827	35.62143289123716	2.1566877153594533	2.1566877069246857	7.772214650033163	7.772214656041768	7.772214678290084	22.08263659281039	1.600462572985407	1.6004625993921024	1.600462494262331	13.10051519620339	82.91372115739233	98.64746534815697	98.64746583970657	98.64746584883258	254.9874593333466	254.9874593333466	255.0
1.091495796440455	10.122567313086364	9.886296404814658	12.270147122718072	4.328050675407553	19.26984262266842	17.244664251024034	32.57536585338528	45.684891360443885	39.19820460146647	32.57536585338528	82.77595861339341	35.62143287196082	35.62143289123716	217.7433253138805	133.82401336276502	133.82401334310813	1.6004625417370448	1.6004626125955213	2.813928692130503	2.6147097257363328	0.5966556265978511	7.408042160572791	0.1286607343539572	0.0	98.64746587678488	98.64746570876358	163.67738067175222	206.15025255810173	255.0
