253.44481932045693	254.74300831777776	254.80785626881612	223.1392809139785	168.58292610850935	191.5564903846154	183.07505426820842	223.77741228070175	252.45	141.66666666666669	254.41939849185184	159.375	254.63665529204948	63.46666666666667	244.49646486622905	68.0	17.0	231.97655102781667	17.0	251.49375	69.54545454545453	250.10914200224084	254.43375651794625	254.43375651794625	230.74338681400312	254.97331453206195	243.78999060120762	254.8739796095806	254.8252854610347	234.46688026886935
254.77576000717923	254.99933709960936	247.62794559768523	246.90476189666666	163.46153846153845	183.0750560912573	69.54545454545453	149.31950419969326	169.91837982942536	253.6621896426559	186.72859441668368	254.434125165	241.25566655046077	197.04545428861053	179.65909066212552	237.83881442965748	195.66256830601094	219.0392766526989	232.69296740994855	224.93558973492128	204.92755230512006	226.61863856361433	217.13225858968337	247.4042395378194	234.80636382231137	241.0180382416791	253.32892585216587	254.9517890625	254.87397960957608	254.70680919988297
223.9629756521261	117.86666666666667	202.69752596146134	254.745	0.0	149.31950432208026	146.42833678567473	146.42833733319836	123.13768108286484	195.234375	199.73489453155793	254.32751772183803	250.82017237840708	252.2140931367218	248.56809474563005	225.42757872221608	232.53764637573056	227.7867677181483	235.38549311454344	238.03357749704176	220.90513689811638	236.01063829787233	220.85380838282796	235.875	231.68321293867294	239.35300777284107	253.40739149933287	253.02536262052658	254.78249700693624	254.9004605117612
35.233274368474355	32.866666666666674	255.0	183.61102651680096	127.7092835954647	154.8024948024948	132.8125	123.13768111659559	130.5613821231341	252.45	47.78883278883279	102.88678300795746	106.25	194.53381294964026	102.88678300795746	209.5655888854286	6.496623326444791	216.94406836642742	96.89700364008806	214.649218473672	214.965852741027	198.45625700412256	236.75585901912137	228.28571428354593	235.875	248.5153711438368	251.91789947519493	253.4073914987653	252.20136054440206	254.88575268817203
9.573604056803077	118.80286693095098	15.542309006941252	112.53676750881988	0.0664124020451311	120.0	115.188649190922	33.46153846153845	95.21103898570729	137.05280509170115	121.4274749371211	81.9230769230769	106.25000000000006	249.8445458758153	250.661625585	159.375	195.48863286616103	243.07349665924275	243.07349665924275	205.00058484945046	235.38549310779624	235.38549310900305	215.5594405402462	232.41758239717566	250.363636359	226.05952380952382	251.88411953015049	253.4073914985647	253.6386857567596	254.9157024774
1.2961194709203028	200.09445871861996	9.415150111579635	201.83627749896561	221.32952455511696	101.84669532313958	255.0	95.21103893593786	81.43716475271506	100.18650659694146	152.23340362409283	148.75	159.8	229.5	85.0	34.0	236.8613417236743	195.4886327821671	195.4886327821671	159.0320013218817	219.86280532633143	117.30645890955	251.7679012345679	234.75506756756758	251.357142879	251.357142879	231.625	251.866181156122	254.9590334806686	254.4905108923964
32.77476952091942	229.60413668381835	59.09561251339241	91.30080526054337	255.0	255.0	79.15033104752473	81.43716454061868	96.57044481436864	93.35971355625006	76.05555890942463	224.22806705420473	228.9454608215395	228.9454608215395	189.17825692271913	139.1306843576304	74.30975525153875	132.9000120028736	132.9000120171392	187.39152006660868	102.33396586943874	195.48863286616103	238.05984941496678	238.05984941440533	244.73154362588397	249.62544438841306	219.3	241.42011834319527	252.1029080058248	254.49051089247072
23.435183051413873	130.120332424321	190.15890411900426	255.0	255.0	255.0	255.0	68.30279935127308	94.78519095217658	96.5704448825185	120.06994374246716	76.74703934007326	178.48195329087048	228.9454608215395	233.52149665239398	8.64659528670228	36.63104617439788	209.24068796658622	225.09859952281943	102.33396587200698	193.9574103864241	196.15384615384616	228.91168846530303	33.86540785136282	241.41646488149712	241.41646489474576	251.73076923261343	253.34742111089875	252.10290800433066	254.9479591818
11.564564116281815	27.299839793967834	247.48189425876313	19.61538461538464	19.615384615384613	78.7231793594593	68.30279935127305	68.30279935272208	68.30279949774572	255.0	53.35472702331998	76.7470393073408	219.02039188305227	178.48195329087048	141.6957862327295	178.4819532908705	181.42189519050805	171.25657179718615	224.52167044517358	220.61580695853775	172.46429346070403	221.19596541786743	229.53488372093022	228.91168839046045	246.13616776358347	244.375	251.8125	252.04979879275655	254.20912000868054	253.77403846153845
48.61918173763499	118.96025856735338	97.9884118827022	78.46153846153842	49.47065746384234	48.26781203322804	68.30279935127305	68.30279940579757	68.30279935272208	68.30279949774567	53.35472701615734	219.02039080350835	219.02039116726587	219.0203908020219	141.695786181613	117.3542802133951	117.3542802133951	169.9924857942894	192.5775805336288	192.57758052953022	159.58773664140898	216.3843702834144	216.38437028629787	228.59388542250002	238.94215631187686	240.46954076850983	252.05168227835588	249.57682291666666	254.68297658907053	250.002
254.99336411947536	109.3667389414309	105.84543431891385	48.26781180431158	48.26781189348836	48.26781185407657	48.26781186617356	68.30279935127302	68.30279935127305	68.30279899539673	120.21428584652142	219.02038976730108	219.0203907505799	219.02039092867068	219.020391215018	196.94722751263816	196.94722751263816	172.86530884073733	226.29137436906927	192.57758050457764	192.5775805228501	222.96672593660648	227.15344777908103	227.15344781340667	53.770406908905414	238.9421561964658	251.328	253.07183364839318	254.20912000868054	252.88862148246747
19.599104886602817	80.2715205562371	78.46153846153848	107.10085820681553	90.83283281546838	48.267811884079265	69.56033821727502	69.56033815853957	48.26781189710451	48.267811874670144	120.21428584652142	208.18586204899833	17.276043090161266	17.276043102399797	167.10059349446772	167.10059388151515	167.1005939778737	167.1005963949054	167.10059561908506	159.71908568300515	209.91975980053633	209.91975976942737	209.9197598005363	209.91975980684308	209.91975991919443	237.38181818181818	249.57682291666666	249.6518918918919	254.31655625960062	253.02536262052658
66.37328461759796	0.0	13.619868011328208	204.3177098185135	54.911261124809386	54.911261242048965	90.83283251372825	90.83283270727216	90.83283271488833	90.83283281546838	90.83283285715942	221.739130335	106.25	203.5655131966639	113.86536710657066	113.86536708054214	140.4893267920131	167.10059388151515	167.10059366441322	167.10059396962905	209.919759712432	209.91975969454387	209.91975979422952	209.91975981776056	209.9197597816159	220.44956413449563	250.40264423076923	180.55867481901163	254.745	247.65866607160248
244.257307267252	57.70016904383286	45.08024032540877	45.08024032540877	54.91126113120325	54.91126115505844	54.91126115505844	54.911261147360364	90.83283264175009	90.83283271355319	112.20000000000002	17.607919264917996	46.793371970183046	86.01321757052642	86.01321741456601	203.5655132014715	198.62656577094276	152.5261104043783	35.78537291944741	175.07462686567163	207.45762713622523	209.91975967276096	209.91975976942737	209.9197597910761	209.9197596745912	217.8125	64.95934959349594	254.70331723510392	249.76025176083706	224.1627906976744
38.70289315363749	8.731528031414541	45.08024021838406	45.080240208923925	45.08024032723907	45.08024032723904	54.91126118697045	54.91126120276883	215.58493066163177	76.05555890942463	106.46135425529963	174.36191973458108	118.37667626376108	168.986782585434	168.9867824294736	142.760368407486	118.84353333172899	141.1936268504087	175.0746268716362	209.72301124447557	209.72301136363637	200.08873879723117	200.08873885263966	209.91975967276096	209.91975967276096	227.58064514758064	232.82608695652175	231.08796205227733	105.58706695023267	196.71428571428572
38.70289315363749	8.73152804552069	45.080240080805595	45.08024020577051	45.08024023057257	45.0802402305726	45.08024030545613	100.39118590405104	86.06483505285027	99.31365225412836	99.91161958895182	107.92092897267884	193.15372114582263	124.10446195978284	124.10446190900296	142.76036833883927	124.10446200427776	124.10446189600333	124.10446183754098	141.13463291945783	200.08873881302955	200.08873883943627	200.08873884494156	200.08873886879675	200.08873887519061	224.4	232.82608695652175	64.95934959349592	201.42729657638873	253.73561900363336
8.731527656174563	8.731527937604568	8.731528106632453	45.08024018223938	45.08024019946373	45.0802401994637	45.08024028756799	85.40617889358685	150.89430773483275	150.89430772226507	93.91588864184467	96.85658353809325	124.1044617298493	89.57852601584341	89.57852599641069	113.36316051195038	113.36316056747205	141.13463289342937	146.79623058832888	202.60805529554636	180.8181818181818	198.84120762401864	200.08873875795103	202.47558886955218	204.0	217.8125	147.89914179318447	126.18973432519553	89.50748918899055	41.17223771714288
39.252264797433156	8.731527857851972	8.731528219034516	29.43217129121308	45.080240193156925	61.39098860759097	82.99530089161428	85.40617891933192	150.89430771004714	88.72570550593534	84.50391060456437	150.8943077261335	150.89430775011448	150.8943077596184	100.39118592253968	104.18754836509547	104.18754838257755	92.32712972928783	146.79623062245807	202.6080552346135	198.84120748401466	186.69720050225433	186.69720064872695	186.69720100460324	186.69720064872698	228.4375	145.77907817165195	176.24487887962425	254.97345732740428	243.94000662821944
39.25226460687247	39.25226473762433	8.731528023705607	61.390988412064274	61.390988521775824	61.39098854836905	61.39098852458346	106.67859148768366	85.41806465298922	91.20133690567161	84.50391060456437	61.44897317968477	150.8943077261335	150.89430774212082	85.79817660736325	85.79817659699219	85.79817660245271	92.32712975222057	85.79817659263165	201.64527298384266	186.69720075342877	186.6972006472779	186.69720059420246	186.69720064872695	186.69720064872695	228.4375	145.77907808376273	168.78047408348738	6.515374435685601	248.62582479382831
39.25226467723496	39.25226466749447	39.25226478431094	48.26781203322804	61.39098847886822	61.39098844787836	61.390988749621755	82.99530087937	88.3009629292414	106.67859148768366	106.67859149647745	106.67859151757747	106.67859149732902	106.67859149732902	106.67859152548158	61.44897317968477	85.79817655481602	85.79817661808033	85.7981765990653	201.64527297668002	186.6972005022543	186.69720064727792	186.6972005942025	186.69720064872695	186.69720064872695	145.77907805172396	145.77907803167864	51.139437473754725	131.43240953858788	16.435985667694894
84.91559138168168	39.25226460687247	39.252264706433294	240.52265793152097	48.26781180431158	48.267811874670144	0.0	78.20106937568863	79.49639561907125	99.67442864884833	106.67859142077552	106.67859142077549	106.67859149304473	106.67859142077552	106.67859149647745	106.67859153338568	61.44897317968477	106.67859156640372	85.79817659263165	144.8941186959006	186.6972006487269	186.69720064872695	171.38220594365276	157.6202664519784	175.59455790936673	196.39433893722526	229.5	153.0	84.36335534701607	6.866760462180338
105.84543431891385	5.419299502783417	39.25226466749447	240.5226579566499	240.52265795888465	48.26781186617356	48.26781189710451	69.08489058680303	76.15197360411781	179.1143991886422	179.11439907019536	179.114399131085	106.67859148081826	106.67859150527124	106.6785915228588	106.67859152972423	106.67859150527124	106.67859156640372	106.67859157388256	115.98760627221253	115.98760649026042	153.00000002280788	115.9876064549633	166.66540881011696	199.48467075191937	46.56815364133817	229.5	153.0	9.09937794294143	184.25962860203032
1.804639302562009	255.0	54.377404130642134	39.25226470771992	240.522657960002	240.52265793666658	48.26781189348836	48.26781185407657	48.267811884079265	162.90482245500002	179.11439898000725	179.1143989115762	65.84415374536354	97.68392826940203	106.67859151757744	106.6785915228588	106.67859149732902	106.67859152548158	115.98760641757781	115.9876064549633	115.98760645496324	115.9876064549633	140.97470202809137	140.97470201	140.97470202809137	126.82089312504769	46.56815364133817	19.903281839506974	224.85736703173131	209.82717354221
36.059571905415794	255.0	255.0	255.0	54.377403964386104	240.52265793923934	240.52265796335396	101.30597008498609	101.30597011971074	99.41731222244391	99.41731230598023	99.41731231390062	179.114399097012	65.84415360618138	173.78879961982253	173.78879960360428	97.68392824535366	115.98760645496327	115.98760641757781	115.9876064549633	115.9876064085559	122.19346575184767	140.97470196749998	140.97470199117632	126.82089315046127	126.8208931251028	140.10294706507483	145.4133408004255	79.41392046063038	174.8076660564024
0.14074309910824923	1.804639302562009	255.0	255.0	255.0	55.94870512756623	59.511367133838945	59.51136721783291	240.52265794695768	151.92094389405185	151.92094377925116	151.92094386571569	99.41731236114049	99.41731233766183	69.43033850937707	76.27149359312173	115.98760627221247	115.98760645496327	115.98760634038419	122.19346553533109	122.1934656084176	140.974702095	140.97470186782567	126.82089314717675	162.66827563836955	162.66827565462836	0.7971802613694763	100.72941334176389	252.158090452761	249.2116810720817
232.32065289028301	1.804639302562009	36.509923510299444	255.0	49.16500608119924	49.509782498504364	55.42693448371571	54.08439805275697	174.36191973458108	30.64182694681398	30.64182704750195	151.92094377925116	151.9209437843258	151.9209438370562	99.41731217559234	122.193465405339	122.19346538081493	122.1934654566825	122.19346549200034	122.19346547033504	140.97470184	126.82089315046127	126.82089312504769	162.66827563836955	162.66827565462836	91.26468906267763	126.21471064764927	166.6908732250506	110.515999047283	254.71390611916212
53.833314025538186	13.024350592731963	13.478595774041764	37.33487681101883	56.758671672870065	98.62024238599767	98.62024238599767	98.62024239359508	98.62024248312176	30.641826658891205	30.64182694681398	30.64182704750195	30.641827028486887	30.641827032968905	30.6418270693232	105.04103512010465	105.0410350918774	105.04103508914338	126.82089320128844	126.82089315821375	126.82089316316808	126.82089314717675	126.8208931251028	126.8208931909738	110.95474892207613	98.64746572261731	248.19333566525555	125.19123819261998	0.060153481198341296	248.8278488453237
0.025663821596992875	37.39657259790059	255.0	0.0	204.3177098185135	49.210771661732224	98.6202423919531	98.62024238217984	98.62024239832078	98.62024237852376	98.62024241811778	98.6202424205552	4.712039223324865	105.0410350578745	105.04103507776372	105.04103506646146	125.45861890751962	125.45861880764235	125.45861880764238	125.45861880764235	125.45861877590414	155.75586192796197	155.7558618789904	155.75586189246542	3.5893330247928077	98.6474658649355	98.647465852066	1.1366430328695856	87.26634708243768	110.61924454525348
255.0	6.877423496708161	12.2971054332385	19.182525853055324	26.12337582968459	35.642129522906544	37.17144037976709	35.642129522906544	197.41229054437125	98.62024238756018	98.62024239832078	98.62024239359505	98.62024240878984	105.04103497610618	105.04103499533679	125.45861877996316	125.45861880880801	125.45861879784007	136.6512578398619	155.75586184036786	155.75586186677458	155.7558618887561	102.79109376835595	255.0	98.64746534815697	98.64746583970657	98.64746584883258	9.069749510709073	178.7996169089488	255.0
1.1383412796437824	10.001357156053189	6.8641142627533895	12.716078713186306	0.0013657018692470047	22.831236547079044	0.08027908445416188	0.0	255.0	39.19820460146647	45.684891360443885	3.5893330247928077	98.62024239832081	98.62024240878984	140.10294706507483	84.24458766200928	84.24458764387538	155.75586178104732	155.75586187997794	113.91499416796316	109.14631436896283	67.58034993286009	72.6963865625564	127.90086441813449	0.0	98.64746587678488	98.64746570876358	22.440927162059268	3.4672703691291247	0.0
