254.96538278374183	254.31440329777777	254.40971716295095	245.5712721264161	248.8430583494812	227.02991455829326	203.2567528040127	162.5438596491228	232.05	244.8	233.05878804113067	242.85714285714286	242.08466068832425	236.86666666666667	244.19051962475868	230.714285707	228.285714293	221.4402902983932	228.285714293	214.01785714285714	245.064935055	228.22497764523388	232.81005267227536	232.81005267227536	248.2396424138893	248.4541619418161	253.40209561666347	249.32693793260918	212.48174620472022	254.4339774435156
254.9992309995951	253.9414688866618	254.71275341217364	241.77777779666667	239.74358972802196	203.2567502926888	245.064935055	219.01661604221036	203.53702860577545	228.20240252110227	250.14734127101653	234.92711374499999	186.2306637621419	202.84090912054495	197.04545428861053	237.44476426531028	215.28688524590166	245.0788368340556	222.34133790737565	198.1552930137354	238.48796563052272	228.25540312549836	250.86990265984863	227.98122946180027	234.92350662215895	240.8561401821734	243.29699980515807	248.41358418367346	249.3269379336333	251.25462179874032
254.80300554486826	252.6870748294	245.02793298324147	248.115	255.0	219.01661606636154	168.19787233376235	168.19787122835413	199.27670454160005	127.5	200.91082430549932	231.1701077369887	205.5180600220214	224.58366556516214	199.52935110323276	224.83870967741936	163.31899546860143	169.75624743957394	183.70771435627776	203.7480995252091	219.48582889164854	156.3539651837524	242.939189205604	186.9999999915	231.57508488270744	239.08502869368357	234.8303670698795	250.7847757664574	245.95957211039425	241.47392720811987
35.233274368474355	252.20136054433334	226.21922258834715	254.88102668351596	253.70978466127102	179.87080487080488	177.08333342187498	199.2767045232394	199.33603617515038	130.05	154.8024948024948	252.80651787409593	212.5	158.5874614594039	252.80651787409593	196.93394561627792	212.43941283753182	216.29855303083713	227.92207277974202	214.56877569104844	216.07498651130115	197.34902827082897	159.45269090388456	192.55102040816328	186.9999999915	150.99146831268368	226.0885361385135	234.8303670713256	239.7063723448563	254.57565284178187
254.98849040650302	187.12605340161343	244.20939127418507	216.70719412320378	124.84482687542595	144.23076923076923	163.62252744822973	120.0	173.28409089000542	155.00240312751254	143.85786934701468	132.69230769230768	212.5	199.65188644026745	208.163265405	182.14285714285717	116.8300120732587	179.84409799554567	179.84409799554567	200.3964571319485	183.7077143338933	183.7077143368534	221.53846152843715	228.1468531396766	219.3	220.30612244897958	222.25530078895463	234.83036706425955	219.0012588557985	250.002
80.48422639891965	253.0496803619756	112.64008253166233	34.61796488487303	120.734343450545	190.33698360549678	133.33408022999998	173.28409093272057	158.3712845181312	119.3245523518446	118.68279890730943	84.99999999999997	123.63636363636363	178.5	204.0	187.0	168.39883623452835	116.83001213418356	116.83001213418356	210.13925695644184	94.69107618371913	198.8948196801022	166.85185185185185	201.01351351925678	222.545454564	222.545454564	202.9591836734694	254.88393263541192	224.52903520804756	254.2145737202268
105.83099410927352	208.23246390075192	0.6954558500227677	170.74463091007814	133.33408004696048	133.33408012079056	159.5090770694768	158.37128415129538	115.67796635041654	134.71960175625003	183.35567747190316	136.28758936514333	147.34898170521225	147.34898170521228	188.34734307127906	238.19951843503668	243.32564474585013	223.29065339751668	223.2906534360195	188.05805700768946	176.93578088880872	116.8300120732587	184.23686818632308	184.23686818583644	205.3691274823206	224.37150837675458	233.1428571414	253.49112426035504	250.85815230365242	254.2145737202497
49.93559780890712	23.23417476031827	235.72597930832637	133.334079975	133.33408006000002	133.33408006541805	133.33408006795173	142.6630744022642	113.86966689551303	115.6779660955329	63.47815097158076	152.8890816601164	177.57961783439492	147.34898170521228	180.19123899619797	172.46429344057398	176.30529153713536	157.5843024355137	152.77257496432455	176.9357808768877	102.88009552350906	235.3846153846154	221.18694986092532	164.89558354244275	236.84745762096523	236.84745762711864	228.84615385063256	243.50147775631874	250.85815230325693	250.8694214844
109.50728293252925	236.75735366740943	212.1117126426841	78.46153846153842	78.46153846153848	97.52801006466981	142.6630744022642	142.66307402427435	142.66307406115823	133.33408022999998	174.77970998240977	152.88908161898598	125.0792008585293	177.57961783439492	205.94736744817192	177.57961783439492	113.93175019720871	255.0	164.02797633285007	159.58773656280485	128.8077268757491	135.95100864553316	151.74418604651163	221.18694983713306	222.69462797814526	233.75	195.5000000085	205.2313883299799	239.18470594618054	251.73076923076923
61.73914261382345	238.95745467126153	55.35854771645515	98.07692307692307	127.29359305579469	145.77907817165195	142.66307401669715	142.6630740058324	142.6630740242743	142.6630740611582	174.77970997591177	125.07920019528069	125.07919961638191	125.07919990169052	205.9473673321827	179.30236074063131	179.30236074063131	169.38953654827736	125.82839173535592	125.82839175711334	180.34364442183346	148.94600033540166	148.94600033665057	208.33176099	197.7511433231969	188.48139930761434	210.15608740894902	215.04557291666666	236.19448826826894	253.12653061212
240.66486134544311	246.0158418331459	210.87192608984435	145.77907817165195	145.77907808376273	145.77907803167864	145.77907805172396	142.6630732455631	142.66307382391366	142.6630735588093	203.9999999439	125.07919900030333	125.07920003306828	125.07920003570538	125.07920008609102	140.19321739599232	140.19321739599232	171.92973981414417	105.0740923833186	125.82839165673948	125.82839171663065	170.4186068061629	173.53275406967288	173.53275401882857	40.56794350151452	197.75114324393186	201.042	206.79584120982986	236.55381944444446	250.53790582889303
160.07880809155924	0.0	98.07692307692307	201.66832104527347	44.09269388436874	145.77907805534517	85.35735329170186	85.35735341694627	145.7790779917599	145.7790781263448	203.9999999439	113.16028294925823	176.05099572011056	176.05099574518675	166.13386732597723	166.13386792800367	166.13386780938342	166.13386877619575	166.13386903177206	159.65298843845687	198.2096763295511	198.20967633011688	198.20967632955106	198.20967633749615	198.20967639396724	164.84848484848484	210.72916666666669	200.12012012012013	199.93279569892474	250.7847757664574
76.17269553210915	138.4777707241397	57.70016904383286	110.95474892207613	87.03228976750984	87.03228970752801	44.092693582628556	44.09269377190549	44.09269378378869	44.09269388436874	44.09269394581247	145.714285605	127.5	118.78995994747766	166.1660006474232	166.16600062256202	141.6616094989328	166.13386729818149	166.13386707869182	166.1338677983896	198.20967624636154	198.20967629819177	198.209676321606	198.20967629819174	198.2096763057159	153.38107098381073	163.46153846153845	253.7241426901992	167.53500000000003	4.646151832917894
238.36790082500806	73.70757177570857	56.7903238013088	56.7903238013088	87.03228976760488	87.03228978763048	87.03228978763048	87.03228978008184	44.09269370638347	44.09269378619311	81.6	123.31856626171214	140.9605332114484	147.96194588443686	147.96194578344458	118.78995993328266	104.73507858778291	151.54372231459888	114.68187449728651	102.76119402985077	164.23728812790148	198.20967614753377	198.20967633011688	198.2096763176335	198.2096761986912	154.0625	246.0162601626016	14.800148840472872	7.376539125523777	224.1627906976744
211.01947941788546	39.25226473762433	56.7903236942841	56.790323682366534	56.790323606032814	56.79032385246623	87.03228981969195	87.03228982768172	129.0647925905609	93.93366886594421	106.53429631884799	115.33074784287777	117.20909749057458	107.03805421655542	107.03805411556311	133.53108326313833	121.4212877163298	140.23234276339412	102.76119402218202	144.20454542374745	144.20454550568184	167.96771017231828	167.96771021991816	198.2096763939672	198.20967614753374	148.06451612903226	144.1304347826087	40.1543904364907	4.646151832917894	196.71428571428572
211.01947941788546	39.25226466749447	56.790323606032786	56.790323678394	56.790323669883094	56.790323669883094	56.790323701808234	49.50528873095337	60.45797929505159	98.9530223240067	99.62232409285977	87.42087195493195	129.32239813758468	123.10223240855899	123.1022322626244	133.53108329450464	123.10223211628158	123.10223211628156	123.10223227309115	88.83399937743795	167.96771018030807	167.9677102067148	167.96771021236952	167.96771023239512	167.96771023249016	137.7	144.1304347826087	246.0162601626016	178.4293315236146	245.54156918775212
39.252264797433156	39.25226460687247	39.25226478431094	56.790323701808234	56.79032367044894	56.79032367044891	56.79032375363849	72.07572584651953	64.35087977911539	64.35087978635198	91.7284577222687	90.51616143329676	123.10223194157021	82.11418977496987	82.11418981538205	41.45088246387317	41.45088251102621	88.83399935257683	78.15487526372604	114.74704548354825	106.63636363636365	128.36374341446302	167.96771029247202	131.0409675456483	113.33333333333331	148.75	53.33167895472653	186.23676476600528	120.73977934598773	0.17779618173710787
51.314431046086014	39.25226467723496	39.25226470771992	84.99259494964431	56.79032366250385	41.54828580543574	70.04794791658102	72.075725843171	64.3508797659567	93.48324827553756	83.88413443830174	64.35087980316388	64.35087977286486	64.35087979227407	49.505288756342196	38.98370570252058	38.98370573053404	61.40347413331821	78.15487514841382	114.74704549007089	128.36374316137935	112.3369259388418	112.33692617608634	112.33692644119071	112.33692675443689	106.25	255.0	144.07718732383708	200.88286398569994	243.94000662821944
51.31443127885325	51.314431259306275	39.252264706433294	41.54828566788416	41.54828571962054	41.54828575863374	41.54828594013287	53.32891282124183	85.55790082196248	90.88935871319453	83.88413443830174	85.7420946814324	64.35087980316388	64.35087978296451	53.504939584584776	53.504939582284464	53.504939581522564	61.403474105775985	53.50493957539797	80.22029002408823	112.3369259388418	112.33692597572568	112.33692599416761	112.33692598330282	112.33692617608637	106.25	255.0	2.112810287979414	242.71668648334554	201.42729657638873
51.31443127223068	51.314431259496956	51.31443124676326	61.54312464535451	41.54828567671291	41.54828565573956	41.54828589183987	70.0479479342057	81.28675547947827	53.3289128212418	53.3289128046176	53.32891283089677	53.32891282077446	53.32891282077446	53.32891281065227	83.88413443830174	53.504939574927505	53.50493960497792	53.504939585962944	80.2202900175902	112.3369259388418	112.33692597572568	112.33692599416761	112.33692598330282	112.33692559773581	255.0	255.0	28.816456087347746	1.151826367179865	60.07273765193656
163.41933966788224	51.31443127885325	51.31443125525237	100.0521093628353	61.54312464535451	61.543124840907666	85.82750764983939	78.07031908779717	78.50551065342339	77.93402597339715	53.328912734094814	53.328912734094814	53.32891279238939	53.328912734094814	53.3289128046176	53.328912887209725	90.88935871319453	53.32891289213481	53.50493957539797	102.86686244510878	112.33692559773581	112.33692588691108	89.86808791213062	90.39820778799455	84.05993466861233	104.09521580849304	76.5	153.0	32.11917212237407	150.6197279486268
228.38343534127276	34.63877335274745	51.314431259496956	100.05210938679087	100.05210941070834	61.54312470324399	61.543124732188744	66.85784749710749	77.02809155545407	78.46072015758725	78.46072009654046	78.46072041882672	53.32891272671779	53.328912787993346	53.32891283882594	53.32891282124183	53.32891283003386	53.32891289213481	53.32891281065227	55.311652218468396	55.311652400854	81.44066383343193	55.311652427947195	82.05058541728434	71.84731164427541	238.6033557952087	76.49999999999997	153.0	77.48476812154618	239.08100158428996
205.89625858704557	39.49999979999998	141.14601470337982	51.31443122021224	100.05210942266703	100.05210941790725	61.54312466606723	61.543124691208334	61.54312470377886	88.063313895	78.46072012666622	78.4607201946913	191.71974833611515	45.51867303259084	53.32891283089674	53.328912754744835	53.32891282077452	53.32891281065227	55.311652439976285	55.311652427947195	55.311652427947166	55.311652427947195	56.571431177939985	56.57143116500001	56.571431177939985	61.0467700418414	238.6033557952087	114.20137323134873	253.42120736384356	107.49702538043826
224.41615954287295	39.499999803047444	39.49999980000001	39.49999980000001	141.1460147569861	100.05210944544314	100.0521093404594	57.77157612805803	57.77157614483855	98.52659177578212	98.5265917580625	98.52659180219402	78.46072017711109	191.7197484024474	42.262053426493026	42.26205349294915	45.51867303526436	55.31165242794714	55.311652439976314	55.31165242794722	55.311652283487234	57.886889794061204	56.5714311225	56.57143114102493	61.04677008029577	61.04677005780178	112.45529623877391	79.30784214570173	0.8688865385633733	10.219595716500038
1.0630872448054447	163.41933966788224	39.49999980304747	39.499999803047444	39.49999979999998	56.157818463921245	138.16998792674127	138.16998786581644	100.052109528051	61.39591032289664	61.39591042988246	61.3959105163469	98.52659166504017	98.52659171882922	69.76211399999175	76.9712496076827	55.311652218468396	55.31165242794714	55.311652400854	57.886889582299176	57.88688972611388	56.57143125000002	56.57143098101841	61.04677009120283	55.474463235678826	55.47446324431115	218.59212717058205	251.50896967399507	157.130907132823	0.1788897873822748
149.72909303167512	224.41615954287295	48.38099771908881	39.49999982020208	50.3175205975094	41.90989276213972	47.79088972297842	54.467493974647226	41.65169310899307	227.53896249729243	227.53896260768607	61.395910429882434	61.395910499059426	61.395910527569384	98.52659163522742	57.886889452307116	57.886889460769794	57.88688954921784	57.88688953896849	57.88688951730313	56.57143125000002	57.66802792607052	57.66802798806202	55.474463235678826	55.47446324431115	91.26468906267763	126.21471064764927	189.00084015413773	231.96688019613637	189.4153194845543
26.306910360016815	122.12113847663494	7.61481328095465	26.92349930556233	26.81615525181647	39.41015951381152	39.410159550977454	39.4101595490628	39.410159619565405	227.53896251403287	227.53896249729243	227.53896260768607	227.5389625072891	227.5389624997673	227.53896251228736	64.60242982461034	64.60242983677068	64.6024298428245	57.66802795376117	57.668027939688955	57.668027895074744	57.668027933675944	57.66802792165012	57.66802785577906	204.3177098185135	98.64746572261731	14.567995927861546	110.61924454525348	110.40047960682608	15.812916034419004
109.57652238143817	71.09704762312288	0.0	4.496901491118507	3.603123976254068	2.1047749043496538	39.4101594938775	39.41015953639496	39.41015952025401	39.41015952524316	39.4101595798287	39.41015957650259	50.167992010853965	64.60242981155565	64.60242984285082	64.6024298168368	48.89129327231407	48.891293247338325	48.891293247338325	48.891293247338325	48.891293192446796	40.46771018679232	40.46771021236955	40.46771029247199	149.46075717923594	98.6474658649355	98.647465852066	200.6071138645243	182.1091124080014	211.06959393996615
10.102655770518737	11.287758896291592	12.448364723831304	18.28282693340418	27.071121175640855	0.0	29.991462019308443	32.57536585338528	56.758671672870065	39.41015958481793	39.41015952025401	39.4101595490628	39.41015954523348	64.60242968061186	64.60242981155565	48.89129318029259	48.89129324479896	48.89129322734826	59.02728630319464	40.46771021991822	40.46771019351144	40.467710074049734	183.00383548753203	224.90522689180452	98.64746534815697	98.64746583970657	98.64746584883258	127.97727713522224	190.52234205312686	255.0
1.082133372239383	9.9574979076678	11.347699190878103	12.402771183424647	1.717721788267255	22.198303829214524	9.330597207651039	50.852469013865004	32.57536585338528	45.684891360443885	50.852469013865004	31.451129933216095	39.410159520253984	39.41015954523348	21.479235177439392	23.914425749379234	23.914425825578178	40.46771026352391	40.46771021991822	91.72326060393559	87.33002913209017	30.141800690389545	2.4746448452940513	6.93067864655643	255.0	98.64746587678488	98.64746570876358	231.7414738592594	232.62113238426105	255.0
