254.80659116015	255.0	254.9849377735571	252.02260947700654	249.5427108027709	242.21605797776442	233.2868600491739	244.0953947368421	255.0	199.46666666666667	236.9349868544356	250.44642857142858	255.0	226.66666666666666	251.59002646411307	255.0	255.0	245.26027941271366	255.0	255.0	255.0	235.02990895908343	227.87311731311917	227.87311731311917	250.28955889221206	246.1522978054714	253.9830119940285	254.97158133550275	254.89409473199055	254.7611204889837
254.63017729280307	255.0	245.47760951382827	255.0	246.25374626648352	233.2868590750651	255.0	231.1319959126127	222.86052683939408	232.43276191939933	202.48871330234758	255.0	219.68347726884986	220.22727274702996	231.81818154158057	247.81254669060257	254.18715846994536	243.50001895214788	243.91938250428817	238.5024924877144	242.52117474480298	227.81980462604525	211.11630710891467	217.67097111100725	235.02293641660268	241.38554081650688	237.04364436754943	255.0	254.97158133551102	254.89943555554834
254.91339905478867	255.0	245.54596243466128	255.0	224.93448351310875	231.13199602789314	207.13256337473558	207.13256361612957	215.63534056738615	227.109375	143.34295952341387	255.0	211.5645924313859	255.0	205.70553295205394	241.4781785230727	236.3002185604118	235.8306022122081	243.29291212072226	190.51533801509876	208.4084190455291	236.01063829787233	243.67760617930253	216.75	232.00470008112538	239.74114535287808	254.4107870431262	254.50640310413164	254.95083787371482	254.8729555452312
35.233274368474355	255.0	237.78132198899715	143.35654964793196	83.05636115110983	229.62874962874963	205.255681890625	215.6353403817667	214.51329089243436	255.0	246.13899613899613	127.64598760637288	233.75	237.5562178828366	127.64598760637288	255.0	255.0	235.37733254297	146.0810376204839	214.86451764130044	214.81820885029273	185.94567357259922	235.17427237128973	236.29999999783163	216.75	249.99371312440428	253.42918517517688	254.41078704313165	253.62866666674043	253.6260291858679
65.4735267724767	41.16961590266726	166.66068848853973	64.36201600982676	197.27107755394957	203.0769230769231	196.0346672989523	230.76923076923077	193.88429770903738	188.9106088093244	209.20564069865281	219.23076923076923	233.75	255.0	255.0	250.44642857142858	157.55865663070597	171.89309576837417	171.89309576837414	201.3491298016204	243.29291211669513	243.29291211741543	234.89010988937147	211.15384614429166	255.0	232.73809523809524	253.82555274580488	254.41078704292522	253.398114857071	255.0
102.98757082053646	250.486708998321	254.80936353014232	101.55441317253945	6.377410319703529	0.0	76.76264897999997	193.88429760768878	180.812479506801	160.14590876498602	4.486050778634592	191.25	215.43636363636364	255.0	136.0	170.0	175.24896197634172	157.5586565407841	157.5586565407841	218.5843235556023	224.85094505858603	195.2867975423326	255.0	198.1418918918919	255.0	255.0	241.64285714285714	254.0714610832954	255.0	252.86318495370963
89.32000466085947	253.81906205641982	87.46939398867698	14.530509302230485	76.76264890593558	76.76264894285057	182.62847628082113	180.812479056015	156.99152503888251	166.79189971875002	214.46176166652586	143.7205090395923	154.65481532619953	154.65481532619953	215.4097799584374	109.1597213530224	129.62405261342525	185.66581717628927	185.66581720767905	188.29507445720125	163.85151182001218	157.55865663070597	234.53785863264733	234.53785863135423	219.0604026905939	222.84517158354964	255.0	248.96449704142012	245.93225113392216	252.86318495384626
0.0	192.37867130630917	124.73715036567805	76.7626488525	76.76264889500001	76.76264888747806	76.76264886544314	166.60255559217535	155.41482355646068	156.9915252548334	164.95577479194338	155.17344568727287	207.7176220806794	154.65481532619953	255.0	255.0	255.0	142.28741911568116	255.0	163.85151177740033	190.97505898326335	215.76923076923077	198.74012077233462	255.0	222.15254235310255	222.15254237288136	211.65934066089127	246.48381772401348	245.93225113256932	255.0
248.82948764007293	195.50341631026174	1.371537832776312	196.15384615384616	196.15384615384616	141.05163182037978	166.60255501382483	166.602555269049	166.60255538179757	76.76264897999997	179.53031898752346	155.17344566748932	132.5642354470229	207.7176220806794	200.25840346889595	207.7176220806794	195.36275229257555	171.38065963643248	255.0	255.0	185.94567357259922	216.78674351585016	202.67441860465118	198.7401207985618	228.55501293274597	218.875	255.0	200.1006036217304	243.67173936631946	247.4971153846154
19.599104886602817	10.552128376442312	127.52668908908406	156.92307692307693	156.68980379192178	186.08927052513167	166.60255520660837	166.6025552126747	166.602555269049	166.60255538179757	179.53031900832036	132.56423488689802	132.56423501378615	132.5642352923769	200.2584034717088	185.9105775572679	185.9105775572679	168.68727968248328	209.13602801644743	209.13602800564794	255.0	210.73956062384704	210.73956062347594	185.02687188	174.58670108947194	231.92060516802786	224.8092265009105	223.01432291666666	244.61177686031436	255.0
93.86936011486802	252.62259310688466	250.80526294845205	186.0892707540482	186.08927066430186	186.08927064011823	186.08927062205782	166.60255501382483	166.6025553030001	166.60255487944866	168.30000001682998	132.56423546615383	132.56423501378615	132.56423542495557	132.5642354661537	132.1028816596687	132.1028816596687	203.57636105993976	255.0	209.13602797315605	209.13602795660205	147.06248741759583	148.33257482420626	148.33257480808754	221.35793398211246	174.5867011363936	205.632	227.8851606805293	243.67173936631946	254.61339454584618
29.599443493425696	127.49966365355841	156.9230769230769	179.28508682858376	134.92552669983712	186.0892706280264	122.99459327954924	122.9945930653185	186.08927055606267	186.08927069116817	168.30000001682998	120.14339660112952	130.08527787244424	130.08527788731965	199.2535058590501	199.25350612408783	199.253506342456	199.25350730926863	199.25350673437083	159.46825098905083	167.42059191749524	167.42059190674803	167.42059186398285	167.42059191191026	167.42059187853562	207.70909090909092	223.01432291666666	233.51159159159158	233.29301075268816	254.50640310413164
248.82948764007293	194.2674012294443	169.76514915475138	255.0	117.37301416943384	117.37301417873147	134.92552639809696	134.92552647917762	134.92552649867702	134.925526548967	134.9255265408837	255.0	233.75	111.51665900486171	169.0476511567873	169.04765113266595	150.84828403754398	199.25350486444347	199.25350598640006	199.2535064256403	167.42059190074036	167.4205919208542	167.4205918874053	167.42059192085424	167.4205919342501	206.7310087173101	205.96153846153845	166.68486629970533	255.0	166.557591382525
10.553715016667184	127.27672631889337	87.57940817277463	87.57940817277463	117.37301422795639	117.37301418356094	117.37301418356094	117.37301421219004	134.92552647917762	134.92552649974633	173.4	107.77568139329088	80.80183696608975	155.62198933213864	155.6219896669868	111.51665906185275	111.34438755296452	186.5030124742293	0.0	167.46268656716418	172.88135590363402	167.42059187853562	167.42059190674803	167.4205918991165	167.4205918272254	164.6875	83.61788617886177	221.32609830940353	186.6879383869358	224.1627906976744
253.94055613294563	139.03703093488934	87.5794080657499	87.57940810088351	87.57940812146438	87.57940812146438	117.37301421219004	117.37301409477007	255.0	214.46176166652586	106.32531094652751	255.0	112.49565986569127	99.37801033301318	99.37801066786133	106.20854832937567	119.50495821239483	175.2951750553079	167.46268653563712	118.63636336441115	118.63636357670455	137.62698590522993	137.62698578780996	167.42059187853562	167.42059187853562	167.25806452983872	171.8478260869565	252.3323133920849	166.557591382525	196.71428571428572
253.94055613294563	139.03703092269996	87.57940812146438	87.57940811259473	87.57940809325194	87.579408093252	87.57940807914576	115.694602164927	144.71115653267736	99.74537524125424	100.4076636216113	98.35471930577276	255.0	161.15947091668494	161.15947071881166	106.20854836665609	161.1594707841341	161.159470729997	161.15947050218708	85.95234886733405	137.62698578780996	137.62698578780996	137.62698581643906	137.6269857720436	137.62698583056618	142.79999999999998	171.8478260869565	83.6178861788618	100.22164890045977	64.50012980144106
139.03703095246834	139.03703093928408	139.03703095147625	87.57940807914574	87.57940813601712	87.57940808250476	87.57940809925961	115.64604818805881	133.8394015784277	133.83940157447336	93.53244920801902	95.52424903477004	161.15947064094127	100.3790602133358	100.3790602038109	113.36316051195038	113.36316056747205	85.95234884321269	138.74658353625034	89.97522665754965	162.27272727272725	103.36258589695993	137.62698582126853	104.93783629453316	158.66666666666666	164.6875	75.71491317141627	250.4851329573825	220.80719392157238	167.32143829766642
96.45412756255686	139.03703089392366	139.03703092609982	110.60328053940503	87.57940808808974	113.58358117148879	106.66528184128336	115.64604819640087	133.83940157006515	96.85658353809325	90.17154161668532	133.83940156019767	133.83940158146817	133.83940158679025	115.69460224434354	100.9487330256886	100.94873301128223	113.94907305984262	138.74658343882376	89.97522655831233	103.36258556201656	88.39744461820243	88.39744469699994	88.39744512055134	88.3974449861752	148.75	186.0892707540482	16.104931452438734	17.740647831595084	243.94000662821944
96.45412774373949	96.45412770699764	139.03703093229205	113.58358112940113	113.58358108567359	113.58358110739746	113.58358106339014	127.5490708220895	88.17291840885488	74.51128293182353	90.17154161668532	88.20431658293188	133.83940156019767	133.83940157437797	99.36252815849721	99.36252814894561	99.36252815281037	113.9490731114031	99.36252814143663	75.46968099167967	88.39744486937687	88.39744473095098	88.39744478732533	88.39744479339166	88.39744498617517	148.75	186.08927066430186	236.46699329142314	0.2955742488627209	50.806252099826764
96.45412773265883	96.45412770872369	96.45412768478849	186.08927052513167	113.58358104276599	113.58358098542956	113.58358093136809	106.66528187255321	81.53808147192015	127.5490708220895	127.54907085362397	127.54907084041048	127.54907086460163	127.54907086460163	127.54907084039185	88.20431658293188	99.36252810811808	99.36252816935942	99.36252815034439	75.46968101247651	88.39744461820243	88.39744473095101	88.39744466173812	88.39744479339166	88.39744498617517	186.08927062205782	186.08927064011823	144.8155883046227	216.26191791403954	254.97153390183598
249.3061437834513	96.45412774373949	96.45412770074523	0.0	186.0892707540482	186.08927069116817	87.65866828538068	78.35617463650502	117.71942714712273	78.41609059974846	127.54907074360852	127.54907074360852	127.54907085363206	127.54907093721243	127.54907085362397	127.5490708403732	74.51128293182353	127.54907089564834	99.36252814143663	110.29252179417122	88.39744440782465	88.39744469699994	105.41994266965816	103.2446459328743	125.5566275517086	77.07658809370218	255.0	153.0	108.84488507339032	61.29788060394657
250.80526294845205	60.66363235609373	96.45412770872369	0.0	0.0	186.08927062205782	186.08927055606267	69.32676337385101	77.87763434759961	84.41779879114674	84.41779877497189	84.41779892064744	127.54907082210568	127.54907084311787	127.54907086414624	127.54907086413007	127.54907088515843	127.54907089564834	127.54907088879284	108.09544210995892	108.09544217349196	133.35659477880148	108.09544204838599	85.85213571030951	107.31516963788692	61.15591359760438	255.0	153.0	254.88472858687385	41.412324077903634
160.36885391609667	76.76264897999997	114.05779801648958	96.4541276335139	0.0	0.0	186.08927066430186	186.08927064011823	186.0892706280264	255.0	84.41779876398192	84.4177987104782	47.148960314930974	119.32228521642739	127.54907084041047	127.54907086414624	127.54907086460165	127.54907084039185	108.0954420523968	108.09544204838599	108.0954420483859	108.09544211347645	90.91956748805376	90.919567535	90.91956748805376	68.37331731472389	61.15591359760438	248.55570310351447	11.628838517870747	74.29884910546781
109.68656380318882	76.76264894285057	76.76264889500001	76.7626488525	114.05779791058046	0.0	0.0	65.28542405899304	65.28542406177908	134.11322488358059	134.11322481063712	134.11322484473177	84.4177987569168	47.14896035845669	154.51233966405448	154.5123396819742	119.32228523538785	108.09544204838599	108.09544205239683	108.09544204838599	108.09544193727262	102.90004558362745	90.91956749250002	90.91956748805373	68.37331730116784	68.37331725897644	8.19095797599445	16.651498809513555	120.50949559765908	132.9726199908863
29.654716141200083	249.3061437834513	76.76264888747806	76.76264890593558	76.76264897999997	56.57713719364466	97.441343369294	97.44134345921589	0.0	66.25991664450706	66.25991680837404	66.2599167219096	134.11322469293424	134.1132247312566	69.57112817245454	76.45171441389274	108.0954421099589	108.09544204838599	108.09544202361573	102.90004549599212	102.9000454628439	90.91956762000001	90.91956752753958	68.37331729111577	74.63502719882311	74.63502714966313	16.58696474180286	100.73692888141798	2.8390302004459045	214.39296815219416
93.87097554426543	160.36885391609667	105.47520537911558	76.76264886544314	49.990755459268826	57.85035053929602	53.179889355577075	57.47847464542309	255.0	41.09782066078657	41.097820692264236	66.25991663544505	66.25991666855549	66.25991673390027	134.11322474302585	102.90004536600009	102.90004552323572	102.90004550310513	102.90004553932283	102.90004556098816	90.91956762000001	68.37331730116784	68.37331731472389	74.63502719882311	74.63502714966313	91.26468906267763	126.21471064764927	10.553174954386606	135.73384649021338	178.29086769768912
127.49979976078154	0.9908787219263502	27.55182596089938	1.8561040019797588	4.195436580354681	36.16767163431629	36.167671634316235	36.167671620170466	36.16767159187893	41.09782055049888	41.09782066078657	41.097820692264236	41.09782064582586	41.09782067277209	41.097820638345496	70.86142374103707	70.86142370637603	70.86142372528514	68.37331727405561	68.37331730718543	68.37331729438978	68.37331729111577	68.37331725897644	68.37331725897644	155.65596279056598	98.64746572261731	210.54066924925354	57.48914993072401	35.96764921778549	178.2909207160598
6.8639769455980115	127.51332617050055	34.24016530082338	194.2674012294443	255.0	6.775405701666898	36.16767161296448	36.167671626757254	36.16767161061631	36.16767164747691	36.167671638319604	36.1676716567884	0.0	70.86142372528514	70.86142368904552	70.861423710232	60.02079283948075	60.02079289602921	60.02079291478228	60.02079292415874	60.02079290046254	65.03824694884969	65.0382469714975	65.0382470633175	0.0	98.6474658649355	98.647465852066	0.265852736754141	136.1823592155901	175.7995653432706
10.10526893568138	9.886278812349985	11.905945832519308	18.71208565770246	20.243450047044604	36.933424087331275	29.54834483199815	36.933424087331275	46.96371222022785	36.167671664419544	36.16767161061631	36.167671644947774	36.16767166621082	70.86142359703857	70.86142366274737	60.02079288278719	60.020792885217105	60.020792890298964	41.895078604418956	65.03824693517035	65.03824693517026	65.03824695537554	52.10880364579657	9.562413569130882	98.64746534815697	98.64746583970657	98.64746584883258	0.0	178.29467580719563	255.0
1.0313965019465172	9.258737076758166	10.341590602171038	11.905945832519308	0.0	19.85222817548177	0.0	27.01249382867556	34.24016530082338	27.01249382867556	0.0	0.0	36.16767161061628	36.16767166621085	8.19095797599445	35.627247820057704	35.62724789712868	65.03824701679312	65.03824693517035	51.22657065640888	48.22613618369519	13.845069906970423	0.09527052651856138	6.310361363850717	20.283443501017388	98.64746587678488	98.64746570876358	0.989841225553846	0.0	0.0
