253.51660737147202	254.4962962962963	254.23164995215853	251.0316910282258	241.14688128633267	239.44561298076923	236.7400218541689	244.0953947368421	214.2	199.46666666666667	254.22754510639064	232.23214285714286	90.89628097870136	253.86666666666667	252.50679217259608	208.25	233.75	218.33927110195535	233.75	214.92857142857142	231.8181818181818	59.996017367678405	254.58290100652292	254.58290100652292	241.58309442200587	254.98312891435225	249.959583170109	254.46924802368179	254.72871509101745	254.02244651201866
254.85559310487182	254.01048104956269	249.12203440586103	243.66666666666666	245.19230769230768	236.74002037034984	231.8181818181818	209.90373198630456	218.81492073075668	253.33327948960363	216.58391446284594	54.435594089999995	255.0	197.04545428861053	231.81818154158057	249.3292847827952	247.6844262295082	108.16952167578833	223.07032590051458	246.6117371181803	222.75980545486556	227.69877089600993	221.83533479758742	240.99487447403033	234.54538289679687	240.95861488069113	251.22114202907753	248.7030612244898	254.46924802376873	254.9991452163246
253.92996661197645	246.42916666666667	237.62011174246348	238.68	224.93448351310875	209.90373201895434	212.54016160307373	212.54015975966578	187.8615087004282	227.109375	245.9062443036043	40.47605864865318	249.89824183116792	67.83633586060449	247.38765511571083	244.17398966351092	218.86738115764595	227.21220811142973	222.95954896839507	227.6106188941746	219.91599398325627	245.95744680851064	239.64987714727363	248.625	231.52067052534755	242.45195316407552	250.84438831972415	250.97004113307466	254.80401841726658	254.99764795423664
35.233274368474355	253.22916666666666	255.0	35.606941603078326	181.70446096774145	154.8024948024948	199.21875	187.86150865237272	188.97874499867265	214.2	246.13899613899613	154.2201336026099	191.25	212.73237410071943	154.2201336026099	201.24127984839615	233.98797980776428	238.72740834207386	241.63171744227535	218.09121097476063	214.99730269538318	250.58739796454665	250.06555030050347	251.1836734672194	248.625	246.87210891924747	251.79067389330868	250.8443883193358	254.94288490902878	253.97177419354838
164.87769120028116	215.70289777069456	210.82748560742087	26.140790882754175	31.82256245831084	120.0	189.00880817544754	230.76923076923077	159.95454555997003	194.07004309544456	221.49672797548163	196.15384615384616	191.25	26.917704791686873	37.72189347	232.23214285714286	231.27018738236615	244.7772828507795	244.7772828507795	200.4341155237251	222.95954895095508	222.95954895292644	243.88111885434927	183.461538453237	236.454545436	248.63945578231292	253.77712697397166	250.84438831787995	254.88850964595213	253.651239669
2.5903261787668157	21.319365716780254	0.0	254.68020878987215	243.99228028633345	13.031756628721524	101.47470229499999	159.95454547635742	144.39104518114965	166.88660890787077	191.03033575681448	191.25	180.8181818181818	153.0	136.0	238.0	234.33711982762782	231.27018734532402	231.27018734532402	183.2061101578919	214.93053071549465	255.0	218.06172839506172	211.0641891891892	214.2	214.2	255.0	229.92944924897589	249.64927094446983	252.42593748739804
105.83099410927352	8.747970102749065	85.43966766129452	0.36895327975526016	101.47470222504387	101.47470222504387	144.94308809109253	144.39104498601233	163.87711857502512	159.375	157.13203535753348	220.2842117986512	225.51259924059372	225.51259924059372	220.9012086156062	154.71705408676627	112.3664564741606	134.12211931403544	134.12211934027025	187.8014610681117	225.05228522844075	231.27018738236615	230.57615786281673	230.57615786220768	222.48322139639544	236.99847638258382	229.5	200.68047337278108	244.56867987586537	252.42593748747308
34.80436076269899	71.510465280022	85.37567083902948	101.4747021675	101.47470221	101.4747022250439	101.47470226911383	128.30634151010753	162.37116492546656	163.87711849487215	164.95577479194338	128.29852523841043	214.0339702760085	225.51259924059372	38.59633790181692	181.38784065791333	145.81552308719893	190.75894741588738	153.9148166922733	225.0522852522348	227.32075550299984	137.30769230769232	193.88272610065945	255.0	218.6949152419305	218.6949152542373	215.7692307708115	243.50147775631874	244.5686798748693	248.472
223.99251649302025	131.22517696916802	239.06882880902245	196.15384615384616	196.15384615384616	148.63703572691543	128.30634151010753	128.30634125218592	128.30634129378362	101.47470254999996	140.23071153481115	128.298525224117	214.53574709725197	214.0339702760085	42.92464158498453	214.0339702760085	180.50785539782532	171.64482398221867	152.99999997719212	186.23161403111493	223.8044351744541	220.46109510086455	179.65116279069764	193.88272614041065	222.69462797814526	223.125	229.5	230.88531187122737	247.218017578125	248.87019230769232
0.0	34.248929529185915	152.47241183717824	78.46153846153842	110.45311381816646	117.17854150809637	128.30634131732404	128.30634123138714	128.30634125218592	128.3063412937836	140.2307115494355	214.53574742115438	214.5357472294943	214.53574683130475	42.92464167657408	136.991489348912	136.991489348912	170.45658333174828	172.17883073601675	172.17883076446788	174.3619196852641	204.7526412879423	204.75264128965918	191.25	208.77901857453668	226.65116768356827	238.01768990634756	230.09765625	250.6174683629284	252.45
3.279445117261872	101.9304280692848	253.76299065754313	117.17854127917988	117.17854122918652	117.1785412470974	117.17854124411568	128.30634035340645	128.30634122093227	128.3063412937836	56.100000005609985	214.53574580294912	214.5357468128083	214.53574699578445	214.53574688873687	181.96812522263258	181.96812522263258	210.3163580962233	157.94713163585004	172.17883071022322	172.17883070453354	182.60877944518865	186.49580923423963	186.4958091468206	218.30983434485375	208.7790185594941	228.888	245.23865784499054	247.218017578125	249.68046348305094
41.33742504738825	210.01575954754543	78.46153846153848	7.062390774076391	134.92552669983712	117.17854125605282	129.8492386021136	129.8492385692232	117.17854122658358	117.17854138233633	56.100000005609985	203.04090559555294	130.08527787244424	130.08527788731965	206.4211250371701	206.42112570134609	206.42112552057577	206.42112503716947	206.4211261311934	159.578660350628	161.3032304211328	161.30323044148298	161.30323047464515	161.30323045207865	161.30323057558894	216.36363636363637	230.09765625	238.9189189189189	238.69527649769586	250.97004113307466
223.99251649302025	89.85526494981661	169.76514915475138	71.99616450855797	109.8225224080592	109.82252248409787	134.92552639809696	134.92552647917762	134.92552649867702	134.925526548967	134.9255265408837	19.615384634999998	191.25	207.71817123793392	154.80410892332202	154.80410892046677	0.0	206.4211231820568	206.42112495153938	206.4211256241419	161.30323040694546	161.30323037443	161.30323042586195	161.30323049764678	161.3032304353202	199.1095890410959	214.54326923076923	210.83957529539123	238.68	210.79548689880068
84.48877949511385	57.70016904383286	93.69676967170449	93.69676967170449	109.82252235361213	109.82252231011688	109.82252231011688	109.8225222947207	134.92552647917762	134.92552649974633	132.59999999999997	189.1592832044682	80.80183696608975	103.9773281430194	103.97732810115852	207.71817123690494	193.1739813568963	194.49061597466056	236.92324666088058	159.8507462686567	164.23728812790148	161.3032303291555	161.30323044148298	161.30323040147033	161.3032303282955	175.3125	105.73170731707319	219.56821515529776	138.00936715021936	224.1627906976744
156.60178767589392	139.03703093488934	93.69676956467978	93.69676959852961	93.69676967084453	93.69676967084453	109.8225222947207	109.82252222312638	13.336542269487751	157.13203535753348	106.28628843156363	93.72383928884992	115.54797110021616	151.0226718988415	151.0226718569806	77.60761683379417	119.808327432478	183.61861513991147	159.85074625672758	158.4090906259039	158.40909086079546	145.17747777687362	145.1774777052793	161.30323032915547	161.30323032915547	189.19354838709677	205.1086956521739	118.46563552391771	210.79548689880068	196.71428571428572
156.60178767589392	139.03703092269996	93.69676942441106	93.69676957413805	93.69676955851699	93.69676955851699	93.69676962556997	99.4723272234867	104.34263795847093	99.50780732557351	99.06541394178666	87.42087195493195	20.746683338815444	170.62568724373025	170.62568715037662	77.60761691641733	170.62568704117265	170.62568709530984	170.62568677128388	100.19589107953323	145.1774777052793	145.1774777052793	145.17747768988312	145.17747764638784	145.17747759194083	173.39999999999998	205.1086956521739	105.73170731707316	201.42729657638873	26.30679961300507
139.03703095246834	139.03703093928408	139.03703095147625	93.69676950235325	93.69676952535485	93.69676957886716	93.69676959305454	68.94438173672023	65.141934210763	65.14193420613876	92.27022052224171	94.56061285908024	170.62568693929262	151.9505245580463	151.9505246028222	145.7451040015348	145.74510404385774	100.19589107667801	130.93040888971046	94.91144765417118	153.0	142.79554687118912	145.1774775159021	146.00016846890196	170.0	175.3125	247.9376092259236	98.76635410818005	181.14294234057428	179.32625241102627
39.252264797433156	139.03703089392366	139.03703092609982	71.6940581312162	93.69676954792138	76.55234734205035	70.81536368159163	68.9443817352444	65.14193419765891	208.72097867393583	110.20681453349508	65.141934206075	65.14193421642776	65.14193422386708	99.4723272597991	153.89929223160834	153.8992922097644	148.79149030575675	130.93040877819135	94.91144758365994	142.79554726454703	126.69365870621638	126.6936587790677	126.69365870621638	126.69365964659355	159.375	76.86834869678364	250.20308716165306	242.04934952939945	243.94000662821944
39.25226460687247	39.25226473762433	139.03703093229205	76.55234724888328	76.55234734205035	76.55234733285175	76.55234750078873	86.5295120022734	85.85755542449368	83.88413443830174	110.20681453349508	90.17154161668532	65.14193412502303	65.14193421297682	159.80115829806803	159.80115828541176	159.80115828892207	148.79149030598987	159.80115827063005	114.76928845056449	126.69365870621638	126.69365874781406	126.69365876861289	126.69365868267596	126.69365848989247	159.375	76.86834864864738	11.040014547356805	103.88128589545283	50.806252099826764
39.25226467723496	39.25226466749447	39.25226478431094	117.17854150809637	76.55234727768894	76.55234730340709	76.55234741180936	70.8153636713622	81.05055499406171	86.5295120022734	86.52951200940626	86.5295120171514	86.52951200072741	86.52951200072741	86.52951203270442	90.17154161668532	159.8011582886233	159.80115830282097	159.801158283806	114.76928846518885	126.69365870621638	126.69365874781408	126.69365864302569	126.69365868267596	126.69365848989247	76.86834867378178	76.86834867179687	81.08055005882585	207.86665476013485	7.137709560019459
224.41615954287295	39.25226460687247	39.252264706433294	9.451743079918657	117.17854127917988	117.17854138233633	60.8891760127851	78.14924558801502	75.50571466189581	77.4089294056729	86.52951192034942	86.52951192034942	86.52951200265167	86.52951192034942	86.52951200940626	86.52951204825743	83.88413443830174	86.52951208597628	159.80115827063008	102.86686244510878	126.69365848989244	126.69365877906773	125.45987048763027	112.45066640047392	137.06879961937915	121.33108293097575	153.0	153.0	189.22703074717086	179.39919662078592
253.76299065754313	60.66363235609373	39.25226466749447	9.451743187963388	9.45174314714319	117.17854124411568	117.17854122658358	69.33145834820402	76.13190823095445	172.23228570996906	172.2322858106877	172.232285751733	86.52951197475073	86.52951201653912	86.5295120308048	86.5295120022734	86.52951201653912	86.52951208597628	86.5295120811054	100.65451152538719	100.65451158454687	124.04401742208569	100.6545115217229	110.75021663025001	117.15479915353163	79.32691940149033	153.0	153.0	180.91850464047673	135.17638416095025
109.68656380318882	101.47470229499999	2.9011159739261245	39.25226470771992	9.451743126733106	9.451743167191921	117.17854122918652	117.1785412470974	117.17854125605282	10.003924635000004	172.23228573817437	172.23228567082816	77.31328620552625	118.42621663879063	86.52951201715135	86.5295120308048	86.52951200072744	86.52951203270442	100.654511564827	100.65451156511654	100.65451156511651	100.65451158681333	101.4747022250439	101.47470221	101.4747022250439	76.61794247912562	79.32691940149033	247.8654997151676	38.701373457118336	36.00531333661388
3.287065818830939	101.47470222504387	101.47470221	101.4747021675	2.901115966276052	9.451743210828596	9.451743183586558	6.876763660016991	6.8767636938350165	143.65520710099372	143.65520709971753	143.655207131121	172.23228577806566	77.31328607787228	76.86641387412723	76.86641389072992	118.42621664624744	100.6545115217229	100.654511564827	100.65451152172292	100.6545116437066	94.23069743062734	101.4747021675	101.47470222504387	76.61794251449277	76.61794247542832	39.3350700344275	49.935059080034506	127.0509516262991	11.72927280031999
41.39305987543975	224.41615954287295	101.4747022250439	101.47470222504387	101.47470254999996	61.16082320992564	23.729812617633883	23.72981265467598	9.451743069840603	144.87495492787068	144.87495486975448	144.87495495621903	143.65520703060972	143.65520700957217	69.54757545462252	76.30073631407859	100.65451152538722	100.6545115217229	100.65451158454687	94.23069743261419	94.23069761933758	101.47470229500001	101.4747020476236	76.61794250614781	108.65767926963093	108.65767927332047	49.88487613708273	232.668327256857	55.41683161165213	243.16877380826878
56.918126926504186	109.68656380318882	202.89821088168415	101.47470226911383	51.00645412259681	52.08384176433094	53.37423104526479	55.50569859297468	93.72383928884992	54.787967065065146	54.7879672431647	144.87495492739748	144.8749548709796	144.87495496229863	143.65520705414212	94.23069730262213	94.23069737532359	94.2306974566616	94.23069743261416	94.23069743261419	101.47470203999998	76.61794251449277	76.61794247912562	108.65767926963093	108.65767927332047	91.26468906267763	126.21471064764927	0.13820366815306784	254.4252860007949	214.45225884548572
39.95693100674009	39.156057641660226	1.8657079193695267	24.429450834828486	56.758671672870065	103.5541884286906	103.5541884286906	103.55418843604832	103.55418845076369	54.78796718852115	54.78796734354697	54.78796736410786	54.7879673236026	54.7879673381226	54.78796731363042	64.60242982461034	64.60242983677068	64.6024298428245	76.61794273690069	76.61794252150759	76.6179425321763	76.61794250614781	76.61794247542832	76.61794254129936	17.22864807885489	98.64746572261731	113.27892052165464	57.48914993072401	226.48444630847288	133.43697042106604
12.741533477497342	67.69437942561134	30.374465792951497	89.85526494981661	71.99616450855797	2.1047749043496538	103.55418836247142	103.55418843492802	103.55418843492805	103.55418841575559	103.55418845410043	103.55418846688207	220.0159645786694	64.60242981155565	64.60242984285082	64.6024298168368	76.20552951195234	76.20552943149704	76.205529412744	76.20552943149704	76.2055293302952	72.58873882319392	72.58873884494156	72.58873875795103	54.61283193544992	98.6474658649355	98.647465852066	139.66890359893364	2.206155302169037	110.61924454525348
10.061346822543413	9.544338575847519	12.203301727616406	17.94405229439721	26.577264650109214	30.374465792951497	30.26954223655821	30.374465792951497	46.96371222022785	103.55418842416736	103.55418843492805	103.55418843604832	103.55418845076369	64.60242968061186	64.60242981155565	76.20552935842514	76.20552944048018	76.20552940375188	70.88634254000411	72.58873885263964	72.58873885263964	72.58873871675019	52.10880364579657	255.0	98.64746534815697	98.64746583970657	98.64746584883258	30.302920170070422	7.47763106778018	255.0
1.0927458989838783	10.368925630984876	10.298056301088081	12.203301727616406	162.914551579195	19.39190893028652	189.47542213470405	27.01249382867556	30.374465792951497	27.01249382867556	45.684891360443885	54.61283193544992	103.55418843492802	103.55418845076366	39.3350700344275	231.85006256191315	231.85006248853804	72.58873888843681	72.58873885263964	45.519458076665956	42.78635116299586	16.830239016551758	7.764536035329144	18.755652545393303	20.283443501017388	98.64746587678488	98.64746570876358	80.21369514682638	252.53780133997734	0.0
