253.99420623534067	244.8	254.9896304601067	179.45592969950076	241.14688128633267	141.89369669471154	147.5379175556813	162.5438596491228	244.8	214.2	254.4713810593161	250.44642857142858	252.98769681844232	214.2	254.39477441769924	226.666666661	226.666666661	246.4231766398294	226.666666661	241.33928571428572	249.84848485363636	252.6373642170996	253.92481148348125	253.92481148348125	245.47469805141395	254.93018030670197	251.48649488778835	253.6541739739664	254.05062453006036	254.46446019110348
254.95882877334373	254.96079514395043	251.94950703937243	204.0	186.8131868131868	147.5379173300114	249.84848485363636	79.69595941081647	129.49505546437692	253.75485713735245	238.8127184711418	251.86618107	81.46961206860323	173.86363626485021	173.86363626485021	253.0499212034862	170.46448087431693	246.02592509987517	244.21097770154375	240.47225184255677	228.728044470951	227.86208648141948	232.71487402924492	235.41901460630444	233.1255693280868	240.93141559990454	249.58139699321168	254.26817602040816	253.65417397420964	252.8325357631599
254.24256417874034	251.8518518516	205.13966481363752	252.96	231.39608952371393	79.69595928438764	112.52126134435576	112.52126103410589	61.60581882899578	127.5	254.5580348990147	251.27587886467649	251.08645483306455	246.27220590548953	248.91570866129229	251.19474166679836	178.4740089664842	197.17841048750512	211.09271524347716	221.42579407005556	219.2402905093253	174.85009671179884	251.55405408828068	89.25	231.59027609166725	238.61230637242508	247.27144176865897	254.53171576545822	252.70068817153722	247.0925688727484
35.233274368474355	251.8518518516	231.39608952371393	248.79881237953526	217.37533176911927	0.0	88.54166657812502	61.605818748007124	70.46290416710212	48.44999999999999	0.0	133.71584416481107	233.75	91.87338129496402	133.71584416481107	140.96053317725594	206.8987742280779	248.29505850271232	224.39700364008806	215.0111187324637	215.12875576937017	186.75105437716635	175.17675718564476	202.9591836734694	89.25	239.625624331543	241.56159479203302	247.27144176923514	244.37942523948354	254.96123751920123
224.906599033669	253.536268224247	27.23668391250615	1.1719593036884817	176.92410735604037	0.0	70.98203850208915	0.0	44.43181816667092	108.94172998952729	97.40819016400022	0.0	233.75	238.8693619958863	241.42011831	133.57142857142856	40.728644557447296	238.53006681514478	238.53006681514478	200.35172744278213	211.0927152305129	211.09271523178808	224.999999989819	224.999999989819	224.4	228.9795918367347	240.4468003506465	247.27144176652757	229.83137454578724	251.328
254.5973320078384	146.0523963917136	229.37628154965944	209.39319788085618	252.63758139110502	253.16816774202672	178.23735127499998	44.43181814344527	36.63593717664443	73.48441055976596	232.5051721978507	84.99999999999997	66.76363636363638	204.0	153.0	153.0	237.63173295084673	40.728644651464975	40.728644651464975	192.5786646003724	197.51346528393387	155.405114183538	198.33333333333331	129.22297297297297	224.4	224.4	209.46428571428572	255.0	242.40740740740742	254.72493613554292
27.299839793967834	156.41427598568322	56.039560353356364	5.008382708920266	178.23735113097945	178.23735116789447	34.08485383181795	36.63593680153352	70.2330506974684	58.49171480625006	214.46176166652586	225.44650168455908	230.001725923369	230.001725923369	238.80464090387343	140.78645149503285	94.3960165181712	144.1458767200174	144.1458767025962	191.72875924957424	138.11427189195433	40.728644557447296	221.23016518709017	221.2301651918944	239.59731543882594	249.30167597061032	249.3333333339	255.0	253.29553592742897	254.7249361354766
221.51943096119038	9.077935607555332	191.91943155147317	178.23735102	178.23735110500002	178.23735111252194	178.23735113455692	29.58408864211148	68.63885624574826	70.23305082364982	63.47815097158076	79.03140341633468	235.14861995753716	230.00172592336898	216.52998258371935	169.9999999780531	169.9999999780531	181.21784479486098	195.97896865549606	138.11427181829043	116.8249969236939	255.0	237.784068008386	95.05150660514275	246.3559322091037	246.35593220338984	250.01831501672174	253.7583930210363	253.29553592677922	251.328
0.31936397670426686	7.0181090718321	246.7796385667234	0.0	0.0	54.394135942508285	29.58408806376093	29.584088322529198	29.584088396540636	178.23735101999995	140.23071153481115	79.03140335584413	220.4115358092764	235.14861995753716	209.55768959430054	235.14861995753716	141.3840227690884	171.56014051058804	166.66540882178197	166.66540882178197	139.80274236925402	202.0893371757925	204.06976744186045	237.7840680267469	247.67451882323144	249.6875	140.25	230.88531187122737	254.71177842881946	254.48918269230768
85.75599778219996	5.6273142384057735	6.201464499451191	0.0	18.950932760217967	186.08927052513167	29.584088256544447	29.584088285523535	29.584088322529226	29.58408839654058	140.2307115494355	220.41153660703844	220.41153592231623	220.41153599772923	209.55768963324658	142.6833913240269	142.6833913240269	166.16515711074211	156.1203912408501	156.12039125402015	216.98684439727162	191.7524735871206	191.75247358979752	240.67251447375	249.60282344432147	229.37367786852323	254.26292056958897	252.23307291666666	254.9603720736338	254.874074074098
233.04792148811234	117.36182201988291	58.620452993504955	186.0892707540482	186.08927066430186	186.08927064011823	186.08927062205782	29.58408806376093	29.58408806376093	29.58408789419167	243.10000011781	220.41153496103394	220.41153592231623	220.41153595999597	220.4115360468217	177.18127208258795	177.18127208258795	233.13185124985648	134.7918471964316	156.12039117080286	156.1203912142747	242.5077612758333	244.76451051064367	244.76451054763055	63.263859061219335	249.6028234567863	254.898	251.98724007561438	254.71177842881946	254.69860686538317
69.1657053487946	191.20427677403026	0.0	254.5817518867804	44.09269388436874	186.0892706280264	49.072956429807505	49.07295642226305	186.08927055606267	186.08927069116817	243.10000011781	209.80385813087554	211.68113754899636	211.68113753801816	230.9913974371025	230.99139833393278	230.9913984039149	230.9914003375402	230.99139865498304	159.51653363801026	224.21091558794416	224.21091557663112	224.2109156414565	224.21091561008905	224.21091573100188	234.39393939393938	252.23307291666666	248.36336336336336	252.97619047619048	254.53171576545822
48.65787325104429	194.2674012294443	0.0	155.65596279056598	32.12102864270042	32.121028830301555	44.092693582628556	44.09269377190549	44.09269378378869	44.09269388436874	44.09269394581247	196.153846095	84.99999999999997	193.75220334449102	214.06125824231074	214.06125816007537	141.0542443790553	230.9913977041106	230.99139827463415	230.99139881905165	224.21091544032944	224.21091549944578	224.21091560147417	224.2109156226625	224.21091562853417	202.9838107098381	245.19230769230768	118.48083578395034	69.10499999999999	253.760847894783
10.197133169445237	0.0	30.789084371465805	30.789084371465805	32.121028636401604	32.121028632572035	32.121028632572035	32.121028632721476	44.09269370638347	44.09269378619311	40.79999999999998	93.72383937307688	93.72383937307688	109.44583312095878	109.44583306375654	193.75220334139584	200.3577712673749	223.43723282862433	62.78383277032495	144.62686567164178	211.77966099167625	224.21091523813493	224.21091557663112	224.210915581483	224.21091562853417	228.4375	88.45528455284554	146.7657116325159	163.05931148310287	224.1627906976744
58.66147145950404	0.0	30.789084371465805	30.789084418517007	30.789084515431625	30.78908476186507	32.121028632721476	32.121028624912896	185.68657067242788	59.264070933906396	105.6861749301882	140.9605331234972	118.29455006310133	145.55416693624346	145.5541668790412	127.5	118.91732669483287	215.32348642017354	144.6268656418189	236.8892044108584	236.88920454545453	222.8789713750871	222.8789713672785	224.21091548456837	224.21091573100185	241.29032259435485	227.2826086956522	29.776198483783702	180.4575378582192	196.71428571428572
58.66147145950404	0.0	30.78908426899818	30.78908439852586	30.78908442336885	30.789084423368877	30.789084500554225	66.92452642712485	29.013957021926387	99.92894353571631	98.33604942029794	108.39856658279857	169.67847667828923	207.8657474585415	207.8657475004369	127.5	207.86574762628578	207.86574757214873	207.865747728657	40.93874183992463	222.8789713672785	222.8789713672785	222.87897136742797	222.8789713635984	222.87897135729955	249.9	227.2826086956522	88.45528455284551	255.0	223.99244212131833
0.0	0.0	0.0	30.789084377337502	30.789084358543477	30.789084412055843	30.789084559670556	120.07996587804689	103.02251632947073	103.02251633634617	90.10167976880197	93.18370675941995	207.86574746132416	93.95696144944199	93.95696143420201	50.513327247395864	50.51332723929724	40.93874175768926	115.92414137398299	187.70867834353731	157.63636363636363	231.61006438662477	222.87897116969845	233.726089067646	198.33333333333334	228.4375	0.41824811321961874	199.0257651042275	47.4217052914818	151.93183206478295
0.0	0.0	0.0	10.86457659419537	30.789084389910954	19.105034560678575	107.5639801562308	120.07996589622272	103.02251633658139	90.23540227061531	81.95209442485177	103.02251629659995	103.02251635349887	103.02251632236008	66.92452648744836	46.109894340358125	46.10989434578957	66.56274278260457	115.92414135998354	187.7086783017591	231.61006415927483	225.41591160345942	225.415911936239	225.41591210580833	225.41591193623907	212.5	94.99424144864417	211.3165976914081	174.7507236354902	243.94000662821944
0.0	0.0	0.0	19.105034382785874	19.105034474863373	19.105034477883237	19.10503466807782	73.49042848967537	86.08337490175302	90.17154161668532	81.95209442485177	81.95209442485177	103.02251629659995	103.02251633453255	60.43863013957082	60.43863013646606	60.4386301361117	66.56274278194414	60.438630304328086	114.76928845056449	225.41591160345942	225.41591167747077	225.41591171447652	225.41591174345552	225.41591193623904	212.5	94.99424143016324	183.3856922804947	227.3574150659607	255.0
0.0	0.0	0.0	36.55815588547094	19.1050344319558	19.105034551034436	19.1050346458714	107.56398010272005	81.36316750621927	73.49042848967537	73.49042849573337	73.49042847680445	73.49042846285536	73.49042846285536	73.4904284973073	81.95209442485177	60.438630104445224	60.438630133461544	60.43863015247655	114.76928846518885	225.41591160345942	225.4159116774708	225.41591171447652	225.41591174345552	225.41591193623904	94.99424142021834	94.99424141781807	251.67968595172718	2.960802203365745	17.44802085847806
109.68656380318882	0.0	0.0	173.15058120790485	36.5581561143874	36.55815625268963	0.31953065748214726	78.55688256588425	79.4410957079439	78.03284097817277	73.49042838000247	73.49042838000247	73.4904284658088	73.49042857360635	73.49042849573337	73.49042851781013	100.04719903843704	73.4904285555825	60.438630129193456	150.01816136310663	225.41591135788852	225.41591164706378	195.87329081955008	172.6991038939973	168.66836947295656	237.35962896242987	25.5	153.0	82.45790651080918	12.89957714873458
58.620452993504955	34.63877335274745	0.0	173.15058110201574	173.15058103592733	36.558156103447885	36.55815609797804	69.07462612424865	76.2254510889527	181.32627981514906	181.32627956831175	181.32627943641563	73.49042840179919	73.49042845975083	73.49042851390735	73.49042848967537	73.49042850179137	73.4904285555825	73.49042854570828	86.93859093897095	86.93859084019283	128.66149561889569	86.93859071591865	218.93755419788152	176.2006664644053	65.04435349834256	25.5	153.0	40.50830731223826	250.24171802047954
20.20113026226909	11.668160204999992	253.4957486849361	0.0	173.15058106192504	173.15058105573067	36.55815606810825	36.55815606335727	36.55815606098176	132.501962445	181.32627944712243	181.32627941853923	66.99676321541412	63.502626055070294	73.4904284768044	73.49042851390737	73.49042846285539	73.4904284973073	86.93859077320138	86.93859080270587	86.93859080270585	86.93859084609949	133.33408001004548	133.33408006	133.33408006541805	148.98466615174988	65.04435349834256	21.908263543522168	116.79279228498916	0.4497568077227072
20.20113026226909	11.668160130836014	11.668160120000039	11.668160077500005	253.49574846331214	173.15058097964356	173.1505809037505	119.89142056781333	119.89142057561799	185.23185236500132	185.2318522788362	185.23185222659373	181.32627954502829	66.99676322109636	59.84064003071606	59.84064001522901	63.50262605561366	86.9385907159186	86.93859077320138	86.93859078100908	86.9385907414148	98.49311380911402	133.3340801025	133.33408004696048	148.98466612221125	148.98466612819985	167.58900253029617	210.84024956385687	204.16929336674318	34.287511732031106
3.5791580904019327	11.534791858763072	11.668160075463504	11.668160093920989	11.668159949999989	54.979978398100855	214.2713554425527	214.27135534853505	173.1505810232802	154.22900149467935	154.22900162297648	154.22900162297648	185.2318523054812	185.23185206986625	70.0119460407233	74.11425915597519	86.93859093897098	86.9385907159186	86.93859069031657	98.49311356642417	98.49311369350332	133.334079975	133.3340800679517	148.98466612449994	147.80618759730925	147.80618758968274	146.042865903507	233.98593823041836	197.62078141205893	28.282193121782655
1.3563514971372115	20.20113026226909	57.90674862821123	11.668160135903463	49.38473465989486	72.4339707631269	52.731803845979215	54.03079362901531	13.085759023430995	43.96293534986103	43.962935489357704	154.22900156533348	154.2290015342512	154.22900158664171	185.2318522244467	98.49311330644011	98.49311345199092	98.49311353249507	98.49311352309351	98.49311356642417	133.33408022999998	148.98466612221125	148.98466615174988	147.80618759730925	147.80618758968274	91.26468906267763	126.21471064764927	3.212154557361174	251.899407778462	164.96435510747727
41.3780427014309	88.31355187880973	39.70950017697638	20.222993288046553	255.0	88.27068826797432	88.27068830514023	88.27068830085182	88.27068836660683	43.96293534895125	43.96293562834285	43.96293561030089	43.96293561233912	43.96293558944987	43.96293560433725	111.00151888920234	111.00151886209704	111.00151886306014	148.98466621480765	148.98466612264997	148.98466610744194	148.98466612449994	148.98466612819985	148.98466612819985	255.0	98.64746572261731	0.3044382656609059	244.19078624604646	154.81708255614814	99.06066263226668
37.76086466132986	0.029678616544515535	64.2375798748107	8.190895078656808	6.562921269940745	56.807944370692184	88.27068826940436	88.27068828268767	88.27068828268767	88.27068832614435	88.27068830379494	88.27068829634518	14.705014595961842	111.00151886306014	111.00151884854435	111.00151885128847	164.4544600805407	164.45446025094014	164.45446023218713	164.45446022281058	164.45446024762822	127.50000004560282	127.5	127.5	220.97746225803277	98.6474658649355	98.647465852066	99.52261951451663	48.22469428777839	244.19078624604646
7.97334000451653	9.612514601622792	12.260207825064924	26.397887170449962	26.0310236233951	64.2375798748107	30.11417216940356	34.24016530082338	255.0	88.27068828268773	88.27068828268767	88.27068830085179	88.27068829227494	111.00151888920234	111.00151880052238	164.45446015839843	164.45446020585632	164.45446021978034	196.88324441174152	127.49999996038993	127.49999998679664	127.49999999999997	183.00383548753203	75.25205516395567	98.64746534815697	98.64746583970657	98.64746584883258	17.055788099213345	77.53991374426712	255.0
1.0773164018991679	9.915167694773828	9.516659766985441	10.217823055452357	0.041889105060420206	19.60849146492606	0.7864057503843185	50.852469013865004	34.24016530082338	37.841467812178905	37.841467812178905	14.214236831995947	88.27068828268767	88.27068829227494	8.19095797599445	0.1696534206977276	0.16965353537116812	127.49999990879438	127.50000000000001	147.84310849497544	143.05794693573503	118.53352884120713	161.13480652831566	118.7704985635138	75.25205516395567	98.64746587678488	98.64746570876358	138.1101616647038	88.22098779415916	0.0
