254.7953525908844	254.8740740740741	254.76694430064853	254.1556409610215	252.69114688105546	249.6619591346154	245.7488436657619	235.6140350877193	244.8	236.86666666666667	223.7199762321944	250.44642857142858	234.4260299209701	250.46666666666667	232.95036138065885	221.0	229.5	230.43319295792122	229.5	225.85714285714286	243.4090909090909	220.53517846597614	231.39251295328228	231.39251295328228	247.28673952847294	247.81700725037618	253.1226134031633	253.71533845078656	254.31810287046864	254.4005731541805
254.94262240354635	254.6193586005831	251.36505438665816	249.33333333333334	249.86263736263737	245.7488442253518	243.4090909090909	243.33705919522012	236.3270782473045	218.23053282832518	239.90004810681168	223.125	247.40982989770743	214.43181791509556	226.02272714430526	223.8706308141603	247.6844262295082	242.6834211640771	231.8181818181818	213.3878120427184	236.80125305081737	227.3614079354149	230.16271918747464	231.08853161051428	233.44443122482704	240.93282552330783	244.9813035388609	251.66938775510204	253.71533845120283	254.43181225509778
253.93038511603734	250.46666666666667	249.58659218992565	252.96	205.50063994642045	243.33705923307033	228.61462651738609	228.61462562168091	234.0930518571742	212.5	254.78285605923097	217.21847516821984	192.25059070256557	213.1919436960543	186.12349193267147	205.92795277457287	207.13642859987536	205.7968045882835	211.77734026565713	207.88880365647668	217.97955950334685	202.38878143133462	245.52364866523808	204.0	231.63808305059834	239.0688047580952	247.50745627397407	252.8684907325684	253.05564258077243	253.02834064510282
35.233274368474355	252.45	232.0556224250264	208.84964447730562	215.69331456115913	216.82952182952184	225.78125	234.0930517972926	232.49350600302532	214.2	239.24710424710423	131.99627155507224	233.75	226.9054470709147	131.99627155507224	216.98684439241865	216.8199092092828	196.20684234985373	230.70903528557494	215.02885217052375	215.14939974278195	216.82698684462127	204.91541668430054	221.69387755102042	204.0	242.0000073014833	245.2153873296749	247.50745627453372	250.64981257809245	250.1804559935676
10.23745440178834	252.77973494026546	9.192953072328976	252.56883534422641	244.14938131195643	185.76923076923077	220.17768877780583	218.07692307692307	219.9375001449588	210.83869608601356	253.7233422554718	204.23076923076923	233.75	180.02651824055465	191.25	232.23214285714286	138.16998792674127	177.47772828507794	177.47772828507794	200.38488256380504	211.7773402529284	211.77734025416146	233.65384614327357	213.46153846341804	229.5	236.49659863945578	243.82314266929652	247.50745627190884	245.0297618477781	252.45
209.6425624037559	76.95740762094889	242.57686143181297	213.53087571252757	14.155182354134837	67.07230202995459	178.23735127499998	219.93750002999144	210.86905513828916	189.69560199623675	117.01310654464643	170.0	199.36363636363637	204.0	187.0	221.0	154.27359875122255	138.16998786581644	138.16998786581644	206.85046894211115	202.65754561002197	209.10215291902688	201.2716049382716	189.52702702702703	220.999999983	220.999999983	227.24489795918367	254.0714610832954	243.67944927094447	249.781220732404
221.5214766172622	254.80346393013676	1.2968750379300502	253.08600392670877	178.23735113097945	178.23735116789447	212.8399093291456	210.86905518186362	187.28813575511347	195.29865571875	214.46176166652586	121.64655194021378	132.7373144632378	132.73731446323785	164.39047061736176	117.25225170427538	140.37462330014682	184.29209410755448	184.29209411570713	189.36968572873525	186.60295848380616	138.16998792674127	170.86612808814485	170.8661280876935	188.25503356824578	203.00279329325414	204.0	248.96449704142012	237.4683695392695	249.78122073255614
76.95740762094889	0.22604622286374365	198.88760104094797	178.23735102	178.23735110500002	178.23735111252194	178.23735113455692	200.56472591553467	186.0794035978526	187.2881356233769	141.5728043534688	177.97315949910632	152.13375796178343	132.7373144632378	165.551917321458	174.36191968717029	161.8871652437	162.73721122332387	168.79426600644462	186.60295843191352	147.61422299791914	215.76923076923077	173.53333501265433	181.28846924833988	203.13559320275783	203.135593220339	188.36996336791844	197.0715847315416	237.46836953759546	250.4666666712
79.7957723033744	166.68778361846182	35.32912854828223	176.53846153846155	176.53846153846155	175.01861293290858	200.56472533718414	200.56472547879946	200.56472558039718	178.23735101999995	209.32870843000845	177.97315942757882	110.5581045174246	152.13375796178343	197.46258896234727	152.1337579617834	151.30038795206622	170.79606778389896	161.88716519506778	174.3619196689565	162.84219389540323	169.02017291066284	144.7674418604651	173.5333349552218	160.0617638541412	194.791666663125	204.0	153.9235412474849	164.37391493055554	237.2462606855769
248.85524447058503	140.65749213469314	29.99132532410883	137.30769230769232	199.1241474105822	186.08927052513167	200.56472552996766	200.56472542800063	200.56472547879946	200.5647253292227	209.32870840238797	110.55810390200043	110.55810415610668	110.55810401843004	197.4625888959779	178.8344575452765	178.8344575452765	169.361042354485	156.98362998486425	156.98362998917986	140.96053315575247	135.47543182961596	135.47543183075192	154.14820781625	127.98837654175605	147.83298586538643	126.57127991675338	127.05729166666666	163.8570373602766	244.8
220.3044453022498	29.98587428729445	16.65437612199284	186.0892707540482	186.08927066430186	186.08927064011823	186.08927062205782	200.56472533718414	200.56472533718414	200.5647253292227	187.00000011219998	110.55810277572397	110.55810415610668	110.55810431345819	110.55810458536959	140.74684489853328	140.74684489853328	145.83598956748114	137.94983664504304	156.98362994045684	156.98362997080005	105.16725831178431	103.24418831929333	103.24418833489486	230.74200292933722	127.98837640806977	122.80799999999999	131.59735349716448	164.37391493055554	252.5986308751284
183.92637351788036	14.95003284334075	137.30769230769232	179.3566359905475	111.03336653105953	186.0892706280264	154.81048253966807	154.81048236371782	186.08927055606267	186.08927069116817	187.00000011219998	99.75079855630688	167.68835617484345	167.68835616704285	139.46574285741855	139.46574343716355	139.46574334082393	139.46574430763707	139.46574296156834	161.71616148206851	137.42136116374476	137.4213612043432	137.42136116374476	137.4213612158691	137.42136133075596	92.72727272727272	127.05729166666666	124.56456456456456	124.44796466973887	252.8684907325684
79.7957723033744	194.2674012294443	147.6310923283741	155.65596279056598	150.29023248210896	150.29023241174735	111.0333662293194	111.03336626875262	111.03336632989942	111.03336638018945	111.03336647378092	127.5	191.25	116.586729441079	176.93429828210856	176.93429823951303	140.669540836147	139.46574343716412	139.46574315180655	139.46574325399837	137.42136110606836	137.42136114113686	137.42136118297026	137.42136126435355	137.42136122142114	113.813200498132	91.94711538461536	9.260228629066944	238.68	145.884990057276
14.951927469998566	108.33134455917761	117.57863877857883	117.57863877857883	150.29023254040445	150.2902325224864	150.2902325224864	150.29023251463886	111.03336626875262	111.0333663370954	153.0	161.8871652522563	123.31856626171214	147.42872049880953	147.4287204408224	116.58672947125706	92.11120635456413	125.1470345347955	132.9952892150031	91.3432835820895	99.40677964783109	137.42136083788904	137.4213612043432	137.421361192583	137.42136122142114	74.375	87.07317073170734	151.1916463634101	149.65066852677987	224.1627906976744
0.8696643137298281	115.96296906511068	117.57863877857883	117.57863880741704	117.57863891567752	117.57863916211096	150.29023251463886	150.29023248665027	109.71452417934529	157.13203535753348	106.33783266114185	140.9605331234972	116.01735836078689	107.57127955917761	107.57127950119047	109.29591573635912	117.18975390346597	114.78543320115858	91.34328357527289	77.91666650970646	77.9166666988636	104.70976751334973	104.70976748536114	137.42136108432248	137.42136133075593	74.03225806451613	77.60869565217388	33.398318423019106	145.884990057276	196.71428571428572
0.8696643137298281	115.96296901402161	117.57863866924407	117.57863881702977	117.57863879565679	117.57863879565681	117.57863885886317	74.13819381321701	123.80324627575328	99.28065048017257	99.1432173813001	115.52722889793822	115.08791618135834	97.42488797545138	97.42488770706092	109.29591583430357	97.42488777528987	97.42488777528993	97.42488724974535	78.06570176048697	104.70976748536114	104.70976748536114	104.7097674775136	104.70976745959555	104.70976751789104	71.4	77.60869565217388	87.07317073170734	126.79730458680291	74.95451074042751
115.96296904753169	115.96296906071595	115.96296904852375	117.57863873564645	117.57863883625524	117.57863883625524	117.57863889393164	83.11348166898532	76.35164583719236	76.35164584249634	91.73450250641363	89.73097049732576	97.4248872236304	107.99160624938537	107.99160627861463	68.88658200039123	68.88658203698094	78.06570171789147	68.58205537323502	68.45521612861941	74.18181818181819	65.78652836886852	104.70976758825262	65.74530154841457	56.66666666666666	74.375	75.64336400945251	214.92792253050195	254.50781555615305	69.11023530790567
79.55480077005168	115.9629691060764	115.96296907390018	155.6361843421239	117.5786387841309	93.74087836933353	81.69010134714927	83.11348168837102	76.35164582486198	80.81217805051364	88.91492119126411	76.35164582189304	76.35164583402732	76.3516458143223	74.13819383838364	64.54778347088643	64.54778346968331	85.69110342013525	68.58205538055563	68.45521609322378	65.78652826671748	54.43527467077729	54.43527466281586	54.43527467077729	54.435274662815885	53.125	186.0892707540482	77.58719960252859	135.10049704541805	243.94000662821944
79.55480067913831	79.55480064883383	115.96296906770797	93.74087823702345	93.7408782835183	93.74087831766212	93.74087847893952	74.14223298413384	91.49876619798059	122.35959306696776	88.91492119126411	86.73433490062484	76.35164590294505	76.35164582998254	77.41093294525467	77.41093294468746	77.41093294082413	85.69110340685214	77.4109331070978	45.671291597612	54.43527467077729	54.43527452120054	54.4352745719994	54.43527447003237	54.43527466281586	53.125	186.08927066430186	6.886725174789888	254.9510129192249	74.55015093557105
79.55480050350016	79.55480067359403	79.55480071713092	117.17854150809637	93.74087830497211	93.7408781932908	93.74087807358615	81.69010132696101	81.49587835503922	74.14223298413384	74.14223301126586	74.14223302706009	74.14223301298733	74.14223301298733	74.14223299891461	86.73433490062484	77.41093288900072	77.41093295351584	77.41093295351584	45.67129156999155	54.43527441960288	54.43527452120054	54.43527457199943	54.43527447003234	54.43527466281586	186.08927062205782	186.08927064011823	134.58134310426476	29.649251642971052	233.142475312776
1.3052392164147761	79.55480067913831	79.55480064592066	81.84941906399308	117.17854127917988	117.17854138233633	102.223060811337	78.86361592706271	76.69266608549435	78.12358929206749	74.14223302706009	74.14223302706012	74.14223298144876	74.14223302706009	74.14223301126586	74.14223297076902	122.35959306696776	74.14223307090003	77.41093293196317	55.81096625281987	54.435274084465306	54.43527466281586	40.181997580125085	40.38552006883677	39.37139434026247	43.13890258858555	153.0	153.0	39.40338684607494	86.16102073308716
16.65437612199284	25.912848012639188	79.55480067359403	81.84941901606803	81.8494189640727	117.17854124411568	117.17854122658358	70.98520703904657	76.58958043563246	67.47573444869127	67.47573409257018	67.47573424404501	74.14223292449967	74.14223299635731	74.14223300858075	74.14223302617441	74.14223299635731	74.14223307090003	74.14223299891461	47.87072223340161	47.870721961785165	54.66163523987461	47.87072190128413	38.625324945374985	33.651332828012954	63.928658956350745	153.0	153.0	250.18869220710323	84.91559138168168
64.58380336909639	101.47470229499999	114.13508395697289	79.55480058822485	81.84941893807502	81.84941894426936	117.17854122918652	117.1785412470974	117.17854125605282	74.68777084500002	67.47573400887774	67.47573399824134	51.83390134344401	69.35657487230995	74.14223302706006	74.14223300858075	74.1422330129873	74.14223299891458	47.87072195240651	47.87072194467771	47.870721944677655	47.87072196637456	24.712053282193295	24.712053314999963	24.712053337565862	22.71499815704317	63.928658956350745	145.64129818064404	120.50907907551218	254.8082406922634
112.82603105762448	101.47470222504387	101.47470221	101.4747021675	114.13508381692313	81.84941888440747	81.84941886008198	51.30144894383179	51.30144898844969	76.36690045032844	76.36690047338863	76.36690045185023	67.47573405711745	51.83390125415474	61.959005558938316	61.9590056002813	69.3565748703875	47.8707219012841	47.87072195240651	47.870721901284156	47.87072198992115	37.39638063387241	24.71205331499999	24.71205331910835	22.71499820309748	22.714998188637082	39.3350700344275	243.66996689098295	182.40124153362723	162.20620747588885
109.54592047457439	1.3052392164147761	101.4747022250439	101.47470222504387	101.47470254999996	55.4366221133219	116.8300120732587	116.83001213418356	81.84941897671979	52.52178567750471	52.52178573488942	52.521785821353944	76.36690035044367	76.36690038723509	73.28941177785995	77.35029014877182	47.87072163389672	47.8707219012841	47.87072181190891	37.39638086375464	37.396380889294505	24.71205331499999	24.712053182180483	22.71499818472529	24.170689129225508	24.170689059891117	152.27139137912008	72.70606820626034	12.372718410674196	116.30820409091044
244.5582677847978	64.58380336909639	97.09141162478628	101.47470226911383	49.82668284796691	54.53369803286128	51.83991955502262	54.37861222209136	93.72383928884992	43.13738207640276	43.137382077027155	52.52178573488945	52.52178570694798	52.521785774315816	76.36690035662528	37.396380733762584	37.39638076158346	37.396380804153864	37.396380820423985	37.396380798758656	24.712053570000023	22.71499820309748	22.71499815704317	24.170689129225508	24.170689059891117	91.26468906267763	126.21471064764927	245.63178464403936	87.56576398799467	254.31941370222842
244.55405917172143	29.3550130269318	83.20390558767983	3.5797630552328314	0.0	38.41063881677954	38.41063881677951	38.410638839690705	38.41063888551315	43.13738201685783	43.13738207640276	43.137382077027155	43.13738206069959	43.137382056567674	43.137382052847954	30.89480370706437	30.89480371287982	30.894803697724228	22.714998446879633	22.714998215704924	22.714998226124578	22.71499818472529	22.714998188637082	22.714998188637082	155.65596279056598	98.64746572261731	14.315894914356505	110.21292534936174	209.23984137864062	175.4730364280174
36.124687623403275	29.32721001380915	30.374465792951497	89.85526494981661	71.99616450855797	48.29974628515657	38.41063875924252	38.41063880964978	38.41063882579073	38.41063879837145	38.41063885321006	38.41063882844702	67.90646787538591	30.894803728993082	30.894803715787504	30.89480368982683	19.29376557211225	19.293765451824356	19.293765451824385	19.293765451824356	19.29376546217358	17.677477691990674	17.67747768988309	17.677477880724638	54.61283193544992	98.6474658649355	98.647465852066	6.416124825362658	123.96283887436522	234.4736838672404
10.124876473531629	10.360287035747945	12.319017457205632	14.039459378276007	25.311397302619213	30.374465792951497	30.11949174445067	34.24016530082338	20.060841885110875	38.41063883655144	38.41063882579073	38.41063883969065	38.41063888551315	30.894803563065892	30.89480360391758	19.293765503826762	19.29376545727291	19.293765458906506	22.36902841504704	17.677477665669244	17.677477692075968	17.67747759194077	76.46143961245701	57.682052275129564	98.64746534815697	98.64746583970657	98.64746584883258	67.59373552660259	67.59373552660259	255.0
1.060753424630434	9.516659766985441	10.178322593745833	12.319017457205632	4.328050675407553	19.120263096418654	17.244664251024034	20.548416842969345	34.24016530082338	20.548416842969345	255.0	14.214236831995947	38.41063882579073	38.41063888551315	8.19095797599445	35.58786474622997	35.58786472642791	17.67747768566798	17.677477705279358	28.43480819243956	26.603669701871922	5.795195333699212	7.207635768894647	2.4390677590418477	1.0810466101290217	98.64746587678488	98.64746570876358	134.9430577264606	209.6424052761099	0.0
