254.88003448044822	251.85185185185185	254.9999994854369	251.0316910282258	218.05835009688715	239.44561298076923	238.86787603393333	255.0	252.45	236.86666666666667	254.74228539628083	255.0	250.57811775654318	199.46666666666667	197.19950927793298	170.0	119.0	254.85299820339984	119.0	254.54464285714286	231.8181818181818	250.29805399381453	241.59093443722614	241.59093443722614	198.27204277511927	251.92511204511013	215.68000515977127	254.9999805021176	254.99462023566136	254.76153999220304
247.90909390989694	254.9999985479683	212.64202396043186	226.66666666666666	70.05494505494505	238.867878378551	231.8181818181818	202.36951998639756	218.81492073075668	254.27767460288564	29.648343377684768	248.115	96.85978923082732	231.81818154158057	214.43181791509556	185.48355948142938	255.0	239.84268808133987	254.78130360205833	254.75100279089153	157.52733911176205	228.0574816528985	155.19380829258807	252.15555267287593	234.56129091459098	240.90413601548303	254.57643927261427	254.9991868622449	254.99998050211804	254.9999724651778
254.9388771710708	226.66666666666666	170.94972067803127	254.745	232.0556224250264	202.3695200178754	216.0408215033963	216.04082118548337	178.8720419755054	255.0	16.596224613336375	246.81889367225182	252.65255480113106	240.22405784907738	251.04554762967675	160.836257263728	253.1003410276227	253.8508807865629	254.45229998225602	248.01914144338727	220.39328017902784	252.12282398452612	248.10810812487216	76.5	231.54777983182356	239.25300298562837	254.99629207183065	254.99956285700011	254.99996181549048	254.99965876191783
35.233274368474355	182.46666666666667	224.93448351310875	11.716037476024042	4.374998292217072	246.13899613899613	199.21875	178.87204192974943	180.8965923978996	252.45	216.82952182952184	231.67866328344812	255.0	252.07523124357658	231.67866328344812	170.00000004006938	59.192110982952954	151.01277889921766	130.42296458810827	214.526331519141	214.63786199483874	245.4876802423661	252.60521951317244	253.78571428354593	76.5	254.00943154198094	254.9864479637293	254.9962920718577	254.9942176871486	253.97177419354838
107.62397674547944	42.44591705858082	3.894540677866729	109.40169141328482	197.30829531300185	230.76923076923077	189.00880817544754	185.76923076923077	149.9573864624719	197.51460874526268	229.62995581432835	213.46153846153845	255.0	227.76313693097808	232.05	255.0	33.86540785136282	196.59799554565703	196.597995545657	201.2040394736223	254.45229998206761	254.4522999821013	204.23076922152802	237.98076922000087	244.8	252.97619047619048	254.9908031863485	254.99629207186535	254.96966355029332	254.592
0.00269701888413465	2.214908049473536	17.956214918624738	28.069049708453747	67.15355784591716	219.32401648762726	255.0	149.95738638408508	134.15906897770066	171.46144194395617	250.9007719328734	255.0	244.8	229.5	187.0	136.0	242.69200075947884	33.86540783124477	33.86540783124477	109.60485500661227	244.40765576554048	255.0	254.58024691358025	172.2972972972973	248.625	248.625	255.0	251.866181156122	254.99930904841742	252.06443666197725
22.27008888159577	20.078813440688066	143.9868680451939	236.78450780982354	255.0	255.0	134.23327407350436	134.15906892778742	168.55932234816146	159.375	255.0	233.63007866385533	237.04349326889886	237.04349326889886	118.86136556308279	224.04296116178085	187.8779685538804	197.03568962114582	197.03568964018146	188.05183399972012	154.56779620199623	33.86540785136282	253.89856959010694	253.89856958943628	253.28859051874352	252.15083798530515	244.8	241.42011834319527	243.4948675101456	252.06443666206283
0.40778567368010954	62.677660537593965	180.30368428710955	255.0	255.0	255.0	255.0	118.0528997699349	167.1060460444598	168.55932197675955	255.0	53.94732552823979	106.4755838641189	237.04349326889883	204.35125690993988	68.7743304215592	107.7756813816674	231.9268844528396	244.22428326985454	154.56779619368638	237.8987014343481	196.15384615384616	190.32765497936504	255.0	216.10169490206837	216.10169491525423	254.29945055131356	254.09486851143035	243.49486750904703	254.840625
223.99251649302025	22.27008888159577	21.9489656214964	137.30769230769232	137.30769230769232	153.84264916860275	118.05289919158434	118.05289958273423	118.05289971142327	255.0	94.55941996481957	53.94732543418294	229.82504799278556	106.47558386411887	188.4125825143964	106.47558386411893	246.92655793561335	171.37866814027808	214.6809597774585	204.0000000456158	237.40332823244862	251.32564841498558	252.90697674418604	190.32765500598381	249.06636024088382	223.125	229.5	246.27766599597587	254.501953125	248.87019230769232
55.47162870051389	119.25453050383663	127.46139483753632	196.15384615384616	98.9004610931081	255.0	118.05289957715141	118.05289951838972	118.05289958273417	118.05289971142324	94.55941995182351	229.82504795147028	229.82504807506086	229.8250477935582	188.41258244150077	74.69801899936107	74.69801899936107	172.2963176628344	250.00777170672876	250.00777168493698	204.00000001442498	250.55257420761362	250.55257420971452	191.25	215.57444600796669	253.568024023105	252.61186264308012	251.015625	254.7688899332013	254.592
93.90125380448328	126.67118934071254	81.31186602888627	255.0	255.0	255.0	255.0	118.05289919158432	118.05289948075963	118.05289920907433	245.43750002454374	229.82504746736035	229.82504807506086	229.82504782469482	229.8250478292898	223.05149151355857	223.05149151355857	100.33669782183438	244.6541294864503	250.00777167325828	250.00777163217188	190.61781581673972	194.88757265853368	194.88757253384912	231.5825085081027	215.574446120607	254.898	253.91540642722117	254.501953125	254.99968632697548
20.164594156033814	126.68366576619147	196.15384615384616	251.033379592497	255.0	255.0	134.62622147834418	134.62622168614615	255.0	255.0	245.43750002454374	221.06361071430325	130.08527787244424	130.08527788731965	94.27414597368059	94.2741463955845	94.27414645708717	94.27414597368059	94.27414699360284	160.07202473984142	156.93426914521257	156.93426915334737	156.93426914521257	156.9342691589321	156.93426928604595	250.98181818181817	251.015625	254.20972972972973	255.0	254.99956285700011
95.9560656355876	255.0	108.33134455917761	204.3177098185135	109.8225224080592	109.82252248409787	255.0	255.0	255.0	255.0	255.0	178.5	255.0	135.4990288817313	190.11362941533594	190.1136293913187	140.87867136323064	94.27414450611798	94.27414599860919	94.27414624175518	156.93426918637118	156.93426908699814	156.934269131493	156.93426921021484	156.93426910405395	249.41095890410958	255.0	210.83957529539123	254.745	131.0287088604345
123.07347207984247	169.76514915475138	98.06573089594607	98.06573089594607	109.82252235361213	109.82252231011688	109.82252231011688	109.8225222947207	255.0	255.0	224.4	80.80183696608975	123.31856626171214	51.084034225837456	51.08403410886979	135.49902890489574	212.6660139343027	82.79807708455292	81.14737573602014	239.77611940298507	216.10169491195776	156.934268793179	156.9342691533474	156.93426912463326	156.93426910405393	223.125	196.260162601626	32.51449314874506	61.63304238336849	224.1627906976744
22.288712711422306	79.55480064883383	98.06573089594605	98.06573087536671	98.06573096038755	98.065731206821	109.8225222947207	109.82252222312638	165.44533426782385	255.0	106.24808693282836	174.36191973458108	115.75259458485559	203.9159658911302	203.91596577416254	157.24111520292496	118.29221278576705	75.11914158318322	239.77611938509133	168.06818186757494	168.0681818181818	145.17747777687362	145.1774777052793	156.93426903961245	156.93426928604595	230.32258064516128	238.3695652173913	47.688930842104526	9.64199101045881	196.71428571428572
22.288712711422306	79.55480067359403	98.06573071395408	98.06573086850696	98.06573084665257	98.06573084665263	98.06573091300183	218.682306140109	206.35640540607352	99.28817328964206	99.49946567679592	108.82852452536096	155.1264151974076	60.56510651097065	60.56510629584358	157.24111511717268	60.565106367285864	60.56510631314873	60.56510628202312	64.88637060868126	145.1774777052793	145.1774777052793	145.17747768988312	145.17747764638784	145.17747759194083	249.9	238.3695652173913	196.260162601626	50.806252099826764	7.9043926741263135
79.55480077005168	79.55480067913831	79.55480071713092	98.06573078978516	98.06573085478743	98.06573085478746	98.06573081362882	235.2895424882922	222.7461625780574	222.7461625539181	92.27022052224171	86.0853346732554	60.565105922895015	199.09124578569754	199.09124580009265	195.72453934490824	195.72453935737653	64.88637058466409	229.27598713201536	238.50692442983578	236.45454545454544	152.8530306470161	145.1774775159021	156.34854866353032	238.0	223.125	3.9666204075030294	4.50638814694301	244.11538076982967	15.183743250979575
139.03703095246834	79.55480050350016	79.55480058822485	63.03988192504818	98.0657308410679	182.96470463394695	223.70998714760935	235.28954240801477	222.74616255823102	89.0776319473481	86.17444576780304	222.74616254206381	222.74616257746388	222.74616256268337	218.68230615615934	179.4875167762168	179.4875168479373	148.79149030575675	229.27598698796234	238.5069244170706	152.85303079831885	136.9471002885768	136.9471005192404	136.94710079092567	136.94710080841566	255.0	145.77907817165195	1.4337667749217644	17.70701370842076	243.94000662821944
139.03703093928408	139.03703093488934	79.55480064592066	182.9647046866806	182.96470463394695	182.96470465123627	182.9647045803476	227.5085721438213	85.84135872654187	255.0	86.17444576780304	77.04570721689487	222.74616262311585	222.74616256566384	203.3505508221092	203.3505508367311	203.35055082506526	148.79149030598987	203.35055091854474	160.4405800481765	136.9471005397512	136.9471004172658	136.9471004816103	136.94710042284862	136.94710023006513	255.0	145.77907808376273	51.35711091145774	91.72044734824368	126.79730458680291
139.03703089392366	139.03703092269996	139.03703095147625	255.0	182.96470463394695	182.96470467031003	182.96470436768152	223.70998712880044	81.09408778608216	227.5085721438213	227.5085721625754	227.50857219347273	227.50857215028984	227.50857215028984	227.50857215550792	77.04570721689487	203.35055083159585	203.3505508392987	203.3505508392987	160.4405800351804	136.9471002885768	136.94710041726577	136.94710048161033	136.94710042284862	136.94710080841566	145.77907805172396	145.77907803167864	58.816579283231505	38.67042544013043	243.55335593519806
0.0	139.03703093928408	139.03703093229205	142.1696245817303	255.0	255.0	51.22154664597136	78.33860834233661	76.07365656445981	78.29631973725822	227.50857219347273	227.5085721934727	227.5085721790633	227.50857219347273	227.5085721625754	227.50857221434507	87.43806789526002	227.50857217164014	203.35055083097743	155.40548312640993	136.94710023006513	136.9471005192404	175.67319539066807	164.84388540055681	223.7587202283725	134.00620489514083	229.5	153.0	55.97839696517491	25.23219268155873
81.31186602888627	234.11525312908103	139.03703092269996	142.16962460465714	142.16962462207343	255.0	255.0	69.21136678030192	76.197081774313	197.40178717401363	197.40178704963958	197.4017868947836	227.5085721627836	227.50857213928893	227.50857221883766	227.5085721438213	227.5085721813295	227.50857217164014	227.50857220390887	214.62376992078205	214.62377004692715	224.11688486243327	214.6237699711159	218.93755419788152	255.0	168.66983416373887	229.5	153.0	232.38033747551836	1.804639302562009
8.629038483830954	255.0	241.45951862699766	139.03703092609982	142.16962463078156	142.1696246218327	255.0	255.0	255.0	115.33074771000003	197.40178697690953	197.40178702618556	159.5370646531686	226.87371183678567	227.50857219347273	227.50857221883766	227.50857215028984	227.50857215550792	214.6237699049613	214.62376992772226	214.62376992772226	214.62376997111588	202.9494044500878	202.94940442	202.9494044500878	136.9749573213686	168.66983416373887	253.93281489222173	249.80155087435367	163.53566669617274
55.57213740917237	255.0	255.0	255.0	241.45951864652548	142.1696246418839	142.16962453882215	102.31330470435299	102.31330468559383	46.3297913678463	46.329791371245335	46.32979132221871	197.4017870952354	159.5370644782697	255.0	255.0	226.8737118385037	214.62376984093504	214.6237699049613	214.62376990602547	214.62376987331982	207.1987042114631	202.9494044625	202.94940441317274	136.97495729421115	136.9749572768891	0.0	83.30402209935087	62.258690068104954	54.99767020922519
51.21289042101279	77.96092223893342	255.0	255.0	255.0	56.00896965705948	221.13459214863718	221.13459216875526	142.16962470203754	171.74827964539804	171.74827979837397	171.74827962544492	46.32979128267823	46.32979160665735	69.299173919628	76.45132686998895	214.62376992078205	214.62376997111588	214.62376989705092	207.198703998075	207.1987039682543	202.949404335	202.9494043167374	136.97495729721442	181.8288396681171	181.82883971334007	253.76264079373726	181.38061528827978	11.94329079649549	75.95374949404183
103.83950712160495	8.629038483830954	23.141167308233975	255.0	54.10072852591912	18.121030076621196	53.47859515856533	55.74559733834121	174.36191973458108	136.3754458311255	136.3754458854034	171.74827956780186	171.74827957795404	171.7482796277647	46.329791180440026	207.1987037380909	207.19870394019983	207.19870394955132	207.198703998075	207.198703998075	202.94940459	136.97495729421115	136.9749573213686	181.8288396681171	181.82883971334007	91.26468906267763	126.21471064764927	118.4414637792091	236.93373580907587	0.2668618948370636
117.31065243827138	74.18944835677704	0.17316778715638748	52.92773442301046	46.96371222022785	47.540484234663126	47.5404842346631	47.54048421996475	47.54048419056818	136.37544570819824	136.3754458311255	136.37544576446027	136.375445781481	136.37544582072235	136.37544575665873	117.59052809264335	117.59052801877883	117.59052802581698	136.97495739156977	136.97495727444158	136.97495728063237	136.97495729721442	136.9749572768891	136.97495734276015	110.95474892207613	98.64746572261731	210.62181358803969	234.4736838672404	36.03672797307951	0.3221934071033843
80.44417990103867	91.9260532041354	35.642129522906544	255.0	204.3177098185135	64.81452555856546	47.540484218284035	47.54048421906069	47.54048423520172	47.54048424122013	47.54048422918325	47.54048424669233	24.775402299494658	117.59052802581698	117.59052798184655	117.590527993738	131.38610735744498	131.38610735400354	131.38610733525053	131.38610735400354	131.38610736139333	255.0	255.0	255.0	3.5893330247928077	98.6474658649355	98.647465852066	62.06399972300045	5.1227891718633884	57.48914993072401
10.271896143910823	8.893510082006628	12.341737225293258	19.453629436966423	26.41782389102505	35.642129522906544	29.91351987006638	35.642129522906544	0.0	47.540484256723005	47.54048423520172	47.54048424474209	47.5404842649001	117.59052794864488	117.59052796327919	131.38610732501658	131.38610732802087	131.38610733914504	80.1700737311383	255.0	255.0	255.0	0.0	20.283443501017388	98.64746534815697	98.64746583970657	98.64746584883258	0.0026112576056789294	0.07739497237176352	255.0
1.1094996761875677	10.044569591924954	10.271896143910823	12.203301727616406	0.2021804573159045	19.93247621946199	2.245069093168013	34.24016530082338	35.642129522906544	255.0	27.01249382867556	3.5893330247928077	47.54048423520172	47.5404842649001	0.0	1.6190145219260899	1.619014703894237	255.0	255.0	41.814096141057206	39.263720874208104	16.830239016551758	13.631796555297228	230.3110973013175	57.682052275129564	98.64746587678488	98.64746570876358	64.54693503074517	1.6702558014003444e-05	255.0
