254.64002938681298	253.47651053407407	254.64903821534975	247.82715389784946	249.846907511554	231.7507634765625	225.47486301758462	223.77741228070175	244.8	226.66666666666666	236.44988624397035	250.44642857142858	247.79681131670256	253.86666666666667	233.830581672021	227.375	240.125	226.81202445452755	240.125	227.76964285714286	249.20454545454547	233.1613569537625	242.73700871703028	242.73700871703025	245.79949202130734	252.3107801255221	252.47361805719498	252.02041351981475	254.4655521317597	254.4639586597755
254.9267545660909	254.68948709708678	250.86858659117314	235.28985507	242.65408504945054	225.4748597451057	249.20454545454547	202.93626392011845	208.9393984760024	231.89956459153058	249.51048255551166	243.788927295	208.3467577714148	34.77272725297004	139.09090901188017	224.88777229734083	195.66256830601094	240.5832738165315	233.3490566037736	207.25413972095066	233.2997172673555	226.9441799507259	228.1441945450394	234.757949453912	235.26082113769684	240.90234804578643	247.49778750292123	252.0921868622449	252.02041351989263	252.14385799341585
250.1043622123622	252.00729166666667	237.0998299942838	252.96	237.78132198899715	202.9362638426075	195.84941555284234	195.8494143079882	179.53578336468743	195.234375	236.8510723540172	241.68110773302539	210.78574750532206	234.4979633384058	204.90718883454073	207.2680216845	204.14320285275176	201.27867677181484	197.59419189662663	214.78381301538684	219.96581453878738	193.5517408123791	250.49376300273607	191.25	231.58259959816135	239.07537727585074	241.870709751221	253.13908224949625	250.07270572487946	252.64181855761026
251.09549485182453	254.13229166666667	228.2809592022531	252.93868010265805	242.26973828164583	89.21591921591923	184.78260871875	179.53578335137652	181.49191972324707	91.79999999999998	229.62874962874963	66.54687311204322	233.75	171.8065775950668	66.54687311204322	184.10509918958286	242.4261912861046	197.5982570762216	247.00028243140787	214.7943139889253	215.21002615126451	194.1342614836877	201.8097988601648	197.94591836517856	191.25	243.51340656316736	243.3720316030087	241.87070974502808	242.23463438808048	254.43737600367703
33.45021006283821	239.74025148047537	253.67787372984753	33.70335860390901	171.08845188662943	64.61538461538461	172.37947564691035	203.0769230769231	150.68181819999484	178.62585084895727	185.97391017918105	154.6153846153846	233.75	217.34852904642935	223.23529413	159.375	121.77710222084417	199.15367483296214	199.15367483296214	200.56515035644466	197.59419185762448	197.5941918739932	240.97633136601917	195.32967032577693	223.615384635	246.35544217687075	232.1409123487805	241.87070974400186	243.76587750368827	251.137278105
219.70203726229929	228.68438289253203	254.67379628221516	115.57761905357907	3.0641260272524278	92.92100186546526	178.23735127499998	150.68181825452479	134.89355893669347	147.11929293009177	193.9760055923078	148.75	136.3090909090909	204.0	170.0	238.0	174.3492571352446	121.77710222249158	121.77710222249158	200.39219983907637	206.1817839331368	163.20430599052312	154.59506172839508	146.4527027027027	196.714285707	196.714285707	177.19897959183675	229.92944924897589	215.46607204186353	253.47749300866
114.24939657670919	11.788634952021596	115.59032621842698	49.88487613708273	178.23735113097945	178.23735116789447	135.00299286998177	134.89355879175594	143.7327549353492	142.90286572500003	214.46176166652586	142.73098832066813	153.68657231618914	153.68657231618914	165.94993585559632	91.73496415504496	99.79235886038367	170.30983225043875	170.30983222617073	188.55459542085703	164.75976784548004	121.77710222084417	212.87405884354246	212.87405884230657	138.62416105056639	237.52148689214354	240.3375	200.68047337278108	248.00324952074482	253.47749300878615
118.37832233429151	10.353791175397077	254.63017078612975	178.23735102	178.23735110500002	178.23735111252194	178.23735113455692	118.78199851868783	142.0439225412437	143.73275518051435	120.06994374246716	126.95834532459895	153.7579617834395	153.68657231618914	194.68623947527936	193.4116488052154	171.06922497466377	171.79984178744462	171.67088702038043	164.75976782629772	144.03434836417102	137.30769230769232	207.0414546424708	107.57693860302297	227.8329297629942	227.83292978084745	223.10832024987624	241.7793688746188	248.0032495210507	241.67755102019999
145.81208129917525	148.13486864954996	139.21469315608036	156.92307692307693	156.9230769230769	126.69511327207769	118.78199909703835	118.78199862379455	118.78199858479456	178.23735101999995	181.74595789058367	126.95834532199913	131.5632999192522	153.7579617834395	190.67823388249815	153.7579617834395	146.00401808397584	170.99213745642322	133.08668178069433	165.54008195968186	134.38163149412318	198.04755043227667	152.09302325581393	207.04145463122939	219.5446710708162	230.71428571125	153.0	197.53521126760563	245.55555555555554	250.9968602814904
1.626620392286469	201.69666155456687	70.22855497089353	39.230769230769226	99.70778617837775	186.08927052513167	118.7819985186878	118.78199851770734	118.78199862379455	118.7819983336201	181.74595790506442	131.56329935922702	131.56329948928663	131.56329928544886	190.67823380214645	166.82306900713598	166.82306900713598	169.1105773213993	140.28719383648303	140.28719383200826	193.8531480710399	181.10430991111858	181.10430991049896	203.1933117075	215.11823951477834	210.20002677734635	235.06937218470344	226.66666666666666	249.42799652361452	254.15690625
21.0255977218859	39.43635772690385	254.82169371873024	186.0892707540482	186.08927066430186	186.08927064011823	186.08927062205782	118.78199794033728	118.7819985186878	118.7819983336201	200.3571427970357	131.5632987367878	131.5632990726003	131.56329934596494	131.5632994606463	154.16324776710047	154.16324776710047	147.48519479450073	94.9898151217385	140.28719376305284	140.2871938166041	190.06596337180736	194.31321540750224	194.31321547539892	21.27150532107484	215.11823960192714	232.05	242.94896030245746	245.55555555555554	251.84500285736195
92.86246379042183	227.01720427323752	39.2307692307692	173.80610040008082	90.83283281546838	186.0892706280264	110.31192815202286	110.31192788444002	186.08927055606267	186.08927069116817	200.3571427970357	119.20638940664622	205.29143435232794	205.2914343925163	141.13463753446956	141.13463855860283	141.1346385012816	141.1346389846881	141.13463934952156	159.72673537701118	178.29779421976954	178.2977941797256	178.29779421976954	178.2977942305003	178.29779415501713	203.07272727272726	226.66666666666666	230.40972972972972	230.19405241935485	253.13908224949625
145.81208129917525	194.2674012294443	127.27672631889337	155.65596279056598	94.23909259507982	94.23909268358247	90.83283251372825	90.83283270727216	90.83283271488833	90.83283281546838	90.83283285715942	165.00000011999998	106.25	138.24927065199768	205.6094190559732	205.6094190960842	148.70224540768402	141.13463666913628	141.1346382773678	141.1346386609046	178.29779425196182	178.29779419207983	178.29779420903878	178.29779419207983	178.29779418757727	177.83312577833124	201.36418269230768	253.67823558595381	124.44	141.6251640884476
0.12493563906872396	27.73548727941244	76.70220581242273	76.70220581242273	94.23909264987603	94.23909263864061	94.23909263864061	94.23909264502302	90.83283264175009	90.83283271355319	91.79999999999998	189.1592832044682	107.77568139329088	134.13081025166233	134.13081052918926	138.24927062455626	110.45600553880706	126.7629463786015	95.04494877888163	133.2089552238806	159.91525420761997	178.29779390858369	178.29779417972563	178.2977942036734	178.29779418757727	170.0	40.08130081300814	67.01419665475629	26.140790882754175	255.0
180.71279961900876	96.45412770699764	76.7022058124227	76.70220579632658	76.7022058449829	76.70220609141631	94.23909264502302	94.23909261616961	150.2511818871568	76.05555890942463	106.41753112577186	140.9605331234972	116.71915565049434	120.86918947081071	120.86918974833767	88.32814000646718	117.71337354810288	116.32432322125712	133.20895519490978	167.3942916293214	167.39429172443178	160.76090738383039	160.76090735497695	178.2977941550171	178.29779440145057	183.70967743306454	199.56521739130434	0.5580784937342003	141.6251640884476	255.0
180.71279961900876	96.45412770872369	76.70220584498287	76.70220579096124	76.70220582027434	76.70220582027437	76.70220580792014	70.2143171220878	68.77725920590521	99.16248790366532	100.77221905043876	71.63522040244143	144.39902807082842	98.93137225912622	98.93137208644845	88.32814001597549	98.93137202123535	98.93137196709819	98.93137198484419	49.390580903915776	160.76090735497695	160.76090735497695	160.76090736135944	160.76090735012394	160.76090740492015	178.5	199.56521739130434	40.08130081300811	237.2394010006285	145.33303450165124
96.45412756255686	96.45412774373949	96.45412768478849	76.70220580792014	76.70220578023046	76.70220578023046	76.70220574803818	78.25096469624475	78.74096101268424	78.74096101173669	91.15232222628177	92.3883733077057	98.93137174533689	139.32008117229879	139.32008117096768	62.10997337855321	62.10997340963763	49.39058094402682	105.15646193494038	105.09929418561674	129.8181818181818	152.14462569361515	160.76090731641756	155.6220739824548	153.0	170.0	81.1938995999192	57.36048365719671	170.090297002483	155.28687129529413
18.110407485961844	96.45412773265883	96.4541276335139	63.6333351171759	76.7022057694997	47.82869095136445	84.00801784744093	78.25096473965203	78.74096098291855	112.31747528765615	100.04719903843704	78.74096099406174	78.74096100657567	78.74096104244995	70.21431719473986	62.17137247695953	62.171372476944924	45.866474917197195	105.15646197960146	105.0992941405033	152.1446254027948	136.2180016663799	136.21800148131217	136.2180016663799	136.2180020596627	143.4375	76.86834869678364	213.92391898672963	177.83071648322192	98.57694873568684
18.11040761096976	18.110407652639083	96.45412770074523	47.82869081583456	47.82869090845685	47.828690905367495	47.8286910844333	62.35283237533528	85.92128726840542	46.642492133662245	100.04719903843704	89.19958809491979	78.74096107511374	78.74096100240433	56.940961511046	56.9409615239006	56.940961536976175	45.86647486321681	56.94096158883656	73.25404209493558	136.21800141520544	136.21800137620545	136.2180014822927	136.21800148131223	136.2180014813122	143.4375	76.86834864864738	14.86026703780459	154.91700589897664	100.22164890045977
18.110407472613787	18.11040765795508	18.110407716739473	48.26781203322804	47.82869088700306	47.828690798498	47.82869073244524	84.00801784117459	81.35438208567919	62.35283237533528	62.352832401495476	62.35283235501001	62.3528323915759	62.3528323915759	62.35283242814188	89.19958809491979	56.940961516885324	56.940961546423324	56.940961546423324	73.25404210941633	136.21800141520546	136.21800137620545	136.21800135670549	136.2180014813122	136.21800090296165	76.86834867378178	76.86834867179687	181.05227249597675	253.01811723076787	137.2413027603818
254.68394187614024	18.11040761096976	18.110407677549915	122.97877987995278	48.26781180431158	48.267811874670144	59.24201205904558	81.4106678235803	77.90238786685953	78.0235586746399	62.35283235501004	62.35283235501004	62.352832390755	62.35283235501001	62.35283240149545	62.352832501273696	46.642492133662245	62.352832465016945	56.940961501269214	99.28676939307701	136.21800148131217	136.2180014813122	120.17035842803102	107.77568135825032	119.99695416313926	133.09678797977108	51.0	255.0	0.5361497240487267	67.76091726115729
254.82169371873024	5.419299502783417	18.11040765795508	122.97877988597452	122.97877982763052	48.26781186617356	48.26781189710451	69.2205186460726	76.5132872917113	83.60855863031256	83.60855866348518	83.60855846029449	62.352832395894865	62.3528323856151	62.352832395894865	62.35283241737585	62.35283242765564	62.352832465016945	62.35283242814188	77.52382631868005	77.52382621436846	101.99999997719206	77.52382622118614	115.33074779398086	102.56323177160544	28.027692065006278	51.0	255.0	190.15605219219952	224.41615954287295
135.17638416095025	24.712053314999963	108.28678500410629	18.110407735977645	122.97877985750043	122.97877983624343	48.26781189348836	48.26781185407657	48.267811884079265	103.50742586999999	83.60855828106466	83.60855830808171	37.80581769114812	53.48889651371803	62.35283235501001	62.352832395894865	62.35283239157596	62.35283242814185	77.523826049304	77.52382609100528	77.52382609100525	77.52382609100528	85.99675297645993	85.99675292499998	85.99675292108739	72.36672367262426	28.027692065006278	0.5571874522802887	181.1313162237434	11.827895039422827
11.534791858763072	24.712053392938373	24.71205331499999	24.71205331499999	108.2867849121219	122.9787798143887	122.97877971094258	62.99359527082612	62.993595270597694	77.63508207713545	77.63508200756806	77.63508202163197	83.6085582256272	37.80581776391091	37.082265508743546	37.082265496668555	53.488896553028155	77.52382609100525	77.52382604930403	77.5238260910053	77.52382611005686	74.7927618663804	85.99675296749999	85.9967529395449	72.36672360771851	72.36672358690049	140.10294706507483	1.252904640718981	118.36990364613848	16.456651626201506
14.22665680926005	254.68394187614024	24.712053337565862	24.71205331910832	24.712053569999966	51.61273097155859	133.22289777915583	133.2228977775084	122.97877947692677	65.59689196187986	65.596891930454	65.596891930454	77.63508210156681	77.63508206382343	69.97080934841779	76.83238517657927	77.52382571917511	77.52382596082438	77.5238260644922	74.79276159751731	74.79276177858901	85.99675284	85.99675279231764	72.36672361835213	101.64032538319242	101.64032534031708	214.0580848472972	226.45832054501543	47.10331158083872	7.323951806413987
49.922564846258894	135.17638416095025	163.58677399290582	24.71205318218054	53.48976843396463	45.57848135606994	54.42091672256328	39.09462651445173	26.921066246994428	17.973418142198625	17.973418169676734	65.59689187281103	65.59689188605248	65.59689195149488	77.63508188972921	74.79276146752528	74.79276152316692	74.79276160830761	74.79276159751734	74.79276159751731	85.99675284	72.36672360771851	72.36672367262426	101.64032538319242	101.64032534031708	165.75165402282317	255.0	0.18701154603184023	56.53793614164479	231.1875848861846
254.6733180982277	104.77599218227775	0.23274206960377342	5.194209219297704	143.7916034413019	48.982597255429425	48.9825972554294	48.98259726543836	48.982597359788144	17.973417775057555	17.973417863716833	17.973418048733635	17.97341804282857	17.973418100680675	17.97341813238441	61.693172927315175	61.69317293892786	61.69317290946259	72.36672378125434	72.36672360114238	72.36672357526564	72.36672361835213	72.36672358690049	72.36672358690049	17.22864807885489	255.0	0.8378624440937017	175.7995653432706	105.08701806617515	120.59530823121739
72.45539104967486	23.4697685843596	255.0	0.0	0.0	0.7436519446833643	48.98259723968093	48.98259725364295	48.98259726978395	48.982597275984915	48.98259726358293	48.98259728097025	34.192399842667015	61.693172940731415	61.693172872734976	61.69317290408293	71.70239829102914	71.70239815516831	71.70239815516834	71.70239815516831	71.70239810479677	61.51676927808592	61.516769240349845	61.51676920888295	185.3239164562707	255.0	255.0	233.42937679580845	2.9821357331090894	12.704527671893743
10.058074881678351	10.215826406490635	12.358643473924957	20.43363101134122	26.426750421739087	255.0	30.04012742648962	34.24016530082338	4.195436580354681	48.98259729130521	48.98259726978395	48.98259726543836	48.98259728545622	61.69317278331667	61.69317287819365	71.70239819560814	71.70239815135488	71.70239813583555	79.48626702258301	61.51676927456501	61.51676924815828	61.51676913523579	102.79109376835595	69.25617754596345	255.0	255.0	255.0	207.20773295119278	121.84020592336276	255.0
1.0942042428725358	10.682007013202366	10.455922187760478	12.358643473924957	0.5360213423215043	17.94405229439721	4.298189398792118	0.0	34.24016530082338	0.0	40.76568839783258	14.214236831995947	48.98259726978392	48.98259728545622	8.19095797599445	38.68336352426823	38.68336362759675	61.51676916487767	61.51676923495492	63.06958673094158	59.56962450182306	25.09309490023037	13.15266168819116	19.785796069755094	9.562413569130882	255.0	255.0	193.0609000215373	241.4069697317954	0.0
