247.8559305240893	254.70839459259258	239.81598648161716	253.10637095274097	246.50074356101618	245.6316685546875	237.72877204288858	187.8015350877193	163.2	250.46666666666667	254.982212893063	201.875	181.5125280247342	236.86666666666667	254.66728557680253	233.142857138	228.285714293	155.54505864479603	228.285714293	141.8892857142857	235.1298701331818	213.0324258514191	254.9594487089675	254.9594487089675	232.29558954743982	254.99948797687833	245.81565950907918	232.74483506940115	252.90638390053417	253.93870685433149
254.98141285201794	232.7448321588255	253.01046066421054	246.37681159666667	245.69995221153846	237.7287748976797	235.1298701331818	238.44574985439056	228.41984092201994	254.90990117755413	153.66310351554728	147.421875	208.3467577714148	208.63636351782026	197.04545428861053	253.77225261966797	215.28688524590166	219.39337285834316	164.60548885077188	129.5335389198784	210.0682396868991	227.53978322944917	238.02367310275048	246.84870499770182	234.39611425427697	241.05732809986802	252.94651603017104	204.82731887755102	232.74483506973627	253.76960955258397
254.01446233896337	253.1265306128	249.735244117977	199.92	255.0	238.44574994106037	214.14908396195085	214.1490823676206	226.39264990593776	152.734375	73.74359579631658	130.91336481435542	254.71002147543385	151.77615932590805	254.35926419270177	252.62078993535744	155.92128464009556	137.00634985661617	142.21943801217066	235.79999765575465	223.96810102862764	169.91779497098645	223.98648648439098	233.7500000085	231.60728484305207	239.15911449860857	204.82842270260335	222.8895568618961	232.74483215067966	247.9466494038583
35.233274368474355	252.20136054433334	229.62439512960856	234.98805064184876	230.32410429146	200.3950103950104	213.65489128125	226.39264994587046	224.84423669323797	130.05	154.8024948024948	26.403949389812396	148.75	171.8065775950668	26.403949389812396	208.10743081479634	212.43941283753182	250.53960521160204	227.92207277974202	214.94604176926458	215.16567672505275	226.91271500280547	178.1766372825306	211.91020408163266	233.7500000085	232.07376496030713	199.93789607989714	204.82842270614736	247.7187038733861	252.83713696706988
104.72254794692878	20.462820751465728	192.00101652124525	51.86293047033115	26.68290117287549	166.15384615384613	205.87058067284437	120.0	208.63636360001033	195.6419187975705	225.23260069979256	145.3846153846154	148.75000000000003	93.38755667849912	111.5625	182.14285714285717	190.5415427185756	251.87639198218264	251.87639198218264	200.40993538908492	142.21943797551467	142.2194379810274	217.30769230555168	231.2937062895342	215.33333332200002	207.12244897959184	211.34869637573965	204.8284226885707	231.67802908306513	248.8296296256
133.41675440212035	7.333517811942556	17.4973605388183	65.34948976720403	4.646387435757646	43.21128252651724	56.57143124999999	208.63636362424586	197.58086719999767	168.96694188744607	214.8033817229601	106.25	136.3090909090909	102.0	221.0	187.0	252.53595720726125	190.54154269385904	190.54154269385904	165.5325622023109	183.34982020912975	244.79266660860594	133.35555555555555	232.60135135135135	222.545454564	222.545454564	237.04591836734693	254.0714610832954	196.97109465020577	252.26891043889722
236.75735366740943	44.654314279294766	24.675966097133596	77.29153778670101	56.57143117793993	56.57143117793993	199.60875163508476	197.58086681503983	166.00539324721348	177.75862957500004	113.14138915514471	250.53893530160263	251.30307214359684	251.30307214359684	243.72806373928114	105.18557909907423	8.82818021359654	93.28408172104426	93.28408173410307	187.96460716861816	212.03069738645462	190.5415427185756	100.79704831357864	100.79704831331242	177.98657719412978	201.81564245646905	221.4857142879	248.96449704142012	244.09684093206016	252.2689104380104
61.037051476724	76.0840579847276	81.24769016882726	56.5714311225	56.57143116500001	56.571431122567446	56.57143120250862	185.26600344558108	164.52293660607006	166.00539288143887	81.25765782058014	179.05243310869173	241.10403397027602	251.30307214359684	102.46634199467582	172.46429344057398	180.3436444172616	204.95578516239368	85.16704635239915	212.0306972685147	119.63646962726651	215.76923076923077	192.29372650952416	238.6071141877596	217.54237288018385	217.5423728842373	213.90109890079782	181.3491155412019	244.09684093150602	250.8694214844
244.99884754634812	116.34586382986174	2.6085990444983906	78.46153846153842	78.46153846153848	150.99856767232285	185.26600286723058	185.26600331537986	185.26600325455098	56.57143124999999	161.53608939021436	179.0524330340293	249.67182044125926	241.104033970276	142.30562760243848	241.10403397027602	86.40751640777569	171.81058089425622	164.02797633285007	154.42664362926922	150.17682526571838	71.28242074927954	111.97674418604652	192.2937265185314	143.57943118992958	211.31944444562498	225.2499999915	217.2032193141851	156.14000108506946	244.73320275408653
254.53880268237285	212.94753832569205	167.34062668789497	117.69230769230771	180.13550599665064	76.86834869678364	185.2660032527976	185.2660033457943	185.26600331537986	185.26600350572545	161.53608940632344	249.67182045078917	249.6718196253001	249.67181974457696	142.3056275826771	124.8854756244431	124.8854756244431	170.2830772476543	89.47821464227334	89.47821466655918	162.5546493443811	73.89569008888142	73.89569008950104	174.62548786125	151.32649258085033	75.06265899049407	102.159209157128	119.42057291666666	136.67164579906682	250.59526530606
2.7354959496927904	0.13711922679289046	71.59620419382347	76.86834869678364	76.86834864864738	76.86834867179687	76.86834867378178	185.26600286723055	185.26600315640582	185.2660030033765	127.50000014025	249.6718186663516	249.6718196253001	249.671819908895	249.6718197521394	191.46506725162823	191.46506725162823	239.6486996931724	78.87693697592155	89.47821455468184	89.47821458871096	125.55843996110943	125.0684976826843	125.06849754744925	239.03697350765555	151.3264924228608	99.85799999999998	90.02126654064273	138.20570203993057	216.11611508095768
248.85524447058503	230.78544135890166	117.69230769230768	104.25370601258112	57.89956527410712	76.868348633663	132.00851921026307	132.00851926286285	76.86834866228082	76.86834881751298	127.50000014025	247.19181054981152	138.44791754262604	138.44791751971334	238.09837425553894	238.09837422778725	238.09837425553812	238.09837570575746	238.09837457809306	159.30584165231988	159.33941957516845	159.33941957851988	159.33941957516845	159.33941958855155	159.33941962984875	39.56363636363636	103.48307291666666	56.491051051051045	56.43817204301075	222.8895568618961
237.47130428256864	21.50232235869504	57.70016904383286	17.22864807885489	129.2411735793633	129.24117349533643	57.89956527410712	57.89956531029941	57.8995653746872	57.899565424977226	57.8995655426331	63.75	127.5	230.80415000495236	119.0044434755807	119.004443464416	142.57592227192498	238.09837359796506	238.09837418604207	238.09837493258703	159.33941961531764	159.33941955285547	159.3394195617854	159.33941955285547	159.33941953501926	53.79452054794518	39.230769230769226	77.99901693853539	167.53500000000003	251.82572346753986
140.87048723132733	90.53745299102215	95.66058046498071	95.66058046498071	129.24117344911087	129.24117349450609	129.24117349450609	129.24117345999204	57.89956531029941	57.89956534406261	91.79999999999998	123.31856626171214	161.8871652522563	92.7448104310526	92.7448107498746	230.804150007212	244.09648717081708	232.37223844789474	195.3367793596111	45.67164179104478	86.44067795181701	159.33941938341525	159.33941957851988	159.33941955509388	159.33941953501926	69.06249999999997	15.203252032520282	58.222149906298114	244.70808939663974	224.1627906976744
71.64630217699172	39.25226473762433	95.66058046498071	95.66058044490612	95.66058037015128	95.66058061658472	129.24117345999204	129.24117340288527	48.43567764252737	93.93366886594421	106.52623292022997	57.47784929317484	119.66185982913808	162.2551892501254	162.25518956894737	140.19813658749513	118.32336619224853	225.8069927379198	45.671641787636446	96.94214869207835	96.94214874715908	125.75882659711473	125.75882654000796	159.3394196298487	159.33941938341525	57.580645161290334	49.891304347826065	238.82644569910568	251.82572346753986	196.71428571428572
71.64630217699172	39.25226466749447	95.66058037015128	95.66058043821462	95.66058042148009	95.66058042148012	95.66058044714453	34.85630040861102	68.77725920590521	99.4750774161808	100.54981902929134	114.21098378185636	62.48025312703518	220.42946643318584	220.42946648898206	140.1981365087248	220.42946641483218	220.42946641483212	220.4294666956186	135.99555653558397	125.75882654000796	125.75882654000796	125.75882650549391	125.75882655088915	125.75882642063672	56.099999999999994	49.891304347826065	15.20325203252034	153.21763052366597	16.893569361848677
39.252264797433156	39.25226460687247	39.25226478431094	95.66058044714453	95.66058042483155	95.66058042483155	95.66058038468233	33.50578900845241	28.61431258184234	28.61431260656775	92.20513081965376	80.81217805051364	220.4294663192261	68.8552428918118	68.8552428599034	47.90687417093159	47.9068741401841	135.99555652441933	32.72253403439893	92.60924096257207	32.45454545454547	83.02792901726067	125.7588265046636	83.67654016292153	22.666666666666686	58.4375	150.74629398741888	101.22857002593986	13.790750524662002	161.60868610640193
64.64853741862933	39.25226467723496	39.25226470771992	133.96469129452066	95.66058041144845	47.82869095136445	35.37927790176602	33.5057890196251	28.61431256621708	130.43256249014317	79.57382311928222	28.614312624878806	28.61431258890039	28.614312597467574	34.856300469307286	47.62721960705565	47.62721963578798	102.52151873055689	32.72253401423998	92.60924096591594	83.02792899196095	69.73399649427455	69.73399684359416	69.73399699662346	69.73399713276942	21.24999999999997	186.0892707540482	253.48299118737967	244.1738187862355	243.94000662821944
64.64853778186273	64.64853780580447	39.252264706433294	47.82869081583456	47.82869090845685	47.828690905367495	47.8286910844333	34.17461253434985	85.95880306112772	90.58782028275792	79.57382311928222	85.2687776917058	28.614312624878806	28.614312600893186	67.61649493521304	67.61649495346111	67.61649496053224	102.52151875238076	67.61649501117057	93.46391059367659	69.73399674544905	69.73399668462014	69.73399665420573	69.73399674720244	69.7339965544189	21.25	186.08927066430186	199.4208113835362	180.85601222475668	201.42729657638873
64.64853783384575	64.64853775452465	64.64853780176057	61.54312464535451	47.82869088700306	47.828690798498	47.82869073244524	35.37927793674183	81.01579960438139	34.17461253434985	34.17461251614671	34.17461248514235	34.17461252705667	34.17461252705667	34.17461252057009	79.57382311928222	67.61649489680059	67.61649496277644	67.61649496277644	93.46391060978561	69.73399674544905	69.73399668462014	69.73399665420575	69.73399655441892	69.73399713276942	186.08927062205782	186.08927064011823	224.42005989229963	201.85563897335692	246.3151299138093
99.23863736442803	64.64853778186273	64.64853777026994	33.970578274329256	61.54312464535451	61.543124840907666	102.76688059412405	77.99747201019801	80.18308880626745	77.31561526892833	34.17461238834039	34.17461238834039	34.17461250076062	34.174612581944274	34.17461253716692	34.17461255599778	90.58782028275792	34.174612609979704	67.61649492360326	47.67748038260481	69.73399655441892	69.7339965544189	30.629914055692495	31.117357733526035	15.228158954387027	57.75574245908055	76.5	153.0	153.17251119644447	232.77985609564308
31.382279135819488	9.870999779467041	64.64853775452465	33.97057811094041	33.97057814505803	61.54312470324399	61.543124732188744	68.90265138437636	83.27804871776434	240.27639807630658	240.2763981267424	240.27639802703922	34.174612517591186	34.174612497943514	34.17461254561823	34.174612534349876	34.174612539984054	34.174612609979704	34.174612568971014	21.74724183471281	21.74724169761845	22.958443821961396	21.747241764286883	29.790097876794306	13.015740334294406	10.388402725398379	76.49999999999997	153.0	0.8104571753856646	224.41615954287295
43.773118886396276	39.49999979999998	52.54971794767974	64.64853785368791	33.97057816211688	33.97057817162272	61.54312466606723	61.543124691208334	61.54312470377886	34.163521979999985	240.27639806702285	240.27639806934377	44.9328569236462	39.14297819293512	34.17461248514226	34.174612545618174	34.17461252705664	34.17461252057004	21.74724164339915	21.747241590712406	21.74724159071235	21.747241634106047	9.234104033609356	9.234104029999997	9.234104033609356	20.805559276797595	10.388402725398379	52.11170912366467	148.21355485523992	1.693281157349503
12.88781470953765	39.499999803047444	39.49999980000001	39.49999980000001	52.54971782485015	33.970578120269465	33.97057809520953	46.253524111420546	46.25352416762823	201.29283107118093	201.2928310852358	201.2928311003833	240.27639821636575	44.93285683436437	29.447764272884456	29.447764270341395	39.142978177830486	21.747241503925153	21.747241543481636	21.74724156901567	21.747241560524202	15.057214445965485	9.234103987499992	9.234104033609327	20.805559272672554	20.805559253302647	112.45529623877391	64.07598849837427	191.96863376005618	141.8592470752913
45.65680118419124	99.23863736442803	39.49999980304747	39.499999803047444	39.49999979999998	53.81720683731129	64.45845728142442	64.45845730614099	33.970577966209646	228.77551552492315	228.7755156162975	228.775515529833	201.29283109749474	201.29283093006637	69.53650404705567	76.70045674134303	21.74724123520781	21.747241503925153	21.74724154774225	15.057214591457551	15.057214727609193	9.234104115000008	9.234103926874525	20.805559271676657	14.501093907098323	14.50109380660615	24.688473836648882	134.60078227212858	254.80206916497133	69.8185202597571
84.88364360540703	12.88781470953765	39.507078433977796	39.49999982020208	49.88309673072354	45.57848135606994	53.7382461885893	55.84951333594552	41.65169310899307	6.507067267234845	6.507067357946966	228.77551550101145	228.7755155352213	228.77551553908307	201.2928310243293	15.057214331473432	15.057214437128408	15.057214533955403	15.057214548126808	15.057214526461536	9.234103860000005	17.14511591788002	17.145115870721384	14.501093907098323	14.50109380660615	91.26468906267763	126.21471064764927	254.25909818605857	160.08597996481706	32.86942489933631
18.693005774787025	58.98661500832108	53.72897768044609	34.45519416436085	7.641790887951288	141.16224059268373	141.1622405926837	141.16224059821428	141.16224053494352	6.507067038518187	6.507067267234845	6.507067357946966	6.507067357693359	6.507067354860737	6.507067402922701	25.889113242851835	25.88911319972553	25.889113206142298	17.145116012197178	17.145115928856143	17.145115941459295	17.14511589739689	17.14511590034951	17.14511590034951	155.65596279056598	98.64746572261731	124.28592603244883	110.61924454525348	231.07564455884153	141.23603709591572
202.27159222854596	250.91664282616117	0.0	4.496901491118507	3.603123976254068	72.13765542223041	141.16224061724046	141.1622405891034	141.16224057296242	141.16224059083297	141.16224061965573	141.16224060774204	148.8355049372947	25.889113206142298	25.889113178162404	25.889113187412732	14.39858306113345	14.398583080369207	14.398583080369235	14.398583080369207	14.39858307576256	6.605508055677063	6.6055080852914045	6.605507966833983	149.46075717923594	98.6474658649355	98.647465852066	250.7699069087867	11.700852111056008	255.0
10.125576565974228	9.340324397411678	12.119444904245512	18.538563500774387	24.898455155775764	0.0	29.866280737967543	20.548416842969345	56.758671672870065	141.16224058372308	141.16224057296242	141.16224059821428	141.16224060927544	25.88911309885333	25.889113081066796	14.39858307719254	14.398583072105282	14.398583073324431	30.540411582761948	6.605508087594586	6.605508087594529	6.605508010426405	157.14576639789462	140.59270130226656	98.64746534815697	98.64746583970657	98.64746584883258	52.745631472503106	0.7011604079491747	255.0
0.8790679309121572	9.990957245601976	10.285890596208333	12.745014270199619	48.635636238366715	21.742031287779838	85.46758721613247	64.2375798748107	20.548416842969345	45.684891360443885	64.2375798748107	114.8177353377092	141.16224057296242	141.16224060927544	85.74827458338453	86.64960269280306	86.64960266751982	6.605508144520087	6.605508087594586	43.81750968128409	41.167440957502464	10.157270463799932	2.7419795493337062	2.3297490429036998	255.0	98.64746587678488	98.64746570876358	243.12455360287842	6.372848120842292	0.0
