254.60449427327654	254.98600823185186	228.93471338252203	242.44496099750384	233.45070422318418	221.07037938701922	200.077366250645	131.6940789473684	252.45	141.66666666666669	247.62461369453897	133.57142857142856	254.68020745177697	63.46666666666667	252.38709907559357	68.0	17.0	135.87720570629963	17.0	239.97321428571428	46.363636363636346	247.21884228718034	242.81986676623953	242.81986676623953	248.9841424500194	252.33798956317094	253.4497911574246	243.7287637523236	252.81239820242084	254.44024321864796
254.98221796414774	254.94781833659803	253.05796994079049	253.11111113	235.0732600576923	200.07736603549125	46.363636363636346	206.63105597723418	197.1880604591799	244.6127303179276	235.29554408519445	254.501953125	81.46961206860323	197.04545428861053	179.65909066212552	249.1249617932826	170.46448087431693	214.92475829607193	146.8910806174957	158.578111786359	238.78951887768548	228.37350882179044	238.28882893087842	224.9511787478207	234.7331735016152	240.455786470421	242.95178082436186	254.11449298469387	243.7287637556464	228.2829883381924
254.79740375177008	117.86666666666667	243.88826815592796	254.745	0.0	206.63105599945882	164.60253099992906	164.60253042703494	183.91148855583705	99.609375	142.33671381993554	254.40812383447778	231.21244166791274	252.4414539647927	226.2304655315412	243.80566662978828	136.20585990721582	135.28267103646047	165.22283875741817	202.93681637085376	219.0237235977285	187.18085106382978	216.15479117879426	240.83333332200002	231.44937814403676	239.11015232747943	223.12294986436626	209.09538460257457	235.5418808061255	251.7908473981148
35.233274368474355	32.866666666666674	255.0	178.73771487620547	251.79366870200568	154.8024948024948	168.229166578125	183.91148854140687	185.42167673783496	252.45	47.78883278883279	29.894447033642308	84.99999999999997	91.87338129496402	29.894447033642308	233.0530943562195	6.496623326444791	238.26258430582072	96.89700364008806	217.00437370151923	215.29219825847963	134.00239731994336	196.01072428228156	134.78571428571428	240.83333332200002	231.56045327501215	198.3302273633347	223.12294986663102	198.32755102040818	254.6852405015937
254.98849040650302	100.16806279997277	196.50812910686756	255.0	221.89961194775842	120.0	153.6606046019137	33.46153846153845	155.51136378329156	152.01970588931616	139.6322909530699	81.9230769230769	85.00000000000003	250.26518098541447	251.015625	133.57142857142856	208.01406486404127	199.34298440979956	199.34298440979956	198.2957700211438	165.2228387286751	165.22283873277252	215.5594405402462	232.41758239717566	250.363636359	130.96938775510205	192.5967894785503	223.1229498554635	241.2040088104417	254.9157024774
247.3822009927704	8.607867836722534	3.359433551954254	0.7144443922509822	130.13917297349735	179.39393034544835	255.0	155.51136370200152	139.81768903365378	116.02707631569902	225.30565755122154	63.74999999999997	66.76363636363638	229.5	85.0	34.0	200.3331503853218	208.01406488177895	208.01406488177895	210.7409577752569	182.47824965806043	109.50726725503424	241.14814814814815	237.3873873912162	251.357142879	251.357142879	140.51020408163265	251.866181156122	254.24755372656608	254.27145246684245
114.24939657670919	10.771579705317492	195.63924585860693	230.94300310475228	255.0	255.0	140.15995984662095	139.81768893410361	112.37288128450876	125.73728986875	59.264070933906396	173.13127940908095	182.82188470831895	182.82188470831895	220.12054496485186	72.28180824675565	66.7799135047118	167.94361950056123	167.94361949184696	188.3550015469164	99.66494514731971	208.01406486404127	166.06434414364534	166.06434413647094	205.3691274823206	227.2854240728731	102.0	241.42011834319527	251.10408211983767	254.27145246693803
239.29615215126174	253.12963455045062	148.2275074556037	255.0	255.0	255.0	255.0	123.69750664378466	110.56213217135775	112.3728813178397	46.56753093422046	148.20887795395242	213.1316348195329	182.82188470831895	234.4260299209701	8.64659528670228	36.63104617439788	156.5973759158066	193.09822007568448	99.66494514237004	137.6170266206942	196.15384615384616	222.61652744931646	21.339975959825807	237.7118643922752	237.71186440677965	234.8508634225447	241.7793688746188	251.10408211897865	254.9479591818
76.17269553210915	215.57533927183593	255.0	19.61538461538464	19.615384615384613	94.21033658569348	123.69750664378466	123.69750657676394	123.69750653615	255.0	120.02084303444184	148.2088779400075	162.96439549117014	213.1316348195329	134.92070136741177	213.1316348195329	85.07143415492044	171.12571228813675	224.52167044517358	220.61580695853775	79.91532660865695	102.88184438040346	141.27906976744185	222.61652736735618	219.5446710708162	236.64772727562502	252.1666666695	239.43661972002013	245.55555555555554	252.36907978382212
35.26356965886362	213.29929927085323	182.97530359410194	78.46153846153842	105.20798368718633	36.55815588547094	123.69750664378466	123.69750659707088	123.69750657676394	123.69750678732441	120.02084305069454	162.96439402690152	162.96439412520948	162.96439421105947	134.92070138711858	170.20006641728696	170.20006641728696	170.4072781443646	108.60494209215335	108.60494210547682	57.47784934904257	130.8141874895187	130.8141875333793	213.47033993999997	211.93665026630595	172.61748560717632	218.88310787669093	226.66666666666666	241.40762124676917	163.2
29.953265890665534	84.08644429953009	228.38343534127276	36.5581561143874	36.55815606810825	36.55815606335727	36.558156103447885	123.69750664378466	123.6975063546094	123.69750628497556	100.17857139851787	162.96439325590035	162.96439412520948	162.9643942254707	162.96439470361753	150.53957787222032	150.53957787222032	209.35114867501497	195.5674985995504	108.60494201551049	108.6049420467373	186.27600117359265	190.352708355695	190.35270834592603	218.7459639219814	211.93665027688976	169.218	211.49574669187146	239.18470594618054	199.25309159031235
191.42026026664996	46.69390458757508	78.46153846153848	71.27867356564246	31.60285966347766	36.55815606098176	82.56197962442849	82.56197943374238	36.55815609797804	36.55815625268963	100.17857139851787	149.198027193881	10.886340018407537	10.886340011147723	205.3921714195769	205.39217206177494	205.39217238638915	205.3921743200146	205.39217311720896	159.7050342316553	200.32904633055608	200.32904633949133	200.32904633055608	200.32904637387955	200.32904648616886	164.84848484848484	215.04557291666666	200.12012012012013	199.93279569892474	209.09538460257457
20.299638774488955	8.190895078656808	13.619868011328208	204.3177098185135	79.48179784769479	79.48179801289439	31.60285905999737	31.60285917574501	31.60285926115742	31.602859210867422	31.602859356070468	223.125	84.99999999999997	138.4554676232566	106.90885132843445	106.90885138295343	143.86074901342243	205.3921701723084	205.392171939249	205.39217200362276	200.32904635350175	200.32904626615257	200.32904635858245	200.3290463893693	200.32904641463514	137.18555417185553	163.46153846153845	244.21234458337065	254.745	4.646151832917894
25.81669615219593	57.70016904383286	54.67095369238953	54.67095369238953	79.48179789326059	79.48179791418642	79.48179791418642	79.48179790222261	31.602859241267026	31.602859235853515	40.79999999999998	17.607919264917996	46.793371970183046	137.7956899921641	137.7956900496159	138.45546761785073	139.17373071991136	193.33292486948855	34.30988404088009	87.53731343283579	159.91525420761997	200.3290462397354	200.32904633949136	200.3290463190833	200.32904630761044	170.0	17.27642276422756	2.962836110552388	52.77603103257783	224.1627906976744
228.54324199064013	8.731528031414541	54.670953585364856	54.67095368091671	54.67095376026461	54.67095376026461	79.48179790222261	79.48179795603804	217.21847516821984	59.264070933906396	106.4139417427981	174.36191973458108	0.0	117.2043099503841	117.20431000783586	142.760368407486	118.92496328060645	182.40313296944063	87.53731340727333	162.79958688193204	162.79958682954543	175.51820204396196	175.51820209777742	200.32904623973542	200.32904623973542	159.03225807822582	149.67391304347825	140.97912123591482	4.646151832917894	196.71428571428572
228.54324199064013	8.73152804552069	54.67095351383119	54.670953641417555	54.670953660508616	54.67095366050867	54.6709537338474	34.20187242459548	29.013957021926387	99.47638725533292	99.64106214086581	71.63522040244143	194.57237191371962	169.2338542931129	169.233854480357	142.76036833883927	169.23385442010752	169.2338544742447	169.23385414844586	148.09114861704654	175.51820209777742	175.51820209777742	175.51820208581358	175.5182021067394	175.5182021523052	107.10000000000002	149.67391304347825	17.276422764227647	201.42729657638873	249.76305663986648
8.731527656174563	8.731527937604568	8.731528106632453	54.670953610630676	54.67095366944389	54.67095366944389	54.67095364649822	27.08781665457795	99.66755602204003	99.66755602358901	93.1456614412252	89.43679454112913	169.23385433865243	29.669911538567078	29.66991153049642	57.80442258333986	57.80442256162175	148.09114867156558	65.45049862994895	127.23709870659293	92.72727272727269	147.3417072869883	175.5182019871056	150.68670685509915	113.33333333333331	154.0625	183.72132643435754	209.60369471801963	98.38885398816805	0.025487941047714457
39.252264797433156	8.731527857851972	8.731528219034516	67.7209747952175	54.67095362612045	19.105034560678575	29.27720991409521	27.087816675027568	99.66755601131891	95.00875655308542	85.7420946814324	99.66755599167232	99.66755600751202	99.6675559975607	34.2018724345383	58.08115806012259	58.0811580171528	30.939751086782678	65.45049877853793	127.2370986646582	147.34170710682253	131.30249321267556	131.3024936453906	131.30249371502444	131.30249335621534	106.25	145.77907817165195	144.07718732383708	149.25929537968005	243.94000662821944
39.25226460687247	39.25226473762433	8.731528023705607	19.105034382785874	19.105034474863373	19.105034477883237	19.10503466807782	43.70828745280585	85.91970465413175	90.88935871319453	85.7420946814324	89.19958809491979	99.66755607272432	99.66755600223212	28.598098716186	28.5980987180846	28.598098714549252	30.939751063457493	28.598098886410355	134.9791569493055	131.30249346385	131.30249342323606	131.30249340292914	131.30249335621534	131.30249335621534	106.25	145.77907808376273	184.76694555333972	153.7079253332646	248.62582479382831
39.25226467723496	39.25226466749447	39.25226478431094	36.55815588547094	19.1050344319558	19.105034551034436	19.1050346458714	29.277209909478927	81.19021830371923	43.70828745280585	43.7082874143683	43.70828735706121	43.708287397165975	43.708287397165975	43.708287437270826	85.7420946814324	28.598098708251314	28.598098742016248	28.598098742016248	134.97915696555816	131.30249346385	131.3024934232361	131.30249340292914	131.30249335621534	131.30249335621534	145.77907805172396	145.77907803167864	178.79758661198755	17.373082269778024	1.6728655823647216
163.41933966788224	39.25226460687247	39.252264706433294	245.54825692008134	36.5581561143874	36.55815625268963	81.83327091095879	78.47632850707322	83.2015710920495	78.61649729313646	43.70828735706121	43.70828735706121	43.708287400553985	43.70828735706121	43.7082874143683	43.708287517480386	90.88935871319453	43.70828750505777	28.598098711275696	99.28676939307701	131.30249335621534	131.30249335621534	98.56543157986593	94.56601824911601	84.05993466861233	126.99637604130939	229.5	153.0	128.17937413366758	13.583514493677711
254.82169371873024	73.31590772120006	39.25226466749447	245.54825693012035	245.5482568528568	36.558156103447885	36.55815609797804	69.08576103500519	76.3183004275715	111.20058074391645	111.20058105698493	111.20058084434959	43.70828743919074	43.70828741797129	43.70828738313668	43.70828741076531	43.70828741797129	43.70828750505777	43.708287437270826	45.48201579345684	45.48201567031262	69.70427134975048	45.482015645681	60.79778577065244	71.84731164427541	11.82703203587809	229.5	153.0	230.75150504517453	250.24171802047954
135.17638416095025	255.0	33.23940482946321	39.25226470771992	245.54825681422506	245.5482568328081	36.55815606810825	36.55815606335727	36.55815606098176	164.843885295	111.20058073363907	111.20058067591341	28.387504866559283	31.21730302268398	43.70828735706118	43.70828738313668	43.708287397166	43.708287437270826	45.48201561144322	45.48201560228736	45.48201560228733	45.48201558059057	56.571431177939985	56.57143116500001	56.571431177939985	72.36672367262426	11.82703203587809	235.26885150312958	218.44160270687928	38.13588432208937
205.89625858704557	255.0	255.0	255.0	33.23940470720953	245.5482567891714	245.54825681641344	89.42517688575194	89.42517689554276	142.23112057763393	142.23112052014162	142.23112055194684	111.2005806474609	28.387504829914008	115.88930613297416	115.88930617157106	31.217303051441007	45.48201551550008	45.482015611443245	45.4820155805906	45.48201554716849	48.70716777164759	56.5714311225	56.57143114102493	72.36672360771851	72.36672358690049	167.58900253029617	91.33313828015307	156.58099705329323	202.31000259736052
0.5856670086421332	163.41933966788224	255.0	255.0	255.0	56.03841842229366	46.98593513595873	46.98593511822105	245.5482563863636	88.66684927723077	88.66684941086089	88.66684923793179	142.23112050794765	142.23112064736227	68.10612816165028	76.81717370595055	45.48201519395187	45.482015645680946	45.48201552043636	48.70716766336088	48.70716771447536	56.57143125000002	56.57143098101841	72.36672361835213	58.890763854395715	58.89076378074205	126.91899350810232	36.43230261446402	38.262156445844596	251.6357338401741
173.5560689108131	205.89625858704557	36.509923510299444	255.0	51.633632427523736	72.4339707631269	47.79088972297842	56.75155240842588	174.36191973458108	7.422151893703671	7.422152062541414	88.66684918028878	88.66684919234399	88.6668492919402	142.23112043707926	48.707167403376786	48.7071675934026	48.70716763376021	48.70716762003019	48.70716759836486	56.57143125000002	61.04677008029577	61.0467700418414	58.890763854395715	58.89076378074205	91.26468906267763	126.21471064764927	134.09661550333135	36.90758855536657	33.18824053064483
66.19477292517126	244.50830521720744	0.8729822588599347	37.33487681101883	56.758671672870065	49.092027658819546	49.09202765881952	49.092027668823164	49.09202776316232	7.422151743546607	7.422151893703671	7.422152062541414	7.422152076656403	7.42215211949275	7.422152168132698	61.693172927315175	61.69317293892786	61.69317290946259	61.046770308878166	61.04677010790334	61.04677009952297	61.04677009120283	61.04677005780178	61.046770123672815	110.95474892207613	98.64746572261731	5.28520699701491	125.19123819261998	63.24814984191656	0.17069198287785525
155.66081056921354	0.18587284162043716	64.2375798748107	8.190895078656808	204.3177098185135	0.7436519446833643	49.09202764311894	49.09202767196061	49.092027655819635	49.092027694316386	49.09202768188672	49.092027677743516	4.328050675407553	61.693172940731415	61.693172872734976	61.69317290408293	54.97929282039246	54.97929290793397	54.979292889180954	54.979292879804404	54.97929287625203	40.46771018679232	40.46771021236955	40.46771029247199	3.5893330247928077	98.6474658649355	98.647465852066	217.21939947328667	2.7220451931996195	110.61924454525348
10.096807420324552	11.720187984265976	12.619140178382935	255.0	26.495418352928	35.642129522906544	29.93819981398582	35.642129522906544	197.41229054437125	49.09202768810161	49.092027655819635	49.09202769360047	49.0920276888304	61.69317278331667	61.69317287819365	54.97929289580421	54.97929286228714	54.97929286694213	74.97165205192485	40.46771021991822	40.46771019351144	40.467710074049734	206.5914137019854	255.0	98.64746534815697	98.64746583970657	98.64746584883258	28.876424693366943	204.42165636645026	255.0
1.0736262263664287	10.001357156053189	11.765999211392938	12.448364723831304	0.0010578365007347657	20.057182133969405	0.06771263029216357	45.684891360443885	64.2375798748107	39.19820460146647	45.684891360443885	3.5893330247928077	49.092027655819635	49.0920276888304	167.58900253029617	118.86970205518332	118.86970208776106	40.46771026352391	40.46771021991822	95.41051320916858	90.9354542397405	36.492879794819544	10.173265585459234	8.392853015200558	0.0	98.64746587678488	98.64746570876358	254.13287427994902	12.682610042680778	0.0
