60.54303789100362	251.85185185185185	254.13531193460943	107.43743147561443	205.23138829931906	78.04153323317308	79.88982509446208	162.5438596491228	163.2	236.86666666666667	254.38294747093346	159.375	198.58471151798096	214.2	250.15731576651072	226.666666661	221.0	216.85898833117528	221.0	222.21428571428572	224.09090909863636	117.9600839248217	255.0	255.0	236.78133214022193	255.0	247.4820265045471	254.3109386314461	254.67222489563363	254.4268854289136
254.88049565076025	254.45803206997084	249.6701069262568	226.66666666666666	210.16483516483515	79.88982511045262	224.09090909863636	42.189278040273535	76.73753202758746	253.59821930930994	202.48871330234758	170.386891185	161.46886655191122	202.84090912054495	191.24999989133522	245.60586697070744	195.66256830601094	200.53516087690636	220.15437392795883	227.12428420233996	214.73732512229662	255.0	223.70391426386755	244.7342515253115	234.44255362732832	240.95093255697694	252.47902107231744	250.784693877551	254.3109386314788	254.92897653188723
254.5530145242263	251.8518518516	227.93296091543834	199.92	231.79632520868742	42.18927799725549	56.955893632210405	56.95589283060062	31.708877329340766	127.5	250.80736329551962	156.2812588956944	250.6381047333532	169.9062201518231	248.3322741539705	237.70001264402333	217.38351793973618	218.33265055305202	219.99284053181697	233.32693591087676	219.89199918304058	235.2707930367505	217.09459460926314	242.25	233.4261114262493	239.2096762368449	250.05421744760656	250.20400006661225	254.2035946731512	254.92044860911747
35.233274368474355	250.46666666666667	226.21922258834715	131.22294620665056	191.97209044386653	179.87080487080488	44.27083342187498	31.708877223384945	37.939406973407046	163.2	124.73566973566975	110.44585987261146	106.25	144.0474820143885	110.44585987261146	170.00000004006938	189.73070362959643	230.84698484545473	213.47432148338766	215.61433921134426	215.114264929703	235.26950155633182	238.0997716229409	238.3469387755102	242.25	246.0466362526149	249.49766085973005	250.05421744798815	253.9124531445231	254.9881182795699
191.98465888020255	230.2848689750199	58.557400499022236	64.36201600982676	119.28493467577346	144.23076923076923	32.22781660412585	93.46153846153848	22.21590928327865	59.52363814263671	73.3714133738554	121.15384615384616	106.25000000000006	115.25298757033195	132.781065045	159.375	211.88151867840145	255.0	255.0	200.20294031152503	219.99284052191427	219.99284052264184	218.07692306705533	230.76923077032717	224.4	234.18367346938777	249.87727372342758	250.05421744625548	253.82773759212617	251.328
188.80019579812648	234.03939913858156	79.72555837010592	249.90724938055519	2.8491059651790067	128.65740052916198	56.57143124999999	22.215909138370336	18.0484117771301	35.04078794234485	87.24592633118948	84.99999999999997	110.34545454545454	102.0	187.0	153.0	236.34610249166403	211.88151867035631	211.88151867035631	171.73648563471266	212.6373203172202	235.95067228677132	224.77777777777777	236.90878378378378	229.5	229.5	244.59183673469389	254.0714610832954	251.41810699588478	254.90853011374608
4.506609618220438	44.205148264918364	250.93192189482716	116.32252764054141	56.57143117793993	56.57143117793993	16.387976270457216	18.048411471393393	33.05084728789143	27.772391381249946	76.05555890942463	223.41707548306428	228.24128408698652	228.24128408698652	208.4176048254597	137.17276340056068	79.69323749706643	7.076202990282042	7.076202991879114	188.4971074792397	207.0110174314898	211.88151867840145	234.53785863264733	234.53785863135423	236.17449660466872	243.60335195190498	244.8	248.96449704142012	254.37665313917404	254.9085301138082
17.055545205835728	229.8615972140917	249.65390494962637	56.5714311225	56.57143116500001	56.571431122567446	56.57143120250862	14.356732892156657	32.0861078006929	33.050847495999705	63.47815097158076	107.89465105647957	199.77707006369428	228.2412840869865	119.22829252692966	161.8871652437	169.9999999780531	200.44067870431422	163.56501138219494	207.01101737186377	196.5924853979961	215.76923076923077	247.81303617575261	224.40695067628167	251.5423728888279	251.54237288135593	246.59340659521314	254.92053715311167	254.37665314008848	252.45
8.664999695667177	1.1316746195789449	184.02037008777995	58.84615384615387	58.84615384615384	23.562090651093598	14.356732892156657	14.356732772088407	14.356732767374638	56.57143124999999	80.2202900175902	107.89465098143427	218.09592329405626	199.77707006369428	114.82166542318805	199.7770700636943	167.39771948663622	172.99100862357705	174.3619196689565	166.66540882178197	189.83459037001228	204.29394812680115	214.53488372093022	247.8130361029217	253.82792301237632	252.875	235.875	248.8430583501006	255.0	254.8201923076923
110.53164630785858	254.55570815879528	62.59820114527028	98.07692307692307	8.753272610843737	48.26781203322804	14.356732699373168	14.356732648858099	14.356732772088435	14.35673276737458	80.22029002408826	218.09592245670694	218.09592258129112	218.09592282021106	114.82166544369457	127.89873793224747	127.89873793224747	170.29068167793992	167.9221375801473	167.92213757526093	204.00000001442498	210.73956062384704	210.73956062347594	248.91537391875	252.617978863192	242.22634508348793	254.88206728954214	255.0	254.9974638131063	254.592
13.595566671828237	239.2983892229391	10.066268225781045	48.26781180431158	48.26781189348836	48.26781185407657	48.26781186617356	14.356732892156657	14.356732602981424	14.356732767374552	93.49999991585	218.0959214248732	218.09592258129112	218.09592262149357	218.0959228725901	189.1833043583489	189.1833043583489	195.15709693619672	167.2123774837823	167.92213751665238	167.9221375581173	249.1691808293524	250.33330012688387	250.33330016471228	77.32987671917704	252.61797892674483	251.328	254.5179584120983	254.98155381944446	249.2446071097963
29.599443493425696	2.3147563560457343	98.07692307692307	64.60949987266625	44.09269388436874	48.267811884079265	22.22018531110959	22.22018556053871	48.26781189710451	48.267811874670144	93.49999991585	207.11657372656595	114.47859025712145	114.47859034733386	190.35699354145237	190.35699456931576	190.35699450826465	190.35699644189003	190.35699409327225	159.2714488693184	241.60445351489457	241.60445351626086	241.60445351489457	241.60445351676864	241.60445359409016	242.73939393939395	254.55729166666666	251.7266066066066	251.49097542242703	250.20400006661225
20.212444114837865	0.0	42.40528844360006	17.22864807885489	14.443550892319251	14.443550949576945	44.092693582628556	44.09269377190549	44.09269378378869	44.09269388436874	44.09269394581247	78.46153853999999	106.25	255.0	108.23614584089535	108.23614584746502	141.51782606480066	190.3569933096714	190.3569937798324	190.35699480785496	241.60445341349205	241.6044534773462	241.60445351302053	241.6044534773462	241.60445350927242	223.56164383561645	240.6971153846154	81.29914109633353	199.92	221.49376277210195
93.45214633867036	73.70757177570857	13.395546383702879	13.395546383702879	14.44355094441093	14.443550942688915	14.443550942688915	14.44355096705226	44.09269370638347	44.09269378619311	71.39999999999998	93.72383937307688	123.31856626171214	95.49191762841795	95.49191762951423	255.0	197.48694800389245	176.82073882268855	181.19049270236283	167.46268656716418	237.7118643837044	241.60445310122324	241.60445351626086	241.6044535120835	241.6044536162971	255.0	70.48780487804879	202.94250334131084	254.5118783524931	224.1627906976744
10.073311891598479	28.240369389527643	13.395546490727583	13.395546487916505	13.395546405909869	13.395546898776729	14.44355096705226	14.443550939244943	61.56445638467258	76.05555890942463	106.16821487735515	57.47784929317484	116.96711995167774	159.5080823704858	159.50808237158202	139.03703093928408	117.9355693923167	165.3840656107787	167.46268653563712	246.47727279177428	246.4772727869318	240.55644906075509	240.5564490329477	241.60445359409016	241.60445359409016	249.51612904596774	243.91304347826087	91.82228814854363	221.49376277210195	196.71428571428572
10.073311891598479	28.24036935081861	13.395546405909869	13.39554648697947	13.39554648373911	13.395546483739139	13.395546522653802	87.22253790724415	52.334529472376886	96.99355887931694	98.45576818571041	110.54894113775234	75.22955034141748	150.09505676318918	150.0950565530742	139.03703095147625	150.09505667955003	150.0950566254129	150.09505638350913	146.76385415253495	240.5564490329477	240.55644905935443	240.55644905731108	240.55644905558907	240.55644910768078	224.4	243.91304347826087	70.48780487804876	178.4293315236146	160.08139734408817
28.24036914114933	28.24036940028509	28.24036947036771	13.395546522653802	13.395546485105427	13.395546485105427	13.395546586507919	67.54140810304312	72.20563109811403	72.20563109821893	92.44834133188238	95.52424903477004	150.09505646602236	103.14292878420966	103.14292875685635	111.69499122472362	111.69499118995552	146.76385415910468	138.74658353625034	166.7091860420035	185.45454545454544	243.8211728838412	240.55644905042305	244.94796364271497	215.33333333333334	244.375	190.39050012733372	184.79017458773922	243.21413210459127	100.6949264838023
51.314431046086014	28.24036923126951	28.240369368012608	4.960206750085064	13.395546483231357	35.560100402429356	67.84405009131711	67.54140814911904	72.20563106789726	90.96225501845129	87.43806789526002	72.20563111405426	72.2056310850036	72.20563112833082	87.22253794762327	107.16309769117248	107.16309772381018	123.58752267790709	138.74658343882376	166.70918600036526	243.82117267856182	240.6432672326254	240.64326739701858	240.64326723262542	240.64326710784334	201.875	186.0892707540482	16.910193975364194	203.51569586039776	243.94000662821944
51.31443127885325	51.314431259306275	28.24036939066832	35.5601003371458	35.560100359521755	35.56010042905544	35.560100612874606	82.8715059679148	85.81553828350314	93.91133475155155	87.43806789526002	89.4823149682853	72.20563103300225	72.2056310946871	103.77132687699236	103.77132689433375	103.77132688564774	123.58752264648649	103.77132690295844	174.77970997591177	240.6432672326254	240.64326722791156	240.64326735114193	240.64326730062686	240.64326710784334	201.875	186.08927066430186	22.597060281991105	74.41315241173243	221.29466968959895
51.31443127223068	51.314431259496956	51.31443124676326	48.26781203322804	35.56010033806797	35.56010051320152	35.56010057154191	67.84405007299995	81.35350163699209	82.8715059679148	82.87150593270553	82.87150592906545	82.87150591333577	82.87150591333577	82.87150594600709	87.43806789526002	103.77132689197455	103.77132691452837	103.77132689551337	174.77970998240977	240.64326723262536	240.64326722791162	240.64326722555472	240.64326730062683	240.64326710784334	186.08927062205782	186.08927064011823	30.967375606968915	1.8975654673354825	90.94072969685797
41.412324077903634	51.31443127885325	51.31443125525237	43.42232135424791	48.26781180431158	48.267811874670144	33.14474856360641	78.48255711361233	78.22644270415452	78.7918096889907	82.87150592906542	82.87150592906542	82.87150592534789	82.87150592906545	82.87150593270553	82.8715058661468	93.91133475155155	82.87150601048174	103.77132690295846	188.6036554604653	240.64326710784334	240.6432673970186	217.60498564181194	202.94834296920132	190.23297040861996	248.49357115228244	102.0	153.0	13.209503942806748	55.0304548109591
0.0	34.63877335274745	51.314431259496956	43.422321298903825	43.42232129220122	48.26781186617356	48.26781189710451	68.27739720446695	75.59951719995411	177.66534273738193	177.66534245827245	177.66534243237234	82.8715058971454	82.87150593953686	82.87150591115889	82.87150592587426	82.87150593953686	82.87150601048174	82.87150599440807	108.09544210995892	108.09544217349196	158.152046203132	108.09544204838599	166.66540881011696	162.59502893793962	50.82530311259168	101.99999999999997	153.0	78.94334411841487	249.3061437834513
127.71778744946934	56.57143124999999	29.694845948164215	51.31443122021224	43.42232128884996	43.42232133881464	48.26781189348836	48.26781185407657	48.267811884079265	42.82717502999998	177.6653423670469	177.66534233904082	64.49960855660336	86.65810659517933	82.87150592906539	82.87150591115889	82.87150591333577	82.87150594600709	108.0954420523968	108.09544204838599	108.0954420483859	108.09544211347645	158.04613340298386	158.046133375	158.04613334761132	148.98466615174988	50.82530311259168	159.45997229200168	104.67322146730606	2.059348041392269
77.96092223893342	56.57143117793993	56.57143116500001	56.5714311225	29.6948457904752	43.42232133109803	43.42232127879609	15.91971661748724	15.919716671242611	123.35059680699308	123.35059672780642	123.35059676493663	177.6653423264866	64.49960860653417	84.85022036719991	84.85022033915624	86.65810660488015	108.09544204838599	108.09544205239683	108.09544204838599	108.09544193727262	127.50000000000001	158.04613341750002	158.04613336606883	148.98466612221125	148.98466612819985	140.10294706507483	250.76766497667103	9.288983347827212	245.39807657636175
12.010979194401443	41.412324077903634	56.571431122567446	56.57143117793993	56.57143124999999	56.0002225049345	43.11848132159855	43.118481329643686	43.42232103605028	150.42072641829498	150.42072644811526	150.42072644811526	123.35059680902606	123.35059687632716	69.12511848919488	76.89946405259062	108.0954421099589	108.09544204838599	108.09544202361573	127.49999999999997	127.50000014965886	158.04613329	158.04613325013224	148.98466612449994	208.8341378524864	208.83413790399402	16.58696474180286	19.4236131826637	195.1465653300503	181.04153353505734
57.45780659893231	77.96092223893342	40.93761768960351	56.57143120250862	49.42537825615531	34.10744218581266	54.031829007589124	55.565927792914096	57.47784929317484	33.6467796184767	33.64677967128662	150.4207263904722	150.42072635922617	150.42072644972853	123.35059666643835	127.49999987000794	127.49999992517056	127.50000000000003	127.5	127.49999999999997	158.04613329	209.34168090192964	209.3416809939929	208.8341378524864	208.83413790399402	91.26468906267763	126.21471064764927	113.83814349535672	114.77444432356046	138.13595138643788
191.2042888799338	0.05441929874743323	52.09699956848846	33.14474856360641	26.81615525181647	255.0	255.0	255.0	255.0	33.64677952598734	33.6467796184767	33.64677967128662	33.64677969905557	33.646779715799994	33.64677973934511	168.30427575841946	168.304275694101	168.3042757031761	209.34168086947673	209.3416809085195	209.341680855898	209.34168091556654	209.34168092966064	209.34168092966064	155.65596279056598	98.64746572261731	17.41591579730914	15.5639372242822	149.41500858091086	0.7340692772403941
18.192749028805736	41.38271878294776	255.0	0.0	17.22864807885489	109.68893894813843	255.0	255.0	255.0	255.0	255.0	255.0	127.70863952822012	168.3042757031761	168.30427566194172	168.30427569608884	216.00415856789616	216.00415861296128	216.00415859420826	216.00415858483174	216.00415852827595	113.0564491011919	113.05644905731108	113.05644905042308	114.8177353377092	98.6474658649355	98.647465852066	0.6369268234768413	11.57727620187228	211.06959393996615
9.98585445047533	10.02747181977523	12.142007308605741	18.71208565770246	26.002673984656695	20.548416842969345	30.21168574591951	20.548416842969345	96.27562641868838	255.0	255.0	255.0	255.0	168.30427561442102	168.30427564063837	216.00415850904653	216.0041586029517	216.0041585780598	225.3574451956237	113.05644907255783	113.0564490461511	113.05644894924035	183.00383548753203	224.90522689180452	98.64746534815697	98.64746583970657	98.64746584883258	151.69266872861846	4.633426460704413	255.0
1.092063108093356	9.98585445047533	9.825261666844511	11.986351032721416	30.25829258347335	31.180783135928834	62.503553802904236	50.852469013865004	255.0	42.768578068619036	50.852469013865004	114.8177353377092	255.0	255.0	140.10294706507483	126.63088505921715	126.63088522939313	113.05644896954945	113.05644903294774	201.790923502316	198.4513022689375	181.58924467149492	206.81919818064597	41.79759923511821	191.9817856261043	98.64746587678488	98.64746570876358	95.07357154014849	237.23860898133105	0.0
