254.66791099502268	252.89256198222222	254.91614187133382	252.02260947700654	242.5461861929121	242.21605797776442	231.2337123080405	244.0953947368421	214.2	244.8	254.77987750530377	232.23214285714286	205.0149481793536	236.86666666666667	217.68138723791793	243.666666661	245.555555548	237.5840581199506	245.555555548	230.95714285714286	244.69696970727273	248.3516384395181	245.9395776469966	245.9395776469966	203.4926567350705	253.29212923176254	222.1039955337724	254.69567972524038	254.91616690215096	254.9671416291619
254.53294571915762	254.7862639067169	244.27472172551873	231.81818182333333	246.25374626648352	231.23371388552798	244.69696970727273	234.26755802042922	222.86052683939408	254.35853145722623	194.79992003446	179.44444452	199.5288299206041	156.4772726383652	173.86363626485021	206.9298446264219	170.46448087431693	188.90383944414273	235.90051457975986	242.47806244078598	166.2123816359633	227.4745346249373	208.04110425902363	251.78943024612676	234.67598186597561	240.97671331817688	254.47884614991847	252.73310204081633	254.6956797253693	254.96011921291299
254.42068757392954	254.4962962968	247.10005078892067	238.68	224.93448351310875	234.2675580568687	204.0527247626762	204.0527237336445	220.15020550831431	227.109375	230.9360137345995	166.51819004787194	252.90571065591104	177.0265422691415	251.40857291602555	184.90599958906924	238.15871667556306	238.7034002458009	228.48219080684876	246.94866007173312	219.30411683000068	249.5744680851064	223.98648648439098	248.625	231.11419143688067	239.50465998816696	252.13231601905682	253.5492680977202	254.6295722436709	254.99246869232672
251.09549485182453	254.65020576166665	205.50063994642045	112.55014612398296	159.98501059430595	239.24710424710423	205.255681890625	220.15020545199928	218.80655207012694	48.44999999999999	246.13899613899613	137.1197762933043	191.25	241.71798561151078	137.1197762933043	178.1146071566643	199.6518386108013	174.80940517966138	219.7863531288745	214.18389538947187	215.089818023618	236.18739695716607	247.52737168227372	241.26122448979592	248.625	250.56683103565805	253.8468449136923	252.13231601929309	254.25978842149104	253.6260291858679
65.4735267724767	179.27797335727635	166.66068848853973	87.65702481186065	241.82546509129185	218.07692307692307	196.0346672989523	230.76923076923077	199.94318194996254	186.04610895740916	202.50097376747445	225.0	191.25	124.70570016742764	141.66666678	133.57142857142856	231.27018738236615	207.01002227171492	207.01002227171492	200.74234896098594	228.48219079986634	228.4821908000716	230.76923077032717	218.07692306705533	178.5	239.73469387755102	251.8303131163708	252.13231601828844	254.75702746667497	232.05
255.0	193.18543316349462	191.47887472796967	247.15780760419187	159.91430068637712	201.62836123879907	101.47470229499999	199.9431818454468	187.62437012959788	156.46233973412853	67.83247949998062	191.25	222.54545454545453	153.0	204.0	187.0	243.6261494748423	231.27018734532402	231.27018734532402	117.62040901646907	226.9736185460102	201.30296126451114	205.13333333333333	232.60135135135135	163.2	163.2	226.37755102040816	254.88393263541192	245.2482962962963	253.06343144716283
81.3007728683805	31.36700436045564	174.69768234948793	28.555715745928325	101.47470222504387	101.47470222504387	189.56134465136623	187.62436993766954	153.23574689967683	166.79189971875002	157.13203535753348	235.17645398222598	238.36382464618572	238.36382464618572	141.76410614210798	167.42520230458973	91.29463477960971	172.32927139849602	172.32927144637222	189.02653521160943	204.64422634346963	231.27018738236615	236.3522011914095	236.3522011907852	143.75838923762444	217.24860334535964	242.5333333356	253.49112426035504	246.58481737884938	253.0634314472193
187.3249522199639	114.05694064180963	172.4904653735042	101.4747021675	101.47470221	101.4747022250439	101.47470226911383	174.10085687461526	151.6239721813073	153.23574712390314	164.95577479194338	162.74301048972842	129.03397027600852	238.3638246461857	126.16736775207659	205.92522714916936	201.24127976949995	229.11279994890526	176.69975367602314	204.64422631228456	219.08278882431011	235.3846153846154	201.22241224671865	168.76303735680287	223.8813559216547	223.8813559322034	211.65934066089127	247.7589480914427	246.5848173780458	221.952
248.82948764007293	202.53734648940704	17.43780797974071	196.15384615384616	196.15384615384616	136.95064263965966	174.10085687461526	174.1008566920314	174.1008567185933	101.47470254999996	144.98132053992484	162.74301039066674	231.61766751538218	129.0339702760085	101.52569380051398	129.03397027600855	201.0070826445198	171.87323152551514	102.00000002280788	115.33074784962139	195.81057733630553	216.78674351585016	210.3488372093023	201.2224122948593	231.2654409635353	218.875	197.625	228.31991951710262	243.67173936631946	247.4971153846154
24.370211063214043	166.58540390774544	131.71806253049533	176.53846153846155	166.0982574665381	117.17854150809637	174.10085668183177	174.10085667875052	174.1008566920314	174.10085646741882	144.98132058184413	231.6176672654898	231.6176675917986	231.61766758421322	101.52569383243878	83.96478239803434	83.96478239803434	170.37704361340667	180.6541836687417	180.65418368489182	198.61737856290836	213.6047291631729	213.604729164964	185.02687188	165.85953589599802	234.29780234493046	222.89281997918835	223.01432291666666	243.60712967003457	254.390518518516
120.76904078167092	126.9765827181815	250.80526294845205	117.17854127917988	117.17854122918652	117.1785412470974	117.17854124411568	174.10085571791421	174.10085658544	174.10085646741882	56.100000005609985	231.61766616968356	231.61766717511227	231.61766733947988	231.61766761740049	217.99976238417062	217.99976238417062	122.61265123013303	142.2347571207095	180.65418363977128	180.6541836692245	138.8168538756463	139.39917808277937	139.39917794970987	135.63376341467108	165.85953580240601	237.762	224.14933837429112	243.67173936631946	253.7852448099045
24.370211063214043	235.293142088907	176.53846153846155	64.07209893818438	134.92552669983712	117.17854125605282	119.33587736576669	119.335877485619	117.17854122658358	117.17854138233633	56.100000005609985	223.27634933180576	174.07805924659715	174.07805925829496	116.19694053714082	116.19694029198502	116.19694053714011	116.19694198735934	116.19694119018908	159.81909791660664	170.61559600575652	170.61559605288457	170.61559605926885	170.61559603539945	170.6155959435569	207.70909090909092	223.01432291666666	233.51159159159158	233.29301075268816	253.5492680977202
248.82948764007293	89.85526494981661	169.76514915475138	71.99616450855797	117.37301416943384	117.37301417873147	134.92552639809696	134.92552647917762	134.92552649867702	134.925526548967	134.9255265408837	84.99999991499999	84.99999999999997	147.1225207104065	119.0044434755807	119.004443464416	141.42960607431715	116.1969396621634	116.19694057897934	116.19694014244473	170.615595880636	170.61559598433172	170.61559601178845	170.61559598433172	170.61559602385233	210.35118306351183	205.96153846153845	166.68486629970533	69.10499999999999	166.557591382525
251.0099249076629	147.6310923283741	84.3844039761477	84.3844039761477	117.37301422795639	117.37301418356094	117.37301418356094	117.37301421219004	134.92552647917762	134.92552649974633	183.6	123.31856626171214	140.9605332114484	58.25193832821043	58.251938407155876	147.12252072431818	215.14750512344887	103.03223583209245	174.85725275358908	171.26865671641792	177.20338982391553	170.61559569712347	170.61559597074012	170.61559598804826	170.61559602385233	164.6875	91.21951219512198	244.0133669038902	207.95324914565157	255.0
255.0	139.03703093488934	84.3844039761477	84.38440401195174	84.38440405644309	84.38440430287656	117.37301421219004	117.37301409477007	67.6087499440043	59.264070933906396	106.21244056025168	93.72383928884992	115.60822900020096	196.74806159284412	196.74806167178957	115.96296906071592	118.65932280312634	93.92622636133837	171.26865670363668	110.11363615618546	110.11363636363635	137.62698590522993	137.62698578780996	170.6155959435569	170.61559618999036	164.51612903225805	166.30434782608694	171.52735252989567	166.557591382525	255.0
255.0	139.03703092269996	84.38440405644312	84.38440398821152	84.38440402925985	84.38440394711546	84.38440401566828	122.70567698935054	155.82039121390932	99.23848868215674	99.56910383514989	100.92473774807468	80.75230947631263	77.57738843274947	77.57738851858281	115.96296904852375	77.57738836749633	77.57738847577065	77.57738814149263	135.99555653558397	137.62698578780996	137.62698578780996	137.62698581643906	137.6269857720436	137.62698583056618	188.7	166.30434782608694	91.21951219512195	74.55015093557105	87.77813724261034
139.03703095246834	139.03703093928408	139.03703095147625	84.38440401566828	84.38440394073118	84.38440399424348	84.38440411936398	95.25375067591662	83.12322120289431	83.12322121297447	91.5597875823203	96.12931267363032	77.57738787761369	115.91082193904617	115.91082202550021	168.04014901345735	168.04014902862997	135.99555652441933	142.74091078864356	89.97522665754965	166.9090909090909	95.28352993514739	137.62698582126853	96.48472538694736	158.66666666666666	164.6875	190.9279010618156	0.17762853574680548	44.098405249817375	250.8132853336855
115.96296904753169	139.03703089392366	139.03703092609982	119.60592595868448	84.38440396460055	124.78392679576555	88.2593252781501	95.25375068798951	83.12322120863152	96.12931267363032	89.19958809491979	83.12322115551689	83.1232212092533	83.12322123235754	122.70567699440014	138.454665632307	138.4546656780738	84.50217508510204	142.740910652036	89.97522655831233	95.28352973629433	80.89914353258118	80.89914341455997	80.89914353258118	80.89914428208581	148.75	255.0	16.104931452438734	0.7100192013209892	98.57694873568684
115.96296906071595	115.96296906511068	139.03703093229205	124.78392663860538	124.78392670995038	124.7839267626295	124.78392671428267	94.32396536411372	85.82854701678005	74.51128293182353	89.19958809491979	88.20431658293188	83.12322115551689	83.12322119134117	111.08723180973271	111.08723181061478	111.08723180337478	84.50217504519352	111.08723187822625	110.0186794181559	80.89914328140677	80.89914330796856	80.89914332124948	80.89914331816826	80.89914312538474	148.75	255.0	130.1658450869019	172.21917354517336	50.806252099826764
115.9629691060764	115.96296901402161	115.96296904852375	36.55815588547094	124.78392666704275	124.7839267327752	124.7839268656372	88.25932520997074	81.28148830433287	94.32396536411372	94.3239653508688	94.32396537133513	94.3239653534317	94.3239653534317	94.32396538392928	88.20431658293188	111.0872317963063	111.08723181776907	111.08723181776907	110.01867946007516	80.89914328140677	80.89914330796856	80.89914332124948	80.89914331816823	80.89914312538474	255.0	255.0	43.74381309374323	1.5970848549698644	246.80002624632925
249.3061437834513	115.96296906071595	115.96296906770797	47.878840789663855	36.5581561143874	36.55815625268963	93.2054267540469	77.94378697934675	75.68236478043761	78.34459163502581	94.32396537133513	94.32396537133513	94.32396534539924	94.32396537133513	94.3239653508688	94.32396529972144	74.51128293182353	94.32396540384846	111.08723179065896	114.15208345679147	80.89914312538474	80.89914341456003	103.10073378623875	103.2446459328743	125.5566275517086	69.12116644818241	25.5	255.0	63.1366426653465	254.97270912274342
250.80526294845205	60.66363235609373	115.96296901402161	47.878840787043856	47.87884077965339	36.558156103447885	36.55815609797804	69.3437265433634	76.20057171272086	200.7112840398313	200.71128374087695	200.71128360234536	94.32396531113403	94.32396533762389	94.32396531113403	94.32396536411372	94.32396533762392	94.32396540384846	94.3239653355283	111.98172627136361	111.98172603742839	138.13336626790152	111.98172607192404	124.9750023690203	107.31516963788692	67.287264505401	25.5	255.0	207.2423374058337	24.414367301296124
160.36885391609667	11.668160204999992	29.41386560232931	115.96296907390018	47.87884077595817	47.87884077264664	36.55815606810825	36.55815606335727	36.55815606098176	46.793371845000024	200.71128368402753	200.7112836523886	87.8555161467041	97.30423592231122	94.3239653713351	94.32396531113406	94.32396535343173	94.3239653355283	111.9817260154893	111.98172598513682	111.98172598513676	111.98172600683361	90.91956748805376	90.919567535	90.91956748805376	68.37331731472389	67.287264505401	9.056689370979996	169.274839155699	247.96198711675743
135.17638416095025	11.668160130836014	11.668160120000039	11.668160077500005	29.413865596329373	47.87884076413806	47.87884076487245	93.45202618067407	93.45202620221917	59.97348115315327	59.97348124249183	59.97348129749682	200.71128373749977	87.85551607161531	64.92656889654691	64.92656893830306	97.3042359304973	111.98172594174318	111.98172591557184	111.98172594174324	111.98172580349319	107.46163782979264	90.91956749250002	90.91956748805373	68.37331730116784	68.37331725897644	167.58900253029617	6.344969746635286	237.78997649551775	226.99289229496185
24.425322360858303	249.3061437834513	11.668160075463504	11.668160093920989	11.668159949999989	56.22591535107759	23.729812617633883	23.72981265467598	47.87884101051014	175.5421233457845	175.54212335168003	175.54212335168003	59.97348137364409	59.973481246752385	69.41066636272342	76.47660510839768	111.98172567185867	111.98172581156234	111.98172588755213	107.4616379304706	107.46163800297245	90.91956762000001	90.91956752753958	68.37331729111577	70.33655127673913	70.33655130925678	6.2759917347307805	16.04370701780485	65.57883363333016	223.94393893159824
18.220983647898834	160.36885391609667	80.76320022006578	11.668160135903463	49.94008579898244	60.55942225906597	53.179889355577075	52.89016399707873	13.085759023430995	45.63114290930517	45.631142946132314	175.54212329403705	175.54212327685073	175.54212332610268	59.97348110630165	107.4616378004786	107.46163791638253	107.46163794524583	107.46163797380132	107.46163799546667	90.91956762000001	68.37331730116784	68.37331731472389	70.33655127673913	70.33655130925678	165.75165402282317	255.0	45.77184274382549	62.549917588788844	248.86143449572702
240.09402555247277	0.8804181518525525	36.85321394152996	8.669522087027872	20.060841885110875	53.86797077431615	53.86797077431612	53.86797079647636	53.867970840796886	45.631142967774565	45.63114290930517	45.63114306707547	45.63114307834877	45.63114310590478	45.63114302362956	74.24266589985388	74.24266586582931	74.24266584613613	68.37331727405561	68.37331730718543	68.37331729438978	68.37331729111577	68.37331725897644	68.37331725897644	204.3177098185135	255.0	253.15788589719068	57.48914993072401	107.38258155503323	225.3610380699794
4.683484298823203	14.672194182075373	64.2375798748107	8.190895078656808	6.562921269940745	10.064162751886442	53.86797072353781	53.8679707855095	53.86797080165053	53.86797080846998	53.86797079483105	53.86797081180606	118.77098614508174	74.24266584613613	74.24266584881701	74.24266585220539	58.289607004216094	58.28960689512215	58.289606876369135	58.289606866992614	58.289606804356225	65.03824694884969	65.0382469714975	65.0382470633175	220.97746225803277	255.0	255.0	17.784576309749497	246.90988393589691	110.21292534936174
10.112958874823875	9.997962349934028	11.905945832519308	18.962938508112416	23.91451685241472	64.2375798748107	30.489489334363697	30.374465792951497	46.96371222022785	53.86797082317182	53.86797080165053	53.867970796476385	53.867970840796886	74.24266575585537	74.2426658461361	58.28960688226206	58.28960685432119	58.28960688084666	37.138088565628834	65.03824693517035	65.03824693517026	65.03824695537554	52.10880364579657	1.0810466101290217	255.0	255.0	255.0	59.40640901258601	159.27538684967158	255.0
1.0784982200090667	9.75808415863159	10.368925630984876	11.905945832519308	24.17189464953023	20.153980423092747	53.890490921192196	27.01249382867556	30.374465792951497	27.01249382867556	20.548416842969345	54.61283193544992	53.867970769368554	53.867970840796886	39.3350700344275	127.27941135329091	127.27941123542449	65.03824701679312	65.03824693517035	54.46795322794003	51.32336241276914	13.845069906970423	0.7436748669015003	4.617312577472205	20.283443501017388	255.0	255.0	52.95696813835798	0.06888134912162514	255.0
