254.51985657707266	252.89256198222222	251.7049647836922	242.75407877604167	225.05487470674598	221.63560869891828	204.01320628009586	208.02631578947367	48.44999999999999	253.86666666666667	247.93310525906634	133.57142857142856	84.02004245869523	250.46666666666667	237.54585913314585	239.888888887	234.22222222599999	195.31386616343562	234.22222222599999	182.87142857142857	231.8181818181818	252.90663890509288	252.08792577306642	252.08792577306642	242.85721712965298	254.68879876143842	250.9923472028952	251.98333094198796	253.89605511513648	254.45363688592673
254.96461412310512	249.2291254823201	252.18548222863197	231.81818182333333	233.5164835164835	204.01320810733569	231.8181818181818	203.55078329381053	197.77173656688777	244.9832622815541	242.98051772237937	49.203739454999976	226.93544952044806	214.43181791509556	197.04545428861053	229.25146346950962	170.46448087431693	169.38745243846262	197.409948542024	231.53167872645	226.67765169079325	226.9743525665488	233.8100075128798	239.53778067710107	235.2489184359876	240.90176358896645	250.24622126186117	234.59791836734695	251.9833309419805	254.99649880607177
254.4887012652315	254.10452674873332	243.99187404621193	69.10499999999999	255.0	203.5507832560595	169.06398384813454	169.06398350993294	180.2576674994341	175.3125	236.34976953604826	36.130039403557106	231.8876375975414	62.16795548513156	226.9539560382519	213.14327785768097	195.78628331595306	205.37894305612454	197.35457313886363	223.80406929142606	219.87270527219056	240.53191489361703	200.2956081216416	249.333333339	231.49393714651012	240.87489852883763	241.7619890876016	241.94274675681527	253.99315109574752	254.95221061689912
35.233274368474355	253.30699588533332	232.0556224250264	55.30321331152513	242.5798406327221	216.82952182952184	169.03409081249998	180.25766732286434	182.13960237476243	48.44999999999999	154.8024948024948	179.16273971656915	84.99999999999997	183.7677286742035	179.16273971656915	178.1146071566643	236.10410685662174	203.74889514593184	242.97804126057196	214.7912216344302	255.0	249.72614592616964	240.80602100545175	248.89387754885203	249.333333339	238.40589542421654	245.05157337400138	241.7619890867763	254.85378536722655	254.67689432123655
65.4735267724767	239.08391166306717	180.5382952053743	7.376539125523777	146.0045671494229	185.76923076923077	154.56116272960065	120.0	151.4721076226748	155.72277126663982	144.91159337202959	158.0769230769231	85.00000000000003	23.99873263009772	33.959571960000005	133.57142857142856	233.66002414651743	227.83407572383072	227.83407572383072	200.46311386698181	197.35457309977906	197.3545731161625	212.01923075963714	234.44055943939185	197.625	244.8231292517007	251.49377845974834	241.76198908392533	254.1655918826767	242.090625
41.17676736963509	52.165216668411745	250.65195334942564	113.90826022901899	158.987688873326	91.7822438890548	11.668160204999992	151.47210741020075	135.69603965075424	120.12803109778042	192.273432247169	127.49999999999997	148.36363636363637	25.5	238.0	221.0	201.30768582848174	233.66002402350273	233.66002402350273	189.26388822421126	195.02365910054843	255.0	188.51111111111112	243.1306306287162	213.272727282	213.272727282	255.0	251.866181156122	237.6636378600823	254.2000003303062
73.48680440396228	41.428159064638606	235.01363710172237	6.2759917347307805	11.668160093920989	11.668160130836014	135.84383013439867	135.6960395619135	116.4840844536144	126.53651788125	59.264070933906396	174.3528037710265	183.96617190196753	183.96617190196753	173.00187556735915	164.6767737273094	151.12130289504938	163.04526093012555	163.04526094207682	187.4328151837976	225.5905934487892	233.66002414651743	218.57843375505314	218.57843374908717	219.0604026905939	227.04259776219214	242.5333333356	241.42011834319527	250.79590892814514	254.20000033044107
0.7106393018440258	16.713032964362696	46.44603233025933	11.668160077500005	11.668160120000039	11.668160075463504	11.668160135903463	119.57980068326194	114.67677633422662	116.48408419695457	100.05556928287305	148.61639044167748	161.15711252653927	183.96617190196756	34.97930511741876	182.2103487028524	192.9247767852395	184.78783269552548	119.37999514161086	225.59059337820648	202.22923740332828	196.15384615384616	220.83175079893525	255.0	236.63135593462079	236.63135593220338	236.3186813204126	248.89998490500977	250.7959089272567	248.1719008224
78.83827681885765	139.7071349354792	16.876223952742635	78.46153846153842	78.46153846153848	98.3411810372379	119.57980010491144	119.57980057287074	119.57980070105845	11.668159949999989	104.56158353918627	148.61639038826485	164.25504967927054	161.15711252653927	83.12309454033431	161.15711252653927	150.80079278729048	171.26411820260557	151.84742098965268	134.04287944641496	215.54038490444646	168.28530259365994	195.0	220.8317507843054	233.82935938529369	236.40625	229.5	243.9973172390342	251.93101671006946	252.3182091346154
0.5312912707309749	184.34043477275756	226.42810079906306	137.30769230769232	100.59372776061997	36.55815588547094	119.57980049047845	119.57980050877688	119.57980057287074	119.57980070105845	104.56158358436215	164.25505020654919	164.2550491424642	164.25504942128833	83.12309445074652	148.69898148994758	148.69898148994758	170.5258749126131	140.02383777308242	140.0238378156913	198.61737856290836	188.28861311420428	188.28861311685216	213.03258481875	214.61447170668612	220.65598760591396	236.5730142198231	241.60807291666666	250.04650919887717	254.390518518516
17.26673796803351	33.66756847529419	247.67136083028888	36.5581561143874	36.55815606810825	36.55815606335727	36.558156103447885	119.57980010491141	119.57980039408667	119.5798001987095	51.00000005609999	164.25504882622687	164.25504955915017	164.25504951911006	164.25504991201456	171.87648475029334	171.87648475029334	155.0260748340013	124.78991333480107	140.0238377406701	140.02383775579378	189.45910323119062	193.68090434316355	193.6809044109647	158.17622434055858	214.61447171740366	237.762	231.37996219281663	248.67296006944446	240.95843289339484
76.85137704244332	172.2189045477249	137.30769230769232	28.600731874725625	73.33433497254356	36.55815606098176	86.04338195480645	86.04338168077345	36.55815609797804	36.55815625268963	51.00000005609999	150.46261389183178	130.08527787244424	130.08527788731965	148.79384761459966	148.79384816418525	148.79384809800564	148.79384906481818	148.7938496164554	159.5462729468644	197.68632715097746	197.68632716446282	197.6863272044898	197.68632717683317	197.68632714600008	207.70909090909092	233.30729166666666	233.51159159159158	233.29301075268816	241.94274675681527
11.564564116281815	8.190895078656808	57.70016904383286	6.562921269940745	80.13923079500566	80.13923081740714	73.33433436906324	73.33433458545571	73.33433457022335	73.3343346708034	73.33433454776932	17.586206834999984	84.99999999999997	175.01134577251347	88.10029892953176	88.10029899807066	139.8504815653263	148.79384690454089	148.79384853168983	148.79384803770455	197.68632701449525	197.6863271736942	197.68632716079662	197.6863271736942	197.686327180435	190.98007471980077	205.96153846153845	245.34863590674888	69.10499999999999	166.557591382525
29.144823741910187	108.33134455917761	57.31367281956503	57.31367281956503	80.13923078874382	80.13923071838562	80.13923071838562	80.1392307304989	73.33433458545571	73.3343345728936	102.0	161.8871652522563	189.1592832044682	115.36398855263403	115.36398877223067	175.01134577888433	140.39958281773838	134.23655720735474	238.8047733495918	140.82089552238807	181.52542374419707	197.6863268995666	197.68632716446282	197.68632713895005	197.68632718043497	196.5625	129.22764227642278	65.8117567380474	87.65702481186065	224.1627906976744
247.84466381200207	39.25226473762433	57.313672819565	57.31367286104995	57.31367285399995	57.31367310043339	80.13923077010898	80.1392307600805	11.889205092437038	59.264070933906396	106.51439531419297	13.085759023430995	117.73792144048338	139.6360112277693	139.636011447366	147.65126796328087	119.35513415338312	123.47131027948828	140.8208955309089	166.65465616099166	166.6546562556818	174.86076923991953	174.8607692695011	197.68632714600005	197.6863268995666	186.45161288951613	177.39130434782606	0.72595633847709	166.557591382525	196.71428571428572
247.84466381200207	39.25226466749447	57.31367285399995	57.31367283920338	57.31367283553715	57.313672835537176	57.313672826305776	73.76074799989885	77.30725391540136	99.39687501589302	99.57113646978297	102.74142215087713	18.672862653869288	106.00546201878285	106.00546194797784	147.65126796641	106.00546203890383	106.00546209304105	106.0054620115236	166.89970100192932	174.860769229891	174.86076925629774	174.86076928161438	174.86076921125618	174.86076920499437	188.7	177.39130434782606	129.22764227642273	126.79730458680291	244.3000004414015
39.252264797433156	39.25226460687247	39.25226478431094	57.313672826305805	57.3136727955102	57.313672849022566	57.31367298550475	51.65206821165569	44.45158465253894	44.45158466298028	92.27022052224171	92.90404883512934	106.00546189487412	132.60227117348262	132.60227116607842	125.23173988962154	125.23173987565545	166.89970107046827	112.29139805968998	130.81031678846063	143.72727272727275	151.36828870918464	174.86076918259286	154.8254916697719	158.66666666666666	180.625	226.39926812527438	63.429872026930695	58.559477603197024	251.05314983228735
79.55480077005168	39.25226467723496	39.25226470771992	64.28647559672439	57.313672823166826	54.431305929031595	50.743293038500326	51.652068222549104	44.45158463800678	127.05367825871421	91.20133690567161	44.45158466208079	44.45158466914529	44.45158463187062	73.7607480616717	113.92786266705735	113.92786270190769	148.79149030575675	112.29139800988003	130.81031676611707	151.3682885362101	135.42019929894158	135.4201996059133	135.42019980129047	135.42019989508861	148.75	145.77907817165195	16.104931452438734	190.6083107736065	243.94000662821944
79.55480067913831	79.55480064883383	39.252264706433294	54.431305929990884	54.431305929031595	54.431305919446345	54.43130589835724	62.17950314276351	85.95563431955239	74.51128293182353	91.20133690567161	96.12488546591402	44.45158466208079	44.45158463977313	141.92691572538857	141.9269157398761	141.9269157464547	148.79149030598987	141.92691578858694	150.43841641563785	135.42019955011602	135.42019942712926	135.42019949122312	135.42019950952152	135.42019931673806	148.75	145.77907808376273	25.028511311474347	178.89258936716885	201.42729657638873
79.55480050350016	79.55480067359403	79.55480071713092	36.55815588547094	54.431305929031595	54.43130603027768	54.431306131485	50.743293041456354	81.3177871800637	62.17950305868243	62.17950310584854	62.17950305704977	62.17950309364852	62.17950309364852	62.17950313024741	91.20133690567161	141.9269157159572	141.9269157328206	141.92691575183557	150.43841646081373	135.4201992989416	135.4201994271293	135.4201993656359	135.42019950952152	135.42019989508856	145.77907805172396	145.77907803167864	221.5667388540012	254.99870088448256	225.91828513396524
249.3061437834513	79.55480067913831	79.55480064592066	8.438142569672777	36.5581561143874	36.55815625268963	82.194350033393	78.33294371277498	79.01532695011679	77.97919519277843	62.17950305704977	62.17950305704977	62.1795030950795	62.17950305704977	62.17950310584854	62.17950320344502	74.51128293182353	62.17950316942725	141.92691570101962	118.120429003309	135.42019931673806	135.42019931673806	122.78865891617309	117.284260165956	125.5566275517086	132.10296021902664	25.5	153.0	190.90456470804997	203.36851382265928
202.56498188835525	0.0	79.55480067359403	8.438142500200286	8.438142498897776	36.558156103447885	36.55815609797804	69.63658493285357	75.8417949338799	112.44778961691935	112.44778981945694	112.44778978096627	62.179502995103746	62.1795030689336	62.179503079184826	62.17950310072294	62.17950311097417	62.17950316942725	62.17950313024741	83.72408563207216	83.72408568128094	115.0273049704216	83.72408566660349	124.9750023690203	107.31516963788692	99.87204708925	25.5	153.0	83.04083146605075	205.89625858704557
24.414367301296124	11.668160204999992	12.22293331808089	79.55480058822485	8.438142498246549	8.438142476041037	36.55815606810825	36.55815606335727	36.55815606098176	8.950173345000024	112.44778952703516	112.44778954950615	85.47078280345224	95.0664456720111	62.179503057049715	62.179503079184826	62.17950309364858	62.17950313024738	83.724085664878	83.72408566660346	83.72408566660343	83.72408566660346	90.91956748805376	90.919567535	90.91956748805376	97.0481672523953	99.87204708925	58.96224658405259	0.0	127.97417171318367
84.91559138168168	11.668160130836014	11.668160120000039	11.668160077500005	12.222933346111148	8.438142429225167	8.438142496292812	122.97679769354315	122.9767977367778	83.63999077661691	83.63999080692557	83.63999085525569	112.44778951595666	85.47078269717929	53.480961584025835	53.48096158875836	95.06644566245453	83.72408566660343	83.72408566487803	83.72408566660349	83.72408573048983	86.10354840552006	90.91956749250002	90.91956748805373	97.04816728371185	97.04816727922895	167.58900253029617	76.3721592804257	160.51987493425264	247.00363409669842
1.204423046055723	249.3061437834513	11.668160075463504	11.668160093920989	11.668159949999989	56.05093422853358	21.339975853482542	21.33997597649727	8.438142560675459	89.73505949327472	89.73505952113041	89.73505960759493	83.63999092304368	83.639991000246	69.83914390848793	77.38154458439786	83.72408563207213	83.72408566660343	83.72408568128094	86.10354839712352	86.10354830445215	90.91956762000001	90.91956752753958	97.0481672625161	79.23017742061734	79.23017743405833	170.74463091007814	17.15343468375997	191.37651722053147	20.244008056442
24.636680712652918	84.91559138168168	31.358278673978475	11.668160135903463	52.98706667477441	47.85236083778392	53.179889355577075	54.872622258365965	13.085759023430995	71.26165470232627	71.26165511458572	89.73505952113041	89.73505945803657	89.73505959502657	83.63999068291375	86.1035481371394	86.10354835498609	86.10354833814145	86.10354839712346	86.10354839712352	90.91956762000001	81.16257405239091	81.16257411904058	79.23017742061734	79.23017743405833	91.26468906267763	126.21471064764927	114.29993840219663	191.4835153789522	13.371191044076085
114.05705226897379	22.433709506350823	0.30824083082973175	42.755875334818796	0.0	72.18864867853418	72.18864867853415	72.18864868741568	72.18864870517871	71.26165490649791	71.26165498080806	71.26165499364262	71.26165504769409	71.2616550807873	71.26165508113712	77.81722429158017	77.81722421022897	77.81722420891643	81.1625740707652	81.16257406673321	81.16257401906608	81.16257404078627	81.16257405476344	81.1625739888924	110.95474892207613	98.64746572261731	6.149428042971465	110.61924454525348	126.39001354393397	254.31508152333797
73.09588379895365	179.29656303049512	64.2375798748107	8.190895078656808	6.562921269940745	13.970001421288998	72.18864874726438	72.18864869409194	72.18864869409197	72.1886486709488	72.18864871723514	72.18864868962132	223.54664616829692	77.81722420891643	77.81722416955336	77.81722419443196	73.90892042016418	73.90892044562116	73.90892046437426	73.90892044562116	73.90892036571506	65.03824694884969	65.0382469714975	65.0382470633175	220.97746225803277	98.6474658649355	98.647465852066	237.7891823857973	10.816168491925907	234.4736838672404
10.097345073404398	11.211166085833923	12.716078713186306	22.198303829214524	26.43685482879343	64.2375798748107	30.03914180488823	64.2375798748107	56.758671672870065	72.18864870485262	72.18864869409197	72.18864871219299	72.18864870517871	77.8172241475817	77.81722420891643	73.90892042931512	73.90892047648339	73.9089204395606	78.74225895392897	65.03824693517035	65.03824693517026	65.03824695537554	130.04808610065737	57.682052275129564	98.64746534815697	98.64746583970657	98.64746584883258	246.90585152153747	46.371916442662695	255.0
1.0915229968373978	10.018480402102824	11.274674017620953	12.444244699773833	171.05316341874016	18.962938508112416	195.67485769245565	255.0	64.2375798748107	45.684891360443885	255.0	220.97746225803277	72.18864869409194	72.18864870517871	167.58900253029617	180.8390338329234	180.83903379504778	65.03824701679312	65.03824693517035	90.83369069991727	86.4613470888496	35.891583134868824	12.639528099410654	8.254419758477638	255.0	98.64746587678488	98.64746570876358	193.88980228770055	47.007739749868534	0.0
