254.69845088657806	253.60082304666668	254.99044109732648	147.43131060387867	243.7122736150616	111.74128605769232	101.90739296606739	187.8015350877193	244.8	226.66666666666666	254.97046368529652	250.44642857142858	247.79681131670256	199.46666666666667	241.2400074573335	216.75	208.25	246.65808847610853	208.25	245.1642857142857	243.4090909090909	206.72878707884084	249.04043481062433	249.04043481062433	188.06244268277396	254.0889220968475	217.84212445318326	254.85958797765997	254.50266573750923	253.81179054582876
254.9212788310756	254.9853668658892	250.7099907766698	236.11111112999998	214.0567765412088	101.90739579367286	243.4090909090909	79.69595941081647	105.16891075912903	254.86322296918632	186.72859441668368	243.788927295	208.3467577714148	208.63636351782026	197.04545428861053	233.7303746442051	247.6844262295082	238.82970444382957	247.27272727272728	240.87015440547	160.365491012519	227.9616165195568	227.5240554094666	252.70851451272753	234.7921254827238	241.01147746148308	254.54735198987098	254.6206224489796	254.85958797762123	254.8654023435898
254.70745784190433	249.2625	230.78212291534223	252.96	255.0	79.69595928438764	74.09324004182295	74.0932409541303	61.60581882899578	152.734375	203.82994870938342	241.68110773302539	254.55505940675033	234.4979633384058	254.05713675920921	219.4152929462155	218.89626580937767	224.91396968455552	234.64381600646863	247.68995088309845	219.51995277107937	215.04835589941973	246.9594594876324	140.25	231.82789218526702	239.11015232747943	253.28823822415814	254.75728155339806	254.76779786841612	254.13986002590937
35.233274368474355	246.42916666666667	229.62439512960856	153.96532198361004	131.46504778696058	200.3950103950104	66.40625	61.605818748007124	70.46290416710212	214.2	154.8024948024948	192.25027186577597	233.75	171.8065775950668	192.25027186577597	185.59779065834482	159.74392518102366	210.42026658456095	194.39611183172184	214.62380486106102	215.57067878838075	218.41953855023175	217.116821834534	234.39183673469387	140.25	243.92629914349044	251.25606942800894	253.28823822431355	253.33452394835484	254.97763412414554
191.98465888020255	125.92226738066381	68.58461716989987	112.53676750881988	21.01937587704151	166.15384615384613	50.85233994333825	120.0	44.43181816667092	75.4331461229651	79.4336775403973	145.3846153846154	233.75	217.34852904642935	223.23529413	232.23214285714286	73.71153075166018	216.09688195991092	216.09688195991092	199.85818025622734	234.64381600160576	234.6438160014319	217.30769230555168	231.2937062895342	232.333333356	233.14285714285714	252.01761279585799	253.28823822371388	249.2653347142204	252.9851851872
9.04009785575306	254.957540255486	46.22819222374258	208.74749646265963	227.574239456147	238.04121990269442	178.23735127499998	44.43181814344527	36.63593717664443	46.35261018870284	211.75485750667156	106.25	136.3090909090909	204.0	170.0	136.0	251.46883457372275	73.71153080453988	73.71153080453988	112.18530269167985	207.18238696651724	209.10215291902688	236.86666666666667	180.9121621621622	236.454545436	236.454545436	245.6326530612245	254.0714610832954	253.7105185185185	254.86656246365524
7.0181090718321	253.93463318384866	122.59544375566702	141.78920337296245	178.23735113097945	178.23735116789447	34.08485383181795	36.63593680153352	43.895656580568186	42.704402474999995	214.46176166652586	248.6370341744404	249.7186744908526	249.7186744908526	180.98030654272918	192.9066251861516	132.73059444428117	174.7367043900531	174.7367044129482	188.13730542177504	164.75976784548004	73.71153075166018	238.05984941496678	238.05984941440533	236.17449660466872	242.17877094989973	239.7	248.96449704142012	254.11319770441634	254.86656246368887
147.46216764791996	173.27541117945012	30.092460072882915	178.23735102	178.23735110500002	178.23735111252194	178.23735113455692	29.58408864211148	42.70034162598367	43.89565676478111	81.25765782058014	113.06837617992755	169.63906581740977	249.7186744908526	194.68623947527936	145.81552308719893	156.23892466642175	231.04806237395124	204.9189941892724	164.75976782629772	162.87728863422552	215.76923076923077	245.1331900170929	181.28846924833988	250.19774011616872	250.19774010915253	245.65934066020628	254.84479912762953	254.11319770506213	253.651239669
3.5778956986067385	4.506609618220438	192.26115649999207	78.46153846153842	78.46153846153848	32.10244633175353	29.58408806376093	29.584088322529198	29.584088396540636	178.23735101999995	149.31828679801822	113.0683761872049	247.41211056186629	169.63906581740974	185.41074666407232	169.6390658174098	176.94005267331917	171.42947456113149	186.23161403111493	178.97368871000114	182.50805814971505	208.70317002881845	218.72093023255815	245.13318997033338	253.16862970580786	251.458333336875	204.0	225.75452716297787	254.99769422743054	254.6821581195673
93.8774764059099	19.778410848346596	242.50306895860084	117.69230769230771	18.950932760217967	186.08927052513167	29.584088256544447	29.584088285523535	29.584088322529226	29.58408839654058	149.31828682719703	247.41210987439894	247.41210891991983	247.41210941695638	185.41074671461337	90.69064585189275	90.69064585189275	164.5656070575427	191.20763021803407	191.20763024311702	192.53801154466993	216.3843702834144	216.38437028629787	245.1378407025	249.60282344432147	243.84268309010577	254.52826916480228	254.88932291666666	254.9797105016406	254.082
252.8569201612647	80.34630251501014	22.27312754484248	186.0892707540482	186.08927066430186	186.08927064011823	186.08927062205782	29.58408806376093	29.58408806376093	29.58408789419167	229.49999997195	247.41210870386746	247.41210933660616	247.41210920597655	247.4121094277261	214.1371151556504	214.1371151556504	163.7274785821885	187.0000000048771	191.20763019865086	191.20763018405017	242.5077612758333	244.76451051064367	244.76451054763055	3.627924917788704	249.6028234567863	248.472	253.91540642722117	254.937744140625	254.71453455024445
19.599104886602817	107.73944701876991	117.69230769230768	227.08698296182015	57.89956527410712	186.0892706280264	29.830786906255952	29.830786899543597	186.08927055606267	186.08927069116817	229.49999997195	244.00319350566534	167.68835617484345	167.68835616704285	157.69005538619737	157.69005614469086	157.69005635300954	157.69005828663506	157.69005784352282	159.19745062457406	236.81660836123183	236.81660842155068	236.81660836123183	236.8166083994506	236.8166084156932	242.73939393939395	254.00390625	251.7266066066066	251.49097542242703	254.75728155339806
14.40149779679706	194.2674012294443	57.70016904383286	155.65596279056598	22.790232482108962	22.790232411747382	57.89956527410712	57.89956531029941	57.8995653746872	57.899565424977226	57.8995655426331	165.00000011999998	191.25	158.3469435895179	183.89081406024474	183.8908140730973	142.13518989889076	157.69005614469086	157.6900559043459	157.6900565597088	236.81660826183878	236.81660830126273	236.81660839436285	236.81660842447945	236.81660846062488	226.546699875467	240.6971153846154	97.50699656523267	238.68	221.49376277210195
200.7170543841243	90.53745299102215	18.183391539375123	18.183391539375123	22.79023249480167	22.790232522486406	22.790232522486406	22.79023251463886	57.89956531029941	57.89956534406261	91.79999999999998	80.80183696608975	107.77568139329088	63.59182251427825	63.59182254300666	158.34694360777053	239.92565130409375	143.04440854827317	95.04494877888163	175.07462686567163	233.38983052825338	236.81660841569317	236.81660833940623	236.816608357416	236.81660846062485	249.6875	143.0487804878049	254.99053561949614	254.196262297727	224.1627906976744
22.288712711422306	39.25226473762433	18.183391539375123	18.183391642584013	18.183391584306833	18.183391584306833	22.790232475028773	22.790232577855903	150.2511818871568	157.13203535753348	106.32638212881503	140.9605331234972	116.29881281815486	191.40817745699331	191.40817748572175	140.19813658749513	119.51963665492733	131.96179690010922	175.0746268716362	236.8892044108584	236.88920454545453	232.20976742214407	232.20976748536114	236.81660841569317	236.81660841569317	244.03225805080646	238.3695652173913	225.76086985896828	221.49376277210195	196.71428571428572
22.288712711422306	39.25226466749447	18.183391584306833	18.183391605637183	18.183391660593742	18.183391578449317	18.183391698737267	95.97198830816305	68.77725920590521	99.60569157311406	99.31436946971468	110.24300348338824	144.39902807082842	114.57675279323877	114.5767527319172	140.1981365087248	114.5767526997823	114.57675264564514	114.5767526833205	71.10918592690268	232.20976752497123	232.2097674985645	232.2097674775136	232.20976750519833	232.20976751789107	214.2	238.3695652173913	143.04878048780483	153.21763052366597	178.78565301614896
39.252264797433156	39.25226460687247	39.25226478431094	18.183391575520545	18.18339163876817	18.18339163876817	18.18339173816122	121.0467538059425	114.58600421078947	114.58600421580263	90.67064690777934	96.85658353809325	114.57675254485724	101.1344241680703	101.13442414104989	80.90031786262614	80.90031789574297	71.10918593975529	146.79623058832888	162.20276931063387	190.0909090909091	231.61006438662477	232.20976758825262	233.726089067646	215.33333333333334	239.0625	27.913017038179873	104.22098180517452	246.32290586903326	206.50434656386102
64.64853741862933	39.25226467723496	39.25226470771992	10.86457659419537	18.183391600549413	47.82869095136445	118.78192236553014	121.04675380558572	114.58600421869826	90.48581641427057	86.17444576780304	114.58600421054192	114.58600422875259	114.58600423808116	95.97198833027028	75.55978907698199	75.55978909726053	127.6583497615597	146.79623062245807	162.20276928190086	231.61006415927483	225.41591160345942	225.415911936239	225.41591210580833	225.41591193623907	201.875	186.0892707540482	16.910193975364194	246.49971691062913	243.94000662821944
64.64853778186273	64.64853780580447	39.252264706433294	47.82869081583456	47.82869090845685	47.828690905367495	47.8286910844333	105.16324275024905	88.29424160226813	93.91133475155155	86.17444576780304	88.50219187467002	114.58600421054192	114.58600422268233	95.66738985190477	95.66738985232251	95.66738984642942	127.65834975660826	95.66739001061325	105.68171317280297	225.41591160345942	225.41591167747077	225.41591171447652	225.41591174345552	225.41591193623904	201.875	186.08927066430186	18.026674897226087	0.2666178213493424	201.42729657638873
64.64853783384575	64.64853775452465	64.64853780176057	117.17854150809637	47.82869088700306	47.828690798498	47.82869073244524	118.7819223440138	81.66664536513332	105.16324266616795	105.16324269585712	105.16324268935392	105.16324271779408	105.16324271779408	105.16324269783331	86.17444576780304	95.66738983648088	95.6673898602433	95.6673898602433	105.68171320198178	225.41591160345942	225.4159116774708	225.41591171447652	225.41591174345552	225.41591193623904	186.08927062205782	186.08927064011823	143.950442323498	194.23583787683552	45.21369721314565
41.412324077903634	64.64853778186273	64.64853777026994	122.97877987995278	117.17854127917988	117.17854138233633	40.612258251571006	79.73847125536994	77.24040210044706	79.53607224980661	105.163242592552	105.163242592552	105.16324269217458	105.16324278615588	105.16324271687739	105.16324270631264	93.91133475155155	105.16324276628302	95.66738983547862	180.76663002937306	225.41591135788852	225.41591164706378	202.11546362791552	191.25000002057521	190.23297040861996	237.35962896242987	153.0	153.0	237.34210235540414	192.86081934275586
2.5419014334901533	9.870999779467041	64.64853775452465	122.97877988597452	122.97877982763052	117.17854124411568	117.17854122658358	69.25363686328788	76.06833017412478	234.54918678870763	234.54918672704744	234.54918673404768	105.16324267281638	105.1632426835057	105.16324270084343	105.16324270820854	105.16324272554627	105.16324276628302	105.16324274623429	115.98760627221253	115.98760649026042	163.41259226914252	115.9876064549633	153.0	162.59502893793962	112.6639537920829	153.0	153.0	170.2656270766758	224.41615954287295
102.33335621475788	101.47470229499999	182.24347166309806	64.64853785368791	122.97877985750043	122.97877983624343	117.17854122918652	117.1785412470974	117.17854125605282	103.50742586999999	234.54918669541954	234.54918665844664	113.52943170871097	98.65500585417152	105.16324268935386	105.16324270084343	105.1632427177941	105.16324269783328	115.98760641757781	115.9876064549633	115.98760645496324	115.9876064549633	158.04613340298386	158.046133375	158.04613334761132	255.0	112.6639537920829	254.9087171687155	248.0137152471143	85.8739559247714
55.57213740917237	101.47470222504387	101.47470221	101.4747021675	182.24347153596355	122.9787798143887	122.97877971094258	42.66681070933197	42.666810765117816	91.03316180689006	91.03316179103689	91.033161801322	234.54918670604664	113.52943173114832	105.1737304740098	105.17373051044743	98.65500584554044	115.98760645496327	115.98760641757781	115.9876064549633	115.9876064085559	133.0324113907027	158.04613341750002	158.04613336606883	255.0	255.0	39.3350700344275	244.23144334369533	225.74415856161698	247.62078043777592
9.365772875377758	41.412324077903634	101.4747022250439	101.47470222504387	101.47470254999996	56.57843042612254	181.28846924833982	181.28846919546012	122.97877947692677	219.84197059571824	219.84197076789584	219.84197068143132	91.03316169981949	91.03316161641777	69.34652862236777	78.02915457221701	115.98760627221247	115.98760645496327	115.98760634038419	133.03241137119716	133.03241123454993	158.04613329	158.04613325013224	255.0	181.8288396681171	181.82883971334007	0.7971802613694763	1.9119219227821986	105.49185475906702	173.733571594453
130.86860507742637	55.57213740917237	39.507078433977796	101.47470226911383	49.38473465989486	45.57848135606994	54.031829007589124	55.25168168144006	93.72383928884992	82.1158512631533	82.11585157715228	219.84197059496674	219.84197053442233	219.8419706147018	91.03316166633536	133.03241111121304	133.03241131262632	133.03241128660088	133.03241132786647	133.03241130620114	158.04613329	182.63327639228152	182.63327647904939	181.8288396681171	181.82883971334007	91.26468906267763	126.21471064764927	244.49131600723132	172.335724984464	195.70962175815447
1.5717167045312124	2.7798727401858514	39.70950017697638	34.45519416436085	7.641790887951288	60.62968458424481	60.62968458424481	60.62968459368793	60.62968461257407	82.11585137421253	82.11585154163515	82.1158514562091	82.11585151174265	82.11585153820585	82.11585149679641	154.34938108199185	154.34938101504656	154.34938101147208	182.633276522093	182.63327639885762	182.63327634889754	182.6332763816479	182.6332764130995	182.6332764130995	155.65596279056598	98.64746572261731	138.07153675174675	110.61924454525348	18.858271204771228	76.80940189008783
0.15304819051047502	4.163984534790671	30.374465792951497	89.85526494981661	71.99616450855797	100.19958743348005	60.62968449925705	60.629684569771285	60.62968458591223	60.629684593587655	60.62968457823675	60.629684659205	34.192399842667015	154.34938104274096	154.34938098157392	154.34938101366697	177.0083171357923	177.00831716966348	177.00831716966348	177.00831716966348	177.00831718609328	113.0564491011919	113.05644905731108	113.05644905042308	54.61283193544992	98.6474658649355	98.647465852066	246.86154541460377	135.746889938359	255.0
10.012044006870383	9.946183344415857	12.086180596478897	19.182525853055324	26.0310236233951	30.374465792951497	32.91853008468425	34.24016530082338	56.758671672870065	60.62968456439094	60.62968458591223	60.6296845936879	60.62968461257407	154.3493807939949	154.34938091766546	177.00831713061123	177.0083171411327	177.00831715611957	196.88324441174152	113.05644907255783	113.0564490461511	113.05644894924035	157.14576639789462	140.59270130226656	98.64746534815697	98.64746583970657	98.64746584883258	253.46505802591258	231.90450935942874	255.0
1.0828648169139399	9.990957245601976	9.77491028923481	11.747120221942765	0.5360213423215043	10.062662140590362	4.298189398792118	64.2375798748107	34.24016530082338	45.684891360443885	64.2375798748107	14.214236831995947	60.62968458591223	60.62968461257407	8.19095797599445	11.90257965778514	11.902579707607373	113.05644896954945	113.05644903294774	185.36920926132325	181.3907564743003	148.65045232587636	161.13480652831566	34.21428038332499	255.0	98.64746587678488	98.64746570876358	25.377278055730017	72.3418226971375	0.0
