254.0237550685546	254.88014189037037	253.42169447088924	254.9164176357287	237.76807184585192	254.0412071514423	254.2472117166899	253.22916666666666	214.2	253.86666666666667	254.14391927828453	104.73214285714286	242.08466068832425	141.66666666666669	231.11763924762326	242.25	195.5	208.34326706975878	195.5	232.59642857142856	197.04545454545456	226.9992694360558	253.02797842881972	253.02797842881972	226.83411623115344	254.8265761285077	240.72033713948946	254.07320418422196	254.67855619997798	254.79977746435316
254.87813993466045	254.82706957542598	249.61595583143995	249.47154469333333	240.92066468406594	254.24721202278008	197.04545454545456	239.66239153941555	249.4071835505828	253.19505232215653	218.2015732010668	234.92711374499999	250.73650720517173	243.4090907707903	179.65909066212552	221.77059634179827	138.99590163934425	191.76950277333907	210.31303602058318	223.3057795408286	197.9501367678221	227.86004105276902	223.5152863911927	248.53980007257758	234.22953889537362	240.94240235728756	253.7027578173178	253.0316862244898	254.07320418434355	254.38812394424104
254.59978383247486	254.3625	253.9228777776055	238.68	0.0	239.66239159652633	250.99867706767066	250.99867503031757	228.26511272422118	248.359375	254.21439739981352	231.1701077369887	249.5206389905365	224.58366556516214	246.91299509351782	203.19340614183432	208.8471992017095	210.96784104875053	216.29586541204503	240.4685167498992	218.81207241469536	234.77756286266924	86.14864867169925	244.8	231.63446637558326	239.38071610498508	248.97338078745202	247.12682559243285	253.52308069798494	254.88357793299807
35.233274368474355	241.11666666666667	228.73161711203332	211.57683328843743	203.47575512293162	253.56103356103355	246.1890243125	228.26511256798582	226.68185229030232	214.2	47.78883278883279	42.46698772720211	63.75	204.1677286742035	42.46698772720211	217.45328111556546	137.03521606725195	193.37943626185006	179.94836067331278	215.20726800022297	215.7257962655527	212.3746528887192	235.75511519933278	220.86122448979592	244.8	246.1354116083338	247.13007976450828	248.97338078790918	250.4295843398584	213.35473914170507
250.16151662714248	243.5735247618905	252.11737978149065	232.3953201762409	201.2846217422665	249.23076923076923	244.46374960117458	33.46153846153845	211.32206240234865	243.88333876078605	1.4948518579525114	211.15384615384616	63.75000000000003	199.65188644026745	208.163265405	104.73214285714286	219.2184454837949	232.66146993318486	232.66146993318486	199.77723197709562	216.29586540087064	216.29586540182567	98.07692306094674	252.19780219628063	187.000000017	219.4387755102041	245.2144285557747	248.97338078579784	253.4887372694436	236.8666666644
0.03842343468537024	62.42874857409947	45.27523210873767	237.0800106485912	88.6505850393639	253.33776351303024	101.47470229499999	211.32206215858935	200.70242160244834	238.0325507500041	220.51423774999517	233.75	170.61818181818182	153.0	238.0	85.0	233.35793703188034	219.21844543684307	219.21844543684307	150.68051140706388	212.87883769985203	194.3263464665393	234.34814814814814	253.27702702702703	240.428571414	240.428571414	222.99489795918367	100.51433773327264	253.32745496113398	201.478739550466
254.0083575760301	226.99440590845737	251.31232249047937	126.91899350810232	101.47470222504387	101.47470222504387	202.73607617910613	200.70242183213995	237.33927538105627	232.52784131250002	43.382286616298956	218.77381493532357	224.19226786330685	224.19226786330688	161.25914339087572	120.43339394249114	42.85446521410532	144.9130739423866	144.9130739579884	189.03772651250856	176.93578088880872	219.2184454837949	150.57911631140627	150.57911631639718	186.54362408698933	110.40502789580441	202.725	72.42603550295857	166.17848332394368	201.4787395646644
216.84192951296785	186.55261935702754	8.400976599436888	101.4747021675	101.47470221	101.4747022250439	101.47470226911383	188.81821329777011	236.98949845282527	237.33927513903754	220.1770338946926	227.34928242618668	148.88535031847135	224.19226786330688	180.19123899619797	131.8232976762715	197.98026655650898	214.1742516030488	179.41620070559807	176.9357808768877	192.05632556419746	39.230769230769226	83.77707508534445	157.55865663070597	113.81355928569951	113.81355935084747	226.7778649894086	108.92618039824293	166.17848331546224	254.1673469394
13.85393319950623	174.6835019699426	62.64845486549643	19.61538461538464	19.615384615384613	233.7729409000929	188.8182132977701	188.81821316997573	188.81821319170538	101.47470254999996	130.33918876806496	227.34928237641066	212.82557312865725	148.88535031847135	104.60857553121238	148.8853503184714	157.66426337041756	171.44889359397553	194.04334089034717	123.31856624276497	161.69733254533213	46.29682997118155	213.48837209302326	83.77707514360995	79.11519678821568	120.41666663125	244.8	235.50301810865193	209.615478515625	179.08119657211537
245.9743988003711	160.4348982781694	249.9400910963933	235.3846153846154	184.58441338666853	26.08351197377587	188.81821310498657	188.81821315911094	188.8182131699757	188.81821294053094	130.3391887493237	212.82557315085737	212.82557326648862	212.82557304924333	104.60857556356999	108.48556643576913	108.48556643576913	170.39218653414463	162.85876355594843	162.8587635572536	139.54383948071805	116.31728995472076	116.31728996638705	83.0760992475	146.28136375790024	93.41887420385214	130.43357612122787	174.31640625	167.93744568682655	244.283625
97.09630596430782	124.37053978233934	95.47902404263107	26.08351197377587	26.083511995047928	26.083512024797272	26.08351204227617	188.81821329777011	188.81821300859482	188.81821294053094	80.14285723101426	212.82557274717334	212.82557284980226	212.82557303464142	212.82557310910278	203.02657761438357	203.02657761438357	142.54411385999896	182.4312586341108	162.85876350474217	162.8587635203432	121.06886293910037	120.2354664915928	120.23546654829545	133.58965726836374	146.2813637142679	115.362	80.98298676748584	128.47764756944446	246.4039308809032
212.07093591694107	100.18972898317841	235.3846153846154	59.71855113494797	201.8661993465279	26.083512039671888	221.99859344211137	221.99859314035677	26.083512076526347	26.083512183713026	80.14285723101426	201.10581369252242	80.37671222477218	80.37671227983597	136.14116064818046	136.1411611941686	136.14116161499203	136.1411635486175	136.14116175459162	159.66392263269944	55.58962615013158	55.58962619807238	55.58962620364386	55.5896261958668	55.58962613383525	84.38181818181818	95.18229166666666	114.51567567567565	114.40848214285711	247.12682559243285
100.54481613204374	28.743041690255836	13.619868011328208	71.99616450855797	207.15764752967993	207.15764757624703	201.86619904478775	201.8661990415468	201.86619904478775	201.86619904478775	201.86619906885218	145.714285605	63.75	182.90354082085855	23.947628767912732	23.947628768756687	141.29740225432374	136.14116119416917	136.14116153042244	136.14116103530662	55.58962618031268	55.58962610697418	55.5896261400712	55.58962623019093	55.58962611995045	68.0211706102117	83.671875	69.69986865518754	238.68	170.62254723189702
42.21024268679196	222.0369719422112	199.41037398707428	199.41037398707428	207.15764750215317	207.1576474774552	207.1576474774552	207.15764746532278	201.8661990415468	201.86619900696724	122.40000000000003	46.793371970183046	189.1592832044682	78.3207695304049	78.32076996555256	182.90354082249928	191.14223245920837	121.94075565851702	114.68187449728651	76.11940298507466	43.22033894349326	55.58962613383525	55.58962611592784	55.589626161797156	55.58962601292572	111.56249999999997	24.878048780487745	180.25637141599015	255.0	224.1627906976744
95.54583354172766	8.731528031414541	199.41037388004958	199.41037383820282	199.41037386616478	199.41037386616475	207.15764746532278	207.15764742805928	129.0647925905609	43.382286616298956	106.4695777771366	93.72383928884992	117.02643652720369	176.67923003444744	176.6792304695951	224.97702039177113	119.81184231720263	111.73837649394702	76.11940296036423	92.62735092464357	92.62735112215904	47.84235257194075	47.84235253467722	55.589626133835225	55.589626133835225	76.7741935620968	44.34782608695653	62.31825109459567	170.62254723189702	196.71428571428572
95.54583354172766	8.73152804552069	199.41037386616478	199.4103738599288	199.41037388407213	199.41037380192762	199.41037389302582	79.08839468407254	95.06925363172851	99.352329730451	99.71698805062942	111.16617875952366	129.32239813758468	94.45934063271358	94.45934036104191	224.9770203233022	94.45934035038994	94.45934040452715	94.45933998347937	231.05237123124334	47.84235253467722	47.84235253467725	47.842352522544786	47.84235249784683	47.842352470320066	66.30000000000001	44.34782608695653	24.87804878048783	12.773044689726078	68.19597631742752
8.731527656174563	8.731527937604568	8.731528106632453	199.41037376980907	199.41037379635614	199.41037384986845	199.41037381968732	60.39445034464552	85.60899068956087	85.60899068164042	92.77605513761335	88.38564748365704	94.45933987515068	81.09768930672146	81.09768929312881	110.61727915660592	110.61727920867182	231.0523712320873	56.222888083407355	111.05886372500845	41.72727272727275	79.07132556487497	47.84235242375294	79.54996185015824	51.00000000000003	53.125	195.28144886505203	251.32236107948097	128.43354525912756	248.93960903133132
203.68556895391401	8.731527857851972	8.731528219034516	138.78419782703077	199.4103738041332	68.74857795978747	59.3808009433958	60.39445037437662	85.6089906778694	82.81933418713828	70.85622893467885	85.60899065075432	85.60899066435977	85.60899066605185	79.08839475382712	102.10782074237358	102.10782076335681	80.18625446287163	56.222888223603064	111.05886368615589	79.07132535941997	66.18178705946906	66.18178699140512	66.18178705946906	66.18178670222991	47.8125	16.608043893600097	166.02726509882842	14.4993320376052	243.94000662821944
203.6855687211468	203.68556874069378	8.731528023705607	68.74857795498306	68.74857795978747	68.74857799106414	68.74857806322626	78.71787507043112	85.44299024181421	102.89366742805515	70.85622893467885	95.3692454012803	85.60899065075432	85.60899068684193	76.47187264137548	76.47187264740205	76.47187265159329	80.18625442492669	76.47187275959624	124.66081125067629	66.18178680829465	66.18178683002424	66.18178684088909	66.18178689501343	66.18178670222991	47.81250000000003	16.60804395952053	244.01961729904653	247.79525517228197	248.62582479382831
203.68556872776935	203.68556874050307	203.6855687532368	26.08351197377587	68.74857795978747	68.74857792508351	68.74857768692232	59.38080096050086	81.5057576926298	78.71787507043112	78.7178750979403	78.71787505984724	78.71787509330693	78.71787509330693	78.71787512676667	70.85622893467885	76.4718726169753	76.47187264360048	76.47187266261545	124.66081123193501	66.18178680829465	66.18178683002424	66.18178671530188	66.18178670222989	66.18178670222991	16.60804396493586	16.608043924223153	47.76889074263775	223.1618460666431	173.0092166311699
7.518509511807622	203.6855687211468	203.68556870256197	100.0521093628353	26.08351197377587	26.083512183713026	118.24082629531623	78.13308058933157	78.29798590508568	78.40997522511589	78.71787496304532	78.71787496304532	78.71787508989783	78.7178751566492	78.7178750979403	78.71787509688411	102.89366742805515	78.71787515606576	76.4718726720289	22.61279391876451	66.18178670222991	66.18178670222991	41.81561827815864	28.112087181234642	35.227635374542956	54.26265949235375	153.0	153.0	237.2884481740371	75.73403722650465
46.58380794625981	166.88213328978782	203.68556874050307	100.05210938679087	100.05210941070834	26.08351204227617	26.083512076526347	70.26156609955805	76.19114604516227	169.70123325967648	169.7012331698651	169.7012329721195	78.71787505434617	78.71787508340893	78.7178750963867	78.71787511247166	78.71787508340893	78.71787515606576	78.71787512676667	38.56813397945112	38.56813385224319	29.773877192028664	38.56813371835594	35.640705658338675	30.109598671752934	17.149318573440667	153.0	153.0	15.797691395157528	160.36885391609667
226.4556596088265	101.47470229499999	27.162251526861212	203.68556877978776	100.05210942266703	100.05210941790725	26.083511995047928	26.083512024797272	26.083512039671888	88.063313895	169.7012331254994	169.70123309874882	53.74299051614071	72.30469630433802	78.71787505984722	78.7178750963867	78.71787509330696	78.7178750783657	38.56813369481088	38.56813376174949	38.568133761749465	38.56813378344637	21.977467672679012	21.977467654999998	21.977467617306445	37.899829133800864	17.149318573440667	97.04978882576683	251.083552920203	96.14107908642177
4.044494591758593	101.47470222504387	101.47470221	101.4747021675	27.16225150381402	100.05210944544314	100.0521093404594	56.62451605237683	56.624516116879505	73.88089511417016	73.88089506199975	73.88089511308229	169.70123313464393	53.742990502874505	99.99948714522577	99.99948719622355	72.30469633121362	38.56813371835588	38.56813369481088	38.568133718355966	38.56813372503541	19.700280982126145	21.977467612499993	21.97746763576393	37.89982917684452	37.89982910755646	193.81768016709603	14.631023987616175	30.056043007018275	66.0288811858841
107.06629972657794	7.518509511807622	101.4747022250439	101.47470222504387	101.47470254999996	56.14976240781013	35.78155451620512	35.78155456315696	100.052109528051	142.33175028824365	142.33175016894324	142.3317502554077	73.8808950779721	73.8808952663299	69.55535813246024	73.86014879517549	38.568133379946175	38.56813371835588	38.56813370236702	19.70028109979299	19.700281258319848	21.97746774000001	21.97746757147854	37.89982914494368	12.72490170688215	12.724901684736068	54.99496992595215	206.84060090785	227.306004834508	0.0030711344302005728
237.14864799034524	4.044494591758593	1.7977109092745707	101.47470226911383	49.86821232098265	50.86577077588484	51.21265999203692	56.43869875357552	93.72383928884992	10.837974436970711	10.837974361307857	142.3317502265862	142.3317502323513	142.33175028649381	73.88089497361543	19.70028109979299	19.700281120222996	19.700281166255337	19.700281143123675	19.70028109979299	21.97746774000001	15.388450982225436	15.388451035834322	12.72490170688215	12.724901684736068	91.26468906267763	126.21471064764927	68.94644587374592	253.79404977682606	4.327283932753318
218.464690330643	31.68265101788421	59.89791874232611	100.43965284582285	129.19444777909052	78.48040977643424	78.48040977643424	78.48040978501007	78.4804098021618	10.837974205190676	10.837974436970711	10.837974361307857	10.837974433025437	10.837974477110748	10.837974431052828	11.614331700575775	11.61433165476248	11.614331659832118	15.388451178354956	15.388450983487331	15.388450955420979	15.388450984812323	15.388450987462448	15.388450921591414	48.745470667456146	98.64746572261731	218.41627574067485	125.19123819261998	43.20461353377064	240.75970214133287
25.822487402319638	10.728264113688738	50.852469013865004	28.743041690255836	71.99616450855797	167.54924446853363	78.48040969925165	78.48040977354938	78.48040977354938	78.48040978348465	78.48040976361412	78.48040980003319	50.167992010853965	11.614331659832118	11.614331631855833	11.614331639935614	20.1526998036737	20.15269979314712	20.15269981190019	20.15269979314712	20.152699694607662	15.7213238614452	15.721323889972751	15.72132395827387	54.61283193544992	98.6474658649355	98.647465852066	109.95518258282578	169.7597159962727	6.602773631655566
10.144909050639967	9.906210791464076	12.414085023766035	20.815280513424966	25.03680016186928	30.374465792951497	30.162010286118345	30.374465792951497	197.41229054437125	78.48040977354941	78.48040977354938	78.48040978501007	78.4804098021618	11.614331700575775	11.614331534756587	20.15269984496004	20.152699819030204	20.15269977755605	28.556758035322417	15.721323901955799	15.72132387554899	15.721323827619642	13.10051519620339	82.91372115739233	98.64746534815697	98.64746583970657	98.64746584883258	252.04641238738049	222.2736464902784	255.0
1.0704341317643298	10.122567313086364	10.131074461813853	12.079300857563425	1.717721788267255	255.0	9.330597207651039	32.57536585338528	50.852469013865004	39.19820460146647	32.57536585338528	54.61283193544992	78.48040977354938	78.48040980216174	193.81768016709603	132.6708556651185	132.67085575649293	15.721323947027855	15.721323862345685	4.343557380310614	4.037684342849303	1.0423937616559158	3.612764322670216	0.23128059870967377	0.0	98.64746587678488	98.64746570876358	113.36655914229814	163.24619245665713	0.0
