254.67268413841379	254.98770254	254.140470347506	254.80619397141416	232.4886820902906	253.1638510967548	253.40881354389023	253.22916666666666	252.45	250.46666666666667	229.00033219166974	104.73214285714286	254.63665529204948	117.86666666666667	228.069954918203	204.0	51.0	216.93538123012235	51.0	250.62857142857143	23.181818181818187	253.50733916747654	238.52585369399853	238.52585369399853	246.12012429263737	250.81268546330264	252.6526412705807	254.75577637940188	254.85547122472926	254.35242838045423
254.72894375098426	254.99871533527696	246.87561662837237	253.22916666666666	239.3543956043956	253.40881333941118	23.181818181818187	236.31595870262973	245.92446617442877	223.83617857234887	255.0	254.434125165	253.87617311702817	243.4090907707903	191.24999989133522	218.32586382370116	138.99590163934425	137.930081055595	220.15437392795883	245.62578652792203	234.21716083205575	228.3888631851798	214.9405122167315	234.0619567337658	234.71309387691267	240.98503527566902	246.9381697856224	254.9250612244898	254.75577637947393	254.43181225509778
254.5620334952826	244.8	253.2192737543338	254.745	231.79632520868742	236.31595877905218	247.7607127767677	247.7607122988923	223.17599680035323	248.359375	223.76474250781806	254.32751772183803	199.5585836776452	252.2140931367218	193.48563567764467	198.79547238597988	217.46009561468765	225.85415813191315	230.3991408689527	213.16173997856933	221.59680960256964	247.10831721470018	86.14864867169925	249.9	231.63808305059834	239.0688047580952	252.52369759252196	250.20400006661225	254.5784910881288	254.9967566874849
35.233274368474355	91.79999999999998	228.73161711203332	208.84964447730562	151.61353324008232	253.56103356103355	240.72265625	223.17599684110874	221.71705453709788	252.45	124.73566973566975	43.592339426578974	63.75	220.29064748201438	43.592339426578974	233.75000004006938	21.012020192235724	188.86311175823704	106.13199987368321	214.39980097612064	214.9951433848035	191.86432793004326	249.46015222200688	221.69387755102042	249.9	249.11947348072232	251.47974175078414	252.52369759273085	250.64981257809245	235.20861778993856
143.256163724585	163.96212501348265	240.8853480170375	124.24651032328526	186.0924204730769	249.23076923076923	237.93914000658762	93.46153846153848	204.1086650405489	237.36666483688396	65.1566532107966	218.07692307692307	63.75000000000003	249.8445458758153	250.661625585	104.73214285714286	235.6113312960353	190.25612472160356	190.25612472160356	208.25789786294808	230.3991408626297	230.39914086271702	121.15384614836407	250.96153845018273	238.000000017	224.46938775510205	250.15669515669515	252.5236975918633	254.86172240261294	253.8666666678
209.6425624037559	76.95740762094889	55.41429898724937	238.80461729763792	245.77560901748123	178.2178622735178	255.0	204.10866480056026	192.36759295106793	228.2146242008925	229.0349471498	233.75	190.4	229.5	221.0	67.99999999999997	161.91722910210416	235.6113313250323	235.6113313250323	202.04037061194163	221.82680613534373	102.53065245706242	250.97037037037038	253.27702702702703	250.750000017	250.750000017	217.53061224489795	170.3868912152936	254.93632190214907	226.6141801390221
232.1360629834181	47.06948232453104	196.1731037358594	230.94300310475228	255.0	255.0	194.36121555393467	192.36759243303834	227.1366754209328	221.1531430125	43.382286616298956	129.4597185054929	140.5712806351398	140.5712806351398	156.3553359891367	77.3038518442747	96.34288685136988	172.6912048216097	172.69120486013924	189.36968572873525	102.33396586943874	235.6113312960353	199.7711323039341	199.77113230408	201.94630864816335	142.45810052105506	91.79999999999998	132.78106508875737	197.42699133731202	226.6141801331589
35.78933822223024	218.10327757791373	224.47374009818316	255.0	255.0	255.0	255.0	179.38893493919912	226.59322431459364	227.13667492046216	220.1770338946926	215.1792945689161	143.8322717622081	140.5712806351398	233.52149665239398	26.9210662918766	140.96053311301793	169.60831027706274	221.61266279284828	102.33396587200698	225.20383706506908	78.46153846153845	111.97380635591065	10.135595233728935	145.50847454491813	145.50847454745764	229.46886446712065	186.87054178372688	197.42699131720477	254.9291666712
248.16568155909872	254.0083575760301	225.37890373774735	58.84615384615387	58.84615384615384	221.59941482941298	179.3889355175496	179.38893496086655	179.38893498569215	255.0	117.98612506048673	215.17929456821895	118.27100151637214	143.83227176220808	60.06186837469795	143.8322717622081	178.3830756339448	171.17239529290646	222.0796415036715	189.1592831213825	162.84219389540323	116.10951008645534	222.90697674418604	111.97380637430734	149.22005169801926	152.29166663125	252.45	240.12072434607646	236.55381944444446	208.91292734134615
143.39732333320867	68.75819466534864	71.71396935209157	235.3846153846154	172.7503754258919	26.08351197377587	179.38893493919912	179.38893494845377	179.38893496086655	179.38893498569212	117.98612510747662	118.27100073097839	118.27100029647482	118.27100058057823	60.06186832672637	171.3774316906881	171.3774316906881	170.50544803861283	183.79546497536737	183.79546498638365	51.000000021637504	165.70937447593494	165.70937447518622	110.54337184500002	159.2175524890406	172.61748560717632	184.21089143990633	210.72916666666669	217.7025126934309	150.552
176.58476514505807	29.98587428729445	14.598502146010901	26.08351197377587	26.083511995047928	26.083512024797272	26.08351204227617	179.38893436084857	179.38893493919912	179.38893498569212	46.75000009817498	118.27100077464198	118.27100029647482	118.27100044542411	118.27100041271297	149.24986281712575	149.24986281712575	137.44059364775134	222.9444925857151	183.79546492657056	183.79546492602393	132.69189225955063	132.77049042284656	132.77049040437623	117.29323895933788	159.21755250972603	156.978	153.6507561436673	198.76451280381946	249.26752025646857
126.43340348258178	56.58197665285195	235.3846153846154	9.519295129541064	201.8661993465279	26.083512039671888	206.00082531248887	206.0008252053975	26.083512076526347	26.083512183713026	46.75000009817498	106.85265383867932	5.170555744888446	5.170555774639325	131.00422084263238	131.00422042574195	131.00422084263207	131.00422084263175	131.004221174959	158.86871095071592	78.0964269490197	78.09642699069602	78.09642700253204	78.09642699160628	78.09642701585366	152.07272727272726	161.92057291666669	188.34162162162164	188.16532258064518	250.20400006661225
69.19778372068481	28.743041690255836	42.40528844360006	204.3177098185135	187.52401601497755	187.52401613789425	201.86619904478775	201.8661990415468	201.86619904478775	201.86619904478775	201.86619906885218	221.739130335	63.75	128.92336751017638	23.947628767912732	23.947628768756687	141.37679858038769	131.0042185362754	131.0042201194859	131.0042204900424	78.09642686272994	78.09642697811725	78.09642694210811	78.09642697811725	78.09642692828479	137.18555417185553	150.79326923076923	168.6836276142298	254.745	0.4288474705583951
14.951927469998566	222.0369719422112	176.90357307171521	176.90357307171521	187.52401597961705	187.52401598766176	187.52401598766176	187.52401595671992	201.8661990415468	201.86619900696724	142.79999999999998	36.6310462787533	161.8871652522563	139.08668988571912	139.08668969290193	128.92336746924087	98.78653513017915	117.01878628568178	35.78537291944741	117.98507462686564	90.76271187209852	78.09642652298672	78.09642690855154	78.09642691189615	78.09642692828479	148.75	25.569105691056905	249.67544905167094	52.77603103257783	224.1627906976744
14.608717150046715	28.240369389527643	176.90357307171521	176.90357308810388	176.90357298414636	176.9035734770133	187.52401595671992	187.52401600375117	215.58493066163177	43.382286616298956	106.15728404113179	174.36191973458108	117.40067981429533	115.91331030709807	115.91331011428088	215.22259966043086	117.8811821134912	107.07673120143926	117.98507463709066	103.94825905457486	103.94825925852268	67.47598399624886	67.47598404328008	78.09642701585364	78.09642701585364	120.6451612766129	94.2391304347826	189.69058260009533	0.4288474705583951	196.71428571428572
14.608717150046715	28.24036935081861	176.90357298414636	176.9035730578919	176.90357309144846	176.90357300930395	176.90357302188278	97.37154362456283	113.91063488374635	99.40093960832536	99.00547378938114	114.60756997973934	193.15372114582263	89.96672048211681	89.9667204876121	215.22259964143456	89.96672058800058	89.96672047972623	89.96672005295562	231.05237123124334	67.47598404328008	67.47598404328008	67.47598401233824	67.47598402038295	67.47598398502245	96.9	94.2391304347826	25.569105691056933	12.773044689726078	122.23595808028557
28.24036914114933	28.24036940028509	28.24036947036771	176.90357302188278	176.90357299746796	176.9035730509803	176.90357313727003	67.61247525597005	143.1311050880122	143.13110508256148	93.69588572751405	91.45015526013194	89.96672042119917	87.37660121971481	87.37660122493588	151.6866088939907	151.6866089343893	231.0523712320873	91.36802631945159	115.910939955705	92.72727272727269	89.51293376847394	67.47598386210578	90.45020092497649	101.99999999999997	100.9375	245.4807048704589	9.826898561457057	3.185680695634403	175.11592548825325
203.68556895391401	28.24036923126951	28.240369368012608	126.26029569443133	176.90357300839372	84.85992465208011	67.84405009131711	67.61247527378868	143.13110508029095	90.99103382795874	92.01912809687695	143.13110506542654	143.1311050881737	143.13110509573346	97.37154367771072	149.63572994175618	149.63572994527334	74.0959257246032	91.36802630456	115.91093988505378	89.51293376268774	75.61106501430788	75.61106506080088	75.61106501430788	75.61106563915143	95.625	36.5581561143874	254.7097509063939	37.792827285699644	243.94000662821944
203.6855687211468	203.68556874069378	28.24036939066832	84.85992469635244	84.85992465208011	84.85992467991318	84.85992464703469	97.4068523130938	85.81275525081853	88.91492119126411	92.01912809687695	83.88413443830174	143.13110506542654	143.1311050805913	77.41093294525467	77.41093294468746	77.41093294082413	74.0959257748722	77.4109331070978	137.0138748925234	75.61106501430788	75.61106503913345	75.61106505154623	75.61106506080091	75.61106506080094	95.625	36.55815606810825	234.73501440940072	72.72032550711737	221.29466968959895
203.68556872776935	203.68556874050307	203.6855687532368	26.08351197377587	84.85992465208011	84.859924737966	84.85992484479425	67.84405007299995	81.84720097044044	97.4068523130938	97.40685234214354	97.40685234275244	97.40685232426384	97.40685232426384	97.40685235417627	92.01912809687695	77.41093288900072	77.41093295351584	77.41093295351584	137.01387493951327	75.61106501430788	75.61106503913345	75.61106492595906	75.61106506080091	75.61106448245039	36.558156103447885	36.55815606335727	28.568221369136012	79.58890187848019	44.698660418609904
112.82603105762448	203.6855687211468	203.68556870256197	240.52265793152097	26.08351197377587	26.083512183713026	115.62478160679618	78.1445591833421	78.70449085717934	78.44757186910982	97.40685224595049	97.40685224595049	97.40685233718222	97.40685243955437	97.40685234214354	97.40685236560006	88.91492119126411	97.40685239410669	77.41093293196317	50.35272172816849	75.61106506080091	75.61106506080094	69.90412254408864	56.79319510416292	74.58624007612417	63.66567677300435	229.5	153.0	45.79168468991341	196.472132791292
210.87192608984435	166.88213328978782	203.68556874050307	240.5226579566499	240.52265795888465	26.08351204227617	26.083512076526347	69.08401738837708	76.58958043563246	73.22172350035771	73.22172318613707	73.22172316107344	97.40685231718467	97.40685232915271	97.40685234521169	97.4068523551343	97.40685237119331	97.40685239410669	97.40685240257724	65.94456770696976	65.94456744597616	69.70427134975048	65.94456749914855	54.2127991695707	63.75	17.63692101208227	229.5	153.0	3.935899720803519	109.68656380318882
224.41615954287295	255.0	3.927550218955048	203.68556877978776	240.522657960002	240.52265793666658	26.083511995047928	26.083512024797272	26.083512039671888	162.90482245500002	73.22172314456051	73.22172305262521	30.728036518315463	87.90199947485956	97.40685234275242	97.40685234521169	97.40685232426384	97.40685235417627	65.94456733313905	65.94456736896768	65.94456736896768	65.94456736896768	49.424106675131696	49.42410663000001	49.42410661975916	57.66802798806202	17.63692101208227	234.9294486267621	216.9762501594518	218.33071850962574
187.0810621177804	255.0	255.0	255.0	3.9275500755960593	240.52265793923934	240.52265796335396	131.58794135301991	131.58794133749905	70.14028910301974	70.14028916064723	70.14028917682487	73.22172305184182	30.72803662305151	165.0143705047258	165.01437052567644	87.90199950609008	65.94456736896765	65.94456733313905	65.94456736896771	65.94456718498265	48.70716777164759	49.42410662999998	49.424106638216614	57.66802792607052	57.66802792165012	193.81768016709603	254.8922124698821	22.33399899185082	158.94013742269226
238.8697666827594	112.82603105762448	255.0	255.0	255.0	55.999335166544626	19.388668703964697	19.388668674967704	240.52265794695768	57.148916609639684	57.14891665743755	57.1489168303666	70.1402890686544	70.1402892253578	69.66754689197356	76.08328905683811	65.94456710746476	65.94456723878679	65.94456729609993	48.70716766336088	48.70716771447536	49.42410662999998	49.42410658585115	57.668027933675944	30.727118881624307	30.72711880374837	255.0	117.23798119047049	254.58642772702723	99.16243299969776
244.5582677847978	187.0810621177804	2.8530464607342196	255.0	49.91088243664635	53.273374844219745	53.5097087605547	54.37861222209136	174.36191973458108	11.15334119109329	11.153341298207977	57.148916772723595	57.14891673740209	57.14891684163962	70.14028900931658	48.707167403376786	48.7071675934026	48.70716763376021	48.70716762003019	48.70716759836486	49.42410662999998	33.192753538756875	33.19275349477999	30.727118881624307	30.72711880374837	91.26468906267763	126.21471064764927	141.62720485398387	201.07185960454012	240.66263992517324
38.925594226427705	29.3550130269318	44.380569967154685	96.00614652392849	129.19444777909052	44.21769183453134	44.21769183453134	44.21769183238314	44.21769182808666	11.153341061611599	11.15334119109329	11.153341298207977	11.153341279860513	11.153341353389692	11.153341324244082	27.513561548247566	27.513561553426513	27.5135615768732	33.19275362671067	33.192753564043755	33.19275356074533	33.19275354494485	33.19275350674701	33.19275350674701	6.562921269940745	98.64746572261731	164.37912837725685	15.5639372242822	245.6553633546499	254.2152636903125
2.683829299821383	29.530492770107173	50.852469013865004	28.743041690255836	204.3177098185135	63.801563723277525	44.21769185386535	44.217691819661525	44.217691835802526	44.21769180911832	44.217691862486674	44.21769188027611	4.712039223324865	27.51356154560429	27.513561556016015	27.51356154785347	36.04966547970352	36.04966531398762	36.049665313987646	36.04966531398762	36.0496652572476	35.35495538398135	35.35495537976621	35.354955396626735	3.5893330247928077	98.6474658649355	98.647465852066	23.36445561809535	12.367594086816467	6.602773631655566
10.141700946523997	10.169414354687888	12.45977753853677	19.33078732987579	24.542417820994473	35.642129522906544	30.6643407088265	35.642129522906544	96.27562641868838	44.21769178199929	44.217691835802526	44.217691857160446	44.21769190241858	27.51356140424909	27.51356154560432	36.049665249775046	36.049665312861606	36.04966529432363	33.9430796570891	35.35495541055863	35.35495538415185	35.354955342322	13.10051519620339	82.91372115739233	98.64746534815697	98.64746583970657	98.64746584883258	21.543055535576684	67.59373552660259	255.0
1.2270744644968943	10.116728996484397	10.433112141856299	11.931469352612112	0.0013657018692470047	20.057182133969405	0.08027908445416188	32.57536585338528	50.852469013865004	42.768578068619036	32.57536585338528	3.5893330247928077	44.2176918358025	44.21769182808666	193.81768016709603	224.76704845822752	224.76704839074412	35.35495537133596	35.35495537094852	7.850214430818909	7.304215182049887	1.9956782381705693	1.5444682275165178	0.4507500943130367	191.9817856261043	98.64746587678488	98.64746570876358	43.901911587320484	12.85908340530807	0.0
