253.93767808148786	253.77025462962962	254.74597027090965	192.75647703953052	242.10890341922624	155.6396484375	129.628126096134	162.5438596491228	232.05	199.46666666666667	250.77891886060715	242.85714285714286	234.4260299209701	226.66666666666666	238.7074630682416	214.2	221.0	229.71148997400968	221.0	228.77142857142857	241.0909090909091	233.54216041373581	254.1124358118602	254.1124358118602	240.77935421675895	254.94763330845342	249.84702061180244	254.06348259513933	254.24819264184202	254.83903201262814
254.94797113490395	254.72251241983074	251.54758718934656	237.29166666666666	227.67857142857144	129.62812535647788	241.0909090909091	134.893645917044	140.4786813105291	248.50331982082133	228.7639874344636	223.125	161.46886655191122	191.24999989133522	202.84090912054495	230.64272095988994	240.60109289617486	237.70533658261084	234.1509433962264	212.16536420224733	222.35774731899303	228.3826273627285	230.93749044490184	241.787102086294	234.21827464704023	240.94210169326183	251.3041320682959	252.30220408163265	254.06348259540994	254.58579113397477
251.91012568273274	248.472	230.78212291534223	248.115	226.21922258834715	134.8936459776906	96.8920704530907	96.89207125042421	109.56549579696198	127.5	254.2871992606865	217.21847516821984	238.68096557222995	213.1919436960543	234.34377908074262	215.06325962921403	207.8598772284461	205.7968045882835	216.15894040760904	227.95584601232468	218.8443359230363	199.75822050290134	245.52364866523808	195.5000000085	231.65613700614722	240.77061659379098	248.9313006818532	253.27349331379372	253.58256344134998	253.11494543729458
35.233274368474355	250.46666666666667	231.79632520868742	196.92761595005507	203.87519788046518	124.73566973566975	99.609375	109.56549580154964	117.89469442347698	191.25	179.87080487080488	143.7867881863532	212.5	144.0474820143885	143.7867881863532	187.80159978044315	189.73070362959643	205.77848749015044	213.47432148338766	215.19925788244348	215.08784027530584	218.78589999012166	205.66602995090594	225.02448979591836	195.5000000085	241.3400955042315	245.2153873296749	248.9313006823133	251.4763481882549	254.94947004608295
221.20364170359602	243.96385751093067	131.18890738547157	3.907383294708893	206.86962141656477	93.46153846153848	81.56805146871667	144.23076923076923	83.30965901252227	95.609232108671	89.21430838039925	121.15384615384616	212.5	180.02651824055465	191.25	218.57142857142858	126.96560730698769	240.0445434298441	240.04454342984408	200.24881173881835	216.15894039638752	216.158940397351	230.76923077032717	218.07692306705533	233.749999983	227.24489795918367	245.94674556213016	248.93130068018723	245.32392317840066	253.2291666678
242.00960320503512	140.7865364928221	92.95946026216859	236.47990451158003	70.28913121167679	178.68963121120774	133.33408022999998	83.3096591022695	70.62083368406934	62.11652017125118	143.54111570828252	84.99999999999997	110.34545454545454	178.5	136.0	170.0	211.79821034588747	126.96560731075232	126.96560731075232	182.60312227224244	201.1843989039175	221.1748658342837	214.7037037037037	189.52702702702703	229.5	229.5	238.3469387755102	254.0714610832954	248.63219021490627	254.7927951343238
17.707862942394627	47.56876073864913	80.01062366037738	28.555715745928325	133.33408004696048	133.33408012079056	68.03750051036644	70.62083361892962	59.14362137382713	66.75599896874999	183.35567747190316	187.93634566440227	196.55333103210216	196.55333103210216	175.390214039747	147.58415969068636	120.42266394677469	142.7381916685346	142.73819167696115	183.1293972168467	186.60295848380616	126.96560730698769	226.14888181209201	226.14888181216824	229.32885906470992	242.17877094989973	238.68	248.96449704142012	253.6753879207448	254.79279513427036
140.7865364928221	179.2046266342883	210.71389594967516	133.334079975	133.33408006000002	133.33408006541805	133.33408006795173	58.6780801557633	57.69057906191722	59.143621805375034	63.47815097158076	113.06837617992755	163.68365180467094	196.55333103210214	165.551917321458	161.8871652437	153.0000000263363	191.31769624531657	173.2180599866988	186.60295843191352	148.49585177500882	215.76923076923077	241.03779779486882	200.67713795230458	248.08474575172363	248.08474576271186	240.4285714303328	254.36429722489328	253.6753879215923	252.45
0.05434017181298145	27.299839793967834	46.224943939505465	98.07692307692307	98.07692307692307	44.74811053720441	58.678079577412745	58.678080049313905	58.67808019749762	133.33408022999998	143.4475482448783	113.0683761872049	178.76459380901778	163.6836518046709	182.2015926993045	163.68365180467094	151.30038795206622	171.67492256705117	174.3619196689565	181.3878407038249	167.57142858771994	198.4149855907781	189.4186046511628	241.03779774406965	250.3116920495053	248.625	212.4999999915	229.17505030352112	254.501953125	254.3625
48.61918173763499	30.117897901510077	183.6106229105255	58.84615384615387	41.24344713380768	145.77907817165195	58.67807996297975	58.67807997522206	58.678080049313905	58.67808019749759	143.4475482561913	178.76459372189197	178.7645932247924	178.76459325050814	182.20159268477752	139.88742725227178	139.88742725227178	169.1347095207603	162.67590984430166	162.67590986025294	190.48953573378628	198.42361227570015	198.42361227522576	238.11191967	242.06884937328667	234.29780234493046	252.05168227835588	251.015625	254.68297658907053	253.95552
101.07350755647096	183.5724868072499	81.31186602888627	145.77907817165195	145.77907808376273	145.77907803167864	145.77907805172396	58.678079577412745	58.678079866588035	58.67807969514868	196.350000019635	178.7645922729236	178.7645932247924	178.76459330784127	178.76459335871135	179.55991297749435	179.55991297749435	157.6115657146008	153.63158502151995	162.67590980672585	162.67590984111615	228.21284890154757	232.05062147348727	232.05062166268738	101.71449397967584	242.06884941084394	242.65800000000002	253.07183364839318	254.501953125	252.45662526034883
54.60468348521471	39.89454856053513	58.84615384615384	176.21431556679283	44.09269388436874	145.77907805534517	40.83229642761535	40.83229634786463	145.7790779917599	145.7790781263448	196.350000019635	164.90721975154344	157.7974528330398	157.7974528093157	151.43066634107484	151.43066716082572	151.43066730788703	151.43066924151253	151.43066715436555	159.6691136632024	229.700564492406	229.70056445846805	229.70056449240602	229.70056449594543	229.7005644503182	231.2	251.015625	246.89105105105105	246.65994623655914	253.27349331379372
0.05434017181298145	138.4777707241397	73.70757177570857	110.95474892207613	37.233783532868586	37.2337833613243	44.092693582628556	44.09269377190549	44.09269378378869	44.09269388436874	44.09269394581247	127.5	170.0	196.85365208093953	176.93429828210856	176.93429823951303	141.86153553965985	151.43066653100408	151.43066690502076	151.4306674967873	229.70056450302428	229.70056446254299	229.70056448886658	229.70056446254299	229.70056448178772	210.35118306351183	229.25480769230768	131.22279355875293	223.125	254.82138485440217
39.89960442067914	42.40528844360006	25.29943551821225	25.29943551821225	37.2337834392126	37.23378346517532	37.23378346517532	37.233783442081034	44.09269370638347	44.09269378619311	71.39999999999998	107.77568139329088	80.80183696608975	106.74403948495862	106.74403943090797	196.85365209165442	154.51182961054812	136.83236538972352	132.9952892150031	152.23880597014926	220.4237288322393	229.70056445031818	229.70056445846805	229.70056448709687	229.70056448178772	223.125	96.7479674796748	179.38899504926144	207.95324914565157	224.1627906976744
38.70289315363749	51.314431259306275	25.299435518212306	25.29943551290313	25.29943554968179	25.29943554968179	37.233783442081034	37.233783517100846	109.71452417934529	134.02854290821654	106.15532618262455	115.33074784287777	116.15230660291152	148.25596056909203	148.25596051504135	115.96296906071592	117.87127219628178	125.96564931704498	152.238805977818	216.87200926314088	216.87200953125	217.76621648289915	217.76621655791894	229.7005644503182	229.7005644503182	227.58064514758064	232.82608695652175	61.31979430275848	254.82138485440217	196.71428571428572
38.70289315363749	51.314431259496956	25.299435549681817	25.299435511133424	25.29943554153195	25.299435541531977	25.299435537457015	74.13819381321701	52.334529472376886	99.07216578615967	99.50839808682278	109.22091998669015	115.08791618135834	108.50460245326425	108.50460247927018	115.96296904852375	108.5046025032027	108.50460244906549	108.50460247900605	78.06570176048697	217.76621655791894	217.7662165315122	217.76621653482468	217.76621656078743	217.76621646713141	198.89999999999998	232.82608695652175	96.74796747967483	221.29466968959895	205.51194231457998
51.314431046086014	51.31443127885325	51.31443124676326	25.299435537457043	25.299435507593955	25.299435507594012	25.29943549697572	82.0899794806868	80.06038239951243	80.06038241008588	91.84818797806162	93.8078594886776	108.50460228717145	91.30015710973751	91.30015713803647	66.75712950189356	66.75712953873588	78.06570171789147	123.32849822780204	142.36717136200332	166.9090909090909	207.2242933276597	217.76621663867567	210.61700444807477	192.66666666666666	223.125	78.78568443320714	252.23171508618128	132.0877542206568	13.554573801648615
28.24036914114933	51.31443127223068	51.31443122021224	24.28495575276554	25.29943550405457	35.560100402429356	85.28801168787561	82.08997947322845	80.06038240503827	88.72570550593534	84.50391060456437	80.06038242494466	80.06038239714226	80.06038239398666	74.13819383838364	65.14407553080997	65.14407554350947	105.42793524433546	123.32849833979697	142.36717137548993	207.22429295766926	196.3219198025024	196.32192013341196	196.3219203048513	196.32192042258725	180.625	186.0892707540482	215.41777913786893	10.953867614338805	243.94000662821944
28.24036940028509	28.240369389527643	51.31443125525237	35.5601003371458	35.560100359521755	35.56010042905544	35.560100612874606	78.57164694158169	85.81227308991058	89.19958809491979	84.50391060456437	77.04570721689487	80.06038242494466	80.06038240640973	81.41779436417843	81.41779436918316	81.41779437411316	105.42793525907558	81.41779448154992	111.55245174380869	196.32192005367685	196.32191995068612	196.32192002477797	196.32192003702025	196.32191984423673	180.625	186.08927066430186	235.12408072399228	72.43057661179267	178.4293315236146
28.24036923126951	28.24036935081861	28.24036947036771	94.99424144864417	35.56010033806797	35.56010051320152	35.56010057154191	85.28801169023845	81.4717849430829	78.57164694158169	78.57164694805854	78.57164691756344	78.5716469510509	78.5716469510509	78.57164698453838	77.04570721689487	81.41779432657142	81.41779439048901	81.41779437147397	111.5524517551217	196.3219198025024	196.32191995068612	196.32192002477797	196.32192003702022	196.32192042258725	186.08927062205782	186.08927064011823	28.16441003489541	230.80139374452983	224.10179468354647
135.17638416095025	28.24036940028509	28.24036939066832	81.84941906399308	94.99424144864417	94.99424149254489	40.612258251571006	76.26482766492978	76.96765025402414	78.40259643371704	78.57164691756344	78.57164691756344	78.57164693999198	78.57164691756344	78.57164694805854	78.57164705151328	89.19958809491979	78.57164700623224	81.4177943939826	161.10138901405298	196.3219198442367	196.32191984423673	171.38220594365276	164.84388540055681	161.9694558052272	207.73618850051201	127.5	153.0	29.260724405328602	195.86345041172956
81.31186602888627	34.63877335274745	28.24036935081861	81.84941901606803	81.8494189640727	94.99424142021834	94.99424140600541	69.34444671307179	76.03820529463621	127.24704525106337	127.24704503686397	127.24704516787921	78.57164691143504	78.57164691249483	78.5716469674891	78.57164694158169	78.5716469545354	78.57164700623224	78.57164698453838	93.61599503293942	93.61599508796215	138.13336626790152	93.6159952362674	135.39439815193208	138.4377707878125	71.82030982051785	127.5	153.0	16.790871433927123	249.3061437834513
8.629038483830954	76.76264897999997	110.78822300078542	28.240369368012608	81.84941893807502	81.84941894426936	94.99424143016324	94.99424141781807	94.99424141164548	74.68777084500002	127.24704509011745	127.24704507005902	71.88640593243406	74.02972314766834	78.57164691756341	78.5716469674891	78.57164695105092	78.5716469361374	93.61599506962125	93.61599510608653	93.61599510608647	93.61599510608656	126.1867555072372	126.186755525	126.1867555072372	136.9749573213686	71.82030982051785	245.82862268568553	170.69972076320005	247.45837201367516
36.059571905415794	76.76264894285057	76.76264889500001	76.7626488525	110.78822295003664	81.84941888440747	81.84941886008198	63.44433212021124	63.44433214866453	85.78186905914478	85.78186911669587	85.78186909250212	127.24704506278991	71.88640582894075	73.4046129630691	73.40461298961156	74.02972312404998	93.61599510608653	93.61599506962125	93.61599510608656	93.61599514298499	107.46163782979264	126.18675548249999	126.18675554415222	136.97495729421115	136.9749572768891	61.04660656008079	228.34916215142113	250.23621409635436	64.2576762667297
5.853281467848234	135.17638416095025	76.76264888747806	76.76264890593558	76.76264897999997	55.999182599594064	128.0343926930123	128.03439268924768	81.84941897671979	102.61293830749437	102.61293839745477	102.6129384839193	85.78186907958457	85.78186901992078	69.53718670852254	76.08107075099139	93.6159950329394	93.61599497590566	93.61599508796215	107.4616379304706	107.46163800297245	126.18675561	126.18675545129429	136.97495729721442	162.66827563836955	162.66827565462836	95.43390666651322	208.42004833592543	226.02976786926772	0.08226807570605388
254.31041590216526	8.629038483830954	80.76320022006578	76.76264886544314	49.247792866543506	34.10744218581266	52.803992483200375	56.47254134880663	74.68777074986073	49.038216667241784	49.03821694494766	102.61293839745477	102.61293841740348	102.61293843984387	85.78186896544162	107.4616378004786	107.46163791638253	107.46163794524583	107.46163797380132	107.46163799546667	126.18675561	136.97495729421115	136.9749573213686	162.66827563836955	162.66827565462836	91.26468906267763	126.21471064764927	141.70697485685116	151.83872474824983	45.2007643559366
254.30603946397932	20.582096982665377	19.0755980456818	8.669522087027872	96.27562641868838	91.36593789375107	91.36593789375101	91.36593791408953	91.36593795476648	49.03821676663398	49.03821694572366	49.03821694494766	49.038216927872384	49.03821698216109	49.03821691894669	124.95641356563002	124.95641354115148	124.95641355476417	136.97495739156977	136.97495727444158	136.97495728063237	136.97495729721442	136.9749572768891	136.97495734276015	155.65596279056598	98.64746572261731	227.15897428089102	211.06959393996615	52.76190903160435	254.20634530932057
26.1203171249075	20.562581758967355	27.01249382867556	50.33831008208182	40.333365616098604	73.1949434049001	91.36593785936856	91.3659379081848	91.36593790818483	91.36593788746944	91.36593792890025	91.36593796423179	67.90646787538591	124.95641352349529	124.95641352891221	124.9564135337103	125.45861890751962	125.45861880764235	125.45861880764238	125.45861880764235	125.45861877590414	90.26621651518462	90.26621653482468	90.2662166386757	82.77595861339341	98.6474658649355	98.647465852066	252.65939817861025	12.505909346514812	15.5639372242822
10.012044006870383	9.79097328417754	17.63199238106921	15.286539370211216	26.096029567254163	27.01249382867556	30.160484526451256	32.57536585338528	26.81615525181647	91.3659378974242	91.36593790818483	91.36593791408953	91.36593795476648	124.95641342163154	124.95641352349531	125.45861877996316	125.45861880880801	125.45861879784007	150.12683363435957	90.26621651830885	90.26621654471558	90.26621646713139	183.00383548753203	191.9817856261043	98.64746534815697	98.64746583970657	98.64746584883258	220.1421038098811	220.1421038098811	255.0
1.0708971029378063	9.75808415863159	9.663049801123691	17.63199238106921	4.328050675407553	20.153980423092747	17.244664251024034	50.852469013865004	32.57536585338528	50.852469013865004	42.768578068619036	31.451129933216095	91.3659379081848	91.36593795476648	21.479235177439392	37.33019225303411	37.33019242422216	90.26621657410479	90.26621651830885	163.22337498883473	158.66127027335426	104.59939354775861	90.94435166312542	34.21428038332499	224.90522689180452	98.64746587678488	98.64746570876358	114.0351776733088	242.0094218182078	0.0
