254.7059835376049	254.5492790125926	253.68957643923957	253.92885290658603	246.13899614850493	248.69228306790865	246.2550838073017	235.6140350877193	191.25	253.86666666666667	217.05709000789383	218.57142857142858	214.21235615740895	226.66666666666666	211.45722525825286	240.428571431	225.857142862	211.1601179256739	225.857142862	204.45535714285714	238.4415584481818	219.99127620473524	235.3036586413593	235.3036586413593	245.78582696048707	249.52594289364382	252.56653549935004	251.5684654515115	254.20583680019453	252.00684383172637
254.95075370640873	253.0141564265215	251.64625356950287	244.27927929	241.72111673626372	246.25508334619005	238.4415584481818	235.16394171413918	234.23256180700997	211.25154587969536	235.29554408519445	192.744140625	241.25566655046077	226.02272714430526	191.24999989133522	200.29572846795986	215.28688524590166	237.8176944953924	214.68696397941682	180.74234780379686	233.77181236249768	227.95966076709178	231.36436081779837	234.7866243622144	235.1464469477137	240.89524173277096	247.21729295141643	244.98132971938776	251.56846545222317	254.35971308295092
250.72836215476525	254.16734693826666	250.8802657573578	223.125	231.79632520868742	235.16394177055025	229.64433803072345	229.64433610105965	221.46647298722382	212.5	230.68897816514342	181.7482245748497	183.59266046909016	187.57683675288047	177.4597698601517	177.20883185029476	197.97273427870408	186.3662433428923	194.7986397155935	213.96356902609816	222.08780294334215	191.12669245647967	215.37162165340348	219.3	231.63234253201773	239.75513720244032	240.574411258306	248.58813219204316	250.51349632295	251.69212485029206
35.233274368474355	251.66938775533333	205.50063994642045	213.23132386860715	245.62587798763673	239.24710424710423	222.55067571875	221.46647296318693	220.0691660257507	130.05	124.73566973566975	49.1750815597328	170.0	194.53381294964026	49.1750815597328	202.71440179051052	204.2461004953874	167.1334797999345	222.70931771698278	214.75786998671884	215.1820631384536	222.8483158622067	195.40763650897986	220.34081632653061	219.3	240.9551469621502	236.1599081970119	240.57441125935043	250.28918034152437	251.18896053840245
253.0145230459868	231.3972431493046	254.78372651295422	255.0	3.1894201862213265	218.07692307692307	216.3552273076305	93.46153846153848	201.74447207558157	212.0177612326221	254.52819422143224	176.53846153846155	170.0	139.6122611167633	155.390625	182.14285714285717	161.89980065071842	184.19821826280625	184.19821826280622	200.35239197256925	194.79863969702427	194.79863969930196	190.38461537600068	242.30769229672816	195.499999983	222.90816326530611	237.51727764423077	240.5744112542967	240.9224901723486	241.1166666678
12.837637635168477	53.87459269987761	114.6586925010073	96.50989454201081	55.238796721486324	16.581057901443614	76.76264897999997	201.74447183682878	189.669370464329	191.3485003650294	154.9686022729065	170.0	159.8	127.5	238.0	170.0	145.5797695330838	161.89980052049242	161.89980052049242	201.23664358439535	200.34123356484943	232.7199536933491	189.77037037037036	237.77027027027026	225.250000017	225.250000017	235.74489795918367	229.92944924897589	238.31409967992684	249.47452727594867
227.04990510908172	1.6155000708780847	27.814372374650475	246.164632961593	76.76264890593558	76.76264894285057	191.6336529289039	189.66937045748915	188.9907551557455	190.39140448125	134.02854290821654	113.05166247126832	124.0231273731446	124.02312737314463	134.15770520582475	78.07861813065392	106.26400710238556	175.36626462430502	175.36626463786376	188.89506052357365	200.59685303137758	161.89980065071842	166.06434414364534	166.06434413647094	193.38926175530383	190.53770949098413	228.0428571414	200.68047337278108	236.73112118987825	249.47452727722487
236.54525298810574	145.5018291214779	209.42543841154117	76.7626488525	76.76264889500001	76.76264888747806	76.76264886544314	176.37394448137042	187.80673145106502	188.99075502025738	141.5728043534688	188.27148027076876	121.45435244161362	124.0231273731446	136.86874284638597	168.7942660404613	194.04334090570603	170.68675896810194	141.47077940758413	200.59685293417058	136.967989199281	137.30769230769232	171.75677950056286	219.2184454837949	201.69491522464233	201.69491525135592	225.18772894280357	192.10888161614093	236.73112118886428	251.5291666644
142.32265028898897	233.32527831429638	237.55882534255107	58.84615384615387	58.84615384615384	176.96966391677927	176.37394448137042	176.3739440368285	176.3739439789192	76.76264897999997	159.7715275329932	188.27148027284625	102.1673805587148	121.4543524416136	182.51674341095048	121.45435244161357	129.92269485058245	171.2794093155341	167.90091845002974	131.82329759959705	160.98887388364295	94.06340057636885	178.95348837209303	171.75677947970587	154.714162597078	200.104166663125	219.3	218.57142857142858	218.97230360243057	239.86845619567308
198.63010337380535	187.58898553510738	84.0265942331302	176.53846153846155	168.95724197952438	94.99424144864417	176.37394409580344	176.37394406578312	176.37394403682845	176.37394397891916	159.77152748680058	102.16738015988224	102.16737939144613	102.16737970088482	182.51674339161798	173.36693664494632	173.36693664494632	169.89434009452697	137.2477310361495	137.24773106173004	172.08997993555093	130.8141874895187	130.8141875333793	160.441065495	163.05579691534763	140.94916129525848	162.54075614203953	185.82682291666669	199.32561661093115	252.15024489798
0.3192227518216555	71.74374247232734	0.4409503091125373	94.99424144864417	94.99424143016324	94.99424141781807	94.99424142021834	176.37394332466937	176.3739439030199	176.37394397891916	163.6249999228625	102.16737847008767	102.16737939144613	102.16737983572907	102.16737991780477	147.038614013646	147.038614013646	115.08456173280808	126.02885767379101	137.24773099800387	137.2477310078732	136.21677775172964	136.58399553892895	136.58399540543397	193.87254878202518	163.05579696169346	163.2	139.18950850661628	186.30872938368057	247.4064309570117
191.42026026664996	166.95095796680584	176.53846153846155	148.99188682547867	111.03336653105953	94.99424141164548	156.74180150098275	156.74180159249175	94.99424140600541	94.99424149254489	163.6249999228625	92.07022237341852	148.3388208844297	148.3388208774405	108.74543662984695	108.74543657744877	108.74543662984644	108.74543808006547	108.74543786486046	159.53087892196515	135.45755031778043	135.45755034138008	135.45755037129274	135.45755035234208	135.45755038501574	116.52727272727273	148.63932291666669	151.8196996996997	151.67758736559142	248.58813219204316
120.07623246869434	50.33831008208182	42.40528844360006	40.333365616098604	144.11410336529963	144.11410340721858	111.0333662293194	111.03336626875262	111.03336632989942	111.03336638018945	111.03336647378092	95.625	127.5	122.93640154438023	105.8251123423533	105.82511231261034	141.66968974140087	108.74543531780441	108.74543684603813	108.7454369390716	135.45755031444062	135.45755031956224	135.4575503188937	135.4575503195623	135.45755032112027	107.65255292652552	115.546875	0.86412303194993	167.53500000000003	71.2785098885087
141.9262537542418	147.6310923283741	119.54244978590447	119.54244978590447	144.1141032644678	144.11410327768795	144.11410327768795	144.11410328091796	111.03336626875262	111.0333663370954	112.20000000000002	107.77568139329088	189.1592832044682	141.2841149048632	141.28411514547912	122.93640158415519	84.91610122982749	96.09616780768226	164.50510500059204	87.53731343283579	95.0847457275496	135.4575498921488	135.4575503413801	135.45755029269418	135.45755021409553	122.1875	29.02439024390239	53.59603772646324	174.1680696436964	224.1627906976744
0.44125885509492946	28.240369389527643	119.54244967887973	119.54244970730582	119.54244961498424	119.54245010785118	144.11410324130787	144.11410330412826	77.69168245296063	93.93366886594421	106.32165468001574	74.68777074986073	117.71618645850864	113.71588485452085	113.7158850951368	171.3612999030675	117.93781403554334	87.45257811932129	87.53731340727333	107.47933866336402	107.47933886931816	110.88589669587171	110.88589671908204	135.45755038501574	135.45755038501574	101.45161291693549	83.15217391304344	3.823021403759185	71.2785098885087	196.71428571428572
0.44125885509492946	28.24036935081861	119.54244961498426	119.54244968110629	119.54244965861989	119.54244965861994	119.54244968043773	59.242690228727355	86.06483505285027	99.19748874836898	99.81036744726171	115.04282948383323	89.56414967377924	71.62948069496701	71.6294806801736	171.36129985235652	71.62948084346826	71.62948078933115	71.6294807722995	149.17488768738963	110.88589675869216	110.8858967322854	110.88589672231203	110.88589673553221	110.88589663470037	102.0	83.15217391304344	29.024390243902445	74.55015093557105	94.95468986853618
28.24036914114933	28.24036940028509	28.24036947036771	119.5424496804377	119.54244962870726	119.54244968221954	119.5424496855594	62.60362379996144	56.96862469524686	56.96862470367239	92.07574089686725	89.43679454112913	71.62948059854412	85.32356850731861	85.32356855315155	60.42064352730384	60.42064348194077	149.1748876576467	65.45049862994895	108.39180094650939	69.54545454545453	92.81047347821047	110.88589659278142	93.89797970599165	73.66666666666666	90.3125	106.00811317452133	136.52380321877223	202.52686570630348	232.54789787443684
115.96296904753169	28.24036923126951	28.240369368012608	122.43468727599466	119.54244964765792	61.39098860759097	62.88629290772059	62.60362379698705	56.96862468157863	89.11894636091873	89.88545447522304	56.96862466788684	56.968624676940635	56.96862467371463	59.242690309078796	57.67893987755252	57.67893994023032	99.81852024899578	65.45049877853793	108.39180089838695	92.8104735627185	78.62605602108087	78.62605609698008	78.62605602108087	78.62605667533066	69.0625	76.86834869678364	155.35728574377856	253.72310845414793	243.94000662821944
115.96296906071595	115.96296906511068	28.24036939066832	61.390988412064274	61.390988521775824	61.39098854836905	61.39098852458346	60.37380320201001	85.87448968803554	79.57382311928222	89.88545447522304	105.8274397143222	56.96862466788684	56.96862470094004	75.89652115450033	75.89652113206108	75.8965211501565	99.81852024640997	75.89652122903615	95.22847251319945	78.62605602108087	78.6260559631715	78.62605593421691	78.62605590419659	78.62605609698011	69.06249999999997	76.86834864864738	22.700970938997614	137.65667946114826	221.29466968959895
115.9629691060764	115.96296901402161	115.96296904852375	61.54312464535451	61.39098847886822	61.39098844787836	61.390988749621755	62.88629287525205	82.31443893938922	60.37380320201001	60.373803185966494	60.37380319289204	60.37380318143258	60.37380318143258	60.37380321837418	89.88545447522304	75.89652108890041	75.89652115364143	75.89652115364143	95.22847246700678	78.62605602108084	78.6260559631715	78.62605593421691	78.62605590419659	78.62605551862958	76.86834867378178	76.86834867179687	107.25207171023641	100.61119134911283	29.7815267841101
12.88781470953765	115.96296906071595	115.96296906770797	55.49979154868723	61.54312464535451	61.543124840907666	106.97070363400331	78.48894285141213	78.99664545352186	81.44432971902324	60.37380319289204	60.37380319289204	60.373803174899734	60.37380319289204	60.37380320698679	60.3738031470543	79.57382311928222	60.373803271160824	75.89652114146887	53.06340143930785	78.62605551862958	78.62605580780485	57.124183664099604	50.07242129804703	52.123651543437745	66.76023788185111	76.5	153.0	63.130006851333945	54.88027026186401
91.34709127272149	25.912848012639188	115.96296901402161	55.499791420335555	55.499791451129994	61.54312470324399	61.543124732188744	68.93015309204688	76.03932539140337	61.43393278566441	61.43393247967143	61.43393263321428	60.37380310980893	60.37380316992298	60.37380322191703	60.37380320201001	60.37380321196352	60.373803271160824	60.37380326677513	45.48201579345684	45.48201567031262	51.000000045615735	45.482015645681	57.47784931542034	44.5508820729234	20.084538169667013	76.49999999999997	153.0	2.5303697060218724	184.25962860203032
250.24171802047954	39.49999979999998	85.22692089556051	115.96296907390018	55.49979140748533	55.499791438328714	61.54312466606723	61.543124691208334	61.54312470377886	53.404799174999994	61.43393258322101	61.433932573536936	31.09448575738432	59.43532546669715	60.373803192891984	60.373803221917115	60.373803181432606	60.37380321837418	45.48201561144322	45.48201560228736	45.48201560228733	45.48201558059057	33.345911492444486	33.34591148499999	33.345911492444486	42.969332303499726	20.084538169667013	48.00815663286252	93.67750788665572	250.43220960106558
138.33430901407223	39.499999803047444	39.49999980000001	39.49999980000001	85.22692084013627	55.49979138314947	55.499791512718815	50.900151701435675	50.900151702119985	55.164203334535074	55.16420345742549	55.1642034418671	61.43393264750026	31.09448583966693	54.24170394304224	54.24170391058283	59.435325466673305	45.48201551550008	45.482015611443245	45.4820155805906	45.48201554716849	34.71603752596562	33.34591152749999	33.34591145552943	42.96933224442253	42.969332256399696	112.45529623877391	250.77730542926767	0.6482842827868751	152.78056447485056
116.58500990672158	12.88781470953765	39.49999980304747	39.499999803047444	39.49999979999998	55.77692604306432	93.10019934928158	93.10019947950758	55.49979121761177	47.688987297238185	47.688987171668145	47.68898734459722	55.16420343244471	55.164203610951205	69.40224250317533	76.72637496687818	45.48201519395187	45.482015645680946	45.48201552043636	34.7160374584586	34.71603748521616	33.34591139999998	33.34591139618129	42.96933224899985	26.28525593050867	26.28525596160611	126.91899350810232	123.54592961947858	254.9387008832112	230.59070871994618
231.59767588966713	138.33430901407223	14.584096951006273	39.49999982020208	49.9269747701386	49.509782498504364	50.21423435902486	55.68711892274615	41.65169310899307	12.742629783297645	12.742629979987413	47.68898728695416	47.68898732857926	47.688987396658746	55.164203287683364	34.71603732846657	34.71603750559089	34.71603749879935	34.71603750178926	34.716037523454645	33.34591139999998	28.7997240133125	28.79972406958038	26.28525593050867	26.28525596160611	91.26468906267763	126.21471064764927	35.56464979590021	188.43319796007918	239.95254207418452
61.42554891507169	33.161122419139446	39.98837013041802	66.40792581546009	20.060841885110875	41.3342642292547	41.33426426642066	41.33426426441258	41.33426426039631	12.742629663516027	12.742629783297645	12.742629859044257	12.742629871486258	12.742629973943764	12.742629915580608	29.1813336686657	29.181333626159102	29.18133362762569	28.799724052450358	28.799723997979697	28.79972398517853	28.799723989481038	28.79972397248369	28.79972397248369	17.22864807885489	98.64746572261731	208.34783093707594	15.5639372242822	252.1322194943836	39.15904140851856
79.94600235484216	106.98920844637246	0.0	4.496901491118507	3.603123976254068	55.84380916237194	41.334264284494	41.33426424428674	41.334264260427716	41.33426426566044	41.33426425519497	41.334264251706486	104.86109682333975	29.181333596356808	29.18133360490583	29.181333598742327	28.537308443540212	28.537308383359544	28.537308402112586	28.537308411489107	28.53730834299307	23.853606967927334	23.85360693468158	23.853606885253384	149.46075717923594	98.6474658649355	98.647465852066	15.499966442573424	254.60461696707193	110.21292534936174
10.130930952156604	10.272830426901947	12.389852099610096	255.0	24.2430253480166	0.0	30.029047149898418	27.01249382867556	96.27562641868838	41.334264260427716	41.334264260427716	41.33426426441258	41.33426426039631	29.181333380668747	29.181333533819043	28.537308377063454	28.53730840051523	28.537308381341177	35.74889438198514	23.85360693900023	23.853606912593506	23.85360686719048	76.46143961245701	1.0810466101290217	98.64746534815697	98.64746583970657	98.64746584883258	248.74846135293166	254.1888496731182	255.0
1.4549970837775845	10.071687961804031	10.169607826781146	12.398859970736822	16.449765854165832	18.894066118886855	41.78578377858909	20.548416842969345	27.01249382867556	42.768578068619036	20.548416842969345	82.77595861339341	41.33426422814577	41.33426426039625	61.04660656008079	53.62762006923319	53.62762009801418	23.853606868190013	23.85360693900023	27.33425540722226	25.566388659615598	6.845748134234356	1.054514681141768	1.5673552840059415	191.9817856261043	98.64746587678488	98.64746570876358	202.38526316941056	247.35417611252237	0.0
