252.53245751352907	255.0	254.99992022604604	251.8823015372984	218.05835009688715	241.80700952524037	237.72877204288858	253.22916666666666	255.0	244.8	254.98657313406534	242.85714285714286	255.0	63.46666666666667	254.2930015078899	255.0	255.0	253.46569144014802	255.0	255.0	255.0	170.68526630854456	254.74637010699675	254.74637010699675	224.82251943958852	254.99199944819546	242.82660026202342	254.99946122217645	254.99279684893614	254.34385406072863
249.6665618782139	255.0	218.29051158852963	255.0	155.67765566208791	237.7287748976797	255.0	219.6749548626685	222.24100101286135	254.92903753124844	93.49086894605409	255.0	150.62207146126588	247.75568167741156	204.289772611199	252.80506026372086	251.9808743169399	241.4557159942677	253.17753001715266	252.40113006677387	202.64549423291547	227.99760624691422	162.55561803642792	249.01253397438634	234.05011121623858	240.8684827977233	253.4664220510017	255.0	254.999461222177	254.99808236636096
254.69413663282398	255.0	239.32960894924378	255.0	228.2809592022531	219.6749550257473	214.14908396195085	214.1490823676206	200.12777832884785	248.359375	45.87998624915045	255.0	254.7729836947596	255.0	254.4882416764483	250.7144663431904	248.59524866347596	249.828963539533	252.30714157871225	238.8957037859289	219.1020225138335	247.60154738878143	206.7567567707268	170.00000000850002	231.50773621921942	239.22279981764933	254.9592209217889	254.98490815833736	254.99906254195858	254.99356573383912
0.0	255.0	228.73161711203332	45.90568785435997	21.030185404984763	253.56103356103355	204.326923015625	200.12777821242494	200.11428989478608	255.0	89.21591921591923	84.18129563461238	212.5	248.02877697841726	84.18129563461238	255.0	255.0	247.57545260050156	217.43668376443526	210.42276878398204	215.2053625701771	219.30743517692798	247.93096627353054	250.00408163265305	170.00000000850002	253.82749166644516	254.8580541028542	254.9592209218275	254.9021207830071	253.6882716049443
1.0926237974659898	6.93922433512401	13.273984206342817	248.82598610733757	249.05543198387403	249.23076923076923	194.95126473581615	64.61538461538461	174.30944071534032	195.6419187975705	225.23260069979256	214.6153846153846	212.5	255.0	255.0	242.85714285714286	99.06493611074396	247.0489977728285	247.0489977728285	201.3491298016204	252.30714157992537	252.30714157866475	109.61538462196313	251.62721891553724	255.0	248.23469387755102	254.91617357001974	254.9592209218132	254.78130166923296	255.0
12.859093043231752	35.78933822223024	120.17051315586806	0.17830340778564846	217.9592277421927	230.93886426468313	76.76264897999997	174.309440624224	159.4635133404216	168.96694188744607	219.2067697167511	233.75	234.9090909090909	255.0	204.0	34.0	253.0080953285478	99.06493599482118	99.06493599482118	156.24471055972754	243.0864135892223	199.42244473629364	255.0	241.21621621621622	255.0	255.0	252.65816326530611	138.93263541192533	255.0	252.26891043889722
44.960999582386876	126.7078911395792	40.90608470144551	228.37590736853144	76.76264890593558	76.76264894285057	160.6426807352492	159.4635132371638	166.00539324721348	165.62745305625	183.35567747190316	251.38613604401118	252.00724887814982	252.00724887814982	237.30172627219736	129.89583111512886	43.43160433692384	120.93773077567988	120.93773081358466	187.64306505608647	246.62590986075895	99.06493611074396	249.97943878230257	249.97943878157488	249.01006707231375	235.05586591850482	255.0	104.11242603550295	244.09684093206016	252.2689104380104
0.0	0.07647945699542902	254.89567619416758	76.7626488525	76.76264889500001	76.76264888747806	76.76264886544314	143.80218897373496	164.52293660607006	166.00539288143887	220.1770338946926	132.97872894457447	233.343949044586	252.00724887814977	255.0	255.0	255.0	210.95387342756294	255.0	246.62590981905572	220.29292440064424	58.84615384615387	192.29372650952416	255.0	217.54237288018385	217.5423728842373	252.12595096920973	252.27218946433376	244.09684093150602	255.0
245.94956920409442	73.48680440396228	154.04297732277814	39.230769230769226	39.2307692307692	150.99856767232285	143.80218897373496	143.80218905316582	143.8021890896757	76.76264897999997	94.55941996481957	132.97872890309546	250.68068300945885	233.34394904458597	193.42937629716107	233.343949044586	229.506680816249	171.38065963643248	255.0	255.0	219.30743517692798	228.54466858789627	250.11627906976744	192.2937265185314	242.61993680071242	219.583333336875	255.0	246.27766599597587	254.20912000868054	247.73504273413462
11.956250934632976	56.58175316754847	127.52668908908406	235.3846153846154	128.65940021891518	145.77907817165195	143.80218897373496	143.8021890349109	143.80218905316576	143.80218883850122	94.55941995182351	250.6806822264812	250.68068219020262	250.68068236142892	193.42937632701842	120.21876547535086	120.21876547535086	174.1087553300515	237.53020969681296	237.53020968195153	255.0	239.47677343618983	239.47677343926696	186.04379256375	196.79248244298444	249.02042728994127	246.47936177887618	249.57682291666666	253.44246398022892	255.0
38.925594226427705	71.69964112722582	180.58643794340912	145.77907817165195	145.77907808376273	145.77907803167864	145.77907805172396	143.80218897373496	143.80218897373493	143.8021888385012	215.7692307260769	250.68068164370084	250.68068219020262	250.68068219490797	250.6806820056303	194.89819419923987	194.89819419923987	231.1642751968625	255.0	237.53020967345037	237.53020965775661	169.39802102325194	172.4393576821749	172.4393578238334	166.3951734963194	196.79248238914022	251.328	253.91540642722117	252.69422743055554	254.98839181301878
0.6364558592752019	127.49966365355841	235.3846153846154	225.2651771917115	201.8661993465279	145.77907805534517	132.00851921026307	132.00851926286285	145.7790779917599	145.7790781263448	215.7692307260769	248.63769914752854	130.08527787244424	130.08527788731965	228.85350772101737	228.85350742324994	228.85350772101742	228.85350772101737	228.85350731561815	159.7263425197049	159.33941957516845	159.33941957851988	159.33941957516845	159.33941958855155	159.33941962984875	240.16363636363636	243.93229166666666	250.76888888888888	254.57565284178187	254.98490815833736
70.720964503104	138.4777707241397	27.73548727941244	255.0	116.16352192031624	116.1635220829877	201.86619904478775	201.8661990415468	201.86619904478775	201.86619904478775	201.86619906885218	255.0	212.5	213.83236490741294	95.05681470766797	95.05681469565934	141.74931078779764	228.8535074232505	228.85350735867095	228.85350764666813	159.33941961531764	159.33941955285547	159.3394195617854	159.33941955285547	159.33941953501926	237.21668742216687	251.73076923076923	174.68046427140786	255.0	236.75811407004795
56.589147320798986	222.0369719422112	95.66058046498071	95.66058046498071	116.16352195023396	116.16352196678645	116.16352196678645	116.16352196344823	201.8661990415468	201.86619900696724	204.0	17.607919264917996	140.9605332114484	88.55138347666266	88.5513839325319	213.83236491417472	246.0345840085965	220.8054980459881	0.0	213.13432835820896	198.81355929566217	159.33941938341525	159.33941957851988	159.33941955509388	159.33941953501926	217.8125	51.82926829268291	86.0099718004796	205.4768181244925	180.27906976744185
22.288712711422306	18.110407652639083	95.66058046498071	95.66058044490612	95.66058037015128	95.66058061658472	116.16352196344823	116.16352199989149	255.0	183.35567747190316	131.12935419996063	255.0	116.79347805940415	166.4486160674681	166.4486165233373	220.28758062794057	119.41783225558052	212.31263545519863	213.13432832327356	143.04235525111233	143.04235533238634	138.8364780001085	138.83647803655177	159.3394196298487	159.33941938341525	208.38709678790323	238.3695652173913	120.75777586711979	81.01100131220565	145.71428571428572
22.288712711422306	18.11040765795508	95.66058037015128	95.66058043821462	95.66058042148009	95.66058042148012	95.66058044714453	169.86677113934354	179.67131906345548	99.1714261544137	99.89127961790192	106.76383164667132	255.0	204.26940665098556	204.26940668890197	220.2875805182487	204.26940667252626	204.26940667252637	204.26940660790484	159.94318530434063	138.83647803655177	138.83647806295852	138.83647803321352	138.83647804976604	138.83647807968373	224.4	238.3695652173913	51.82926829268291	12.773044689726078	16.893569361848677
18.110407485961844	18.11040761096976	18.110407716739473	95.66058044714453	95.66058042483155	95.66058042483155	95.66058038468233	177.87351085739502	133.8394015784277	133.83940157447336	93.53244920801902	58.6344051369438	204.2694065762705	149.4108361201686	149.4108361094186	154.5034003485594	154.50340034293004	159.94318529233203	191.4808605842622	206.75355678992835	208.63636363636363	127.20091332492696	138.8364779170123	129.83109481069732	209.66666666666666	201.875	29.73482280828847	35.788980806180376	169.8582957081125	37.6467468130445
203.68556895391401	18.110407472613787	18.110407735977645	86.11041668793999	95.66058041144845	150.61481487220442	166.12188429901684	177.87351079812888	133.83940157006515	84.0952556144434	86.17444576780304	133.83940156019767	133.83940158146817	133.83940158679025	169.8667712168338	140.54419918049524	140.54419922527404	181.22077375987908	191.48086061323184	206.75355672479157	127.20091319056073	111.19781116149878	111.19781102626504	111.19781116149878	111.19781102626504	233.75	26.08351197377587	111.02700729866447	123.06423353033264	81.24235144375004
203.6855687211468	203.68556874069378	18.110407677549915	150.6148148617214	150.61481482929682	150.61481488194318	150.61481492238667	183.03848723747515	86.04192764288999	92.39109415394947	86.17444576780304	61.44897317968477	133.83940156019767	133.83940157437797	149.55842422926548	149.5584242267681	149.55842422070572	181.2207737383443	149.5584242911535	160.4405800481765	111.19781091032436	111.19781094683421	111.19781096508913	111.19781102626501	111.19781102626504	233.75	26.083511995047928	233.01647069277615	37.62392347219668	237.2394010006285
203.68556872776935	203.68556874050307	203.6855687532368	145.77907817165195	150.61481480784303	150.61481492489753	150.61481445092681	166.12188425175026	81.55510127126416	183.03848723747515	183.03848725256347	183.03848724038457	183.0384872540434	183.0384872540434	183.0384872677023	100.04719903843704	149.5584242162846	149.55842423200983	149.55842423200983	160.4405800351804	111.19781091032436	111.19781094683421	111.19781083950193	111.19781083348153	111.19781102626504	26.08351204227617	26.083512024797272	254.99930805253632	212.83276805516016	122.24375566925883
61.85100739304778	203.6855687211468	203.68556870256197	0.0	145.77907817165195	145.7790781263448	66.40792581546009	78.35617463650502	78.00401030598144	78.1445591833421	183.03848724038457	183.03848724038457	183.0384872406995	183.03848724038457	183.03848725256347	183.03848729501996	77.04570721689487	183.03848727629133	149.55842420358618	135.30228754739267	111.19781102626501	111.19781102626504	145.97573516777598	138.60895656213796	182.77285353352815	102.75782166383016	255.0	102.0	2.7903698654643563	55.926288678524315
105.84543431891385	166.88213328978782	203.68556874050307	0.0	0.0	145.77907805172396	145.7790779917599	69.47558190177003	76.03916897254808	242.92593146965962	242.9259315804878	242.9259315322492	183.0384872277608	183.03848722561122	183.0384872978284	183.03848723747515	183.03848726765176	183.03848727629133	183.0384872677023	164.7655155633492	164.76551566019012	185.69615383356646	164.76551569236284	166.66540881011696	208.33176101264618	36.662130182635366	255.0	102.0	28.936563657056496	3.287065818830939
1.804639302562009	76.76264897999997	178.76406598433323	203.68556877978776	0.0	0.0	145.77907808376273	145.77907803167864	145.77907805534517	255.0	242.9259315424397	242.92593146394978	59.66806335549512	177.86507959398918	183.03848724038454	183.0384872978284	183.03848725404342	183.0384872193013	164.7655156279098	164.7655156055756	164.76551560557556	164.76551562727244	149.18179627075352	149.18179626	149.18179627075352	126.82089312504769	36.662130182635366	221.08525338446447	76.914969565006	244.53616898886517
55.57213740917237	76.76264894285057	76.76264889500001	76.7626488525	178.76406588149658	0.0	0.0	28.370907183558273	28.370907216129012	180.8626181497919	180.86261813370163	180.8626181546112	242.9259315157175	59.668063229042616	154.51233966405448	154.5123396819742	177.86507959215896	164.76551556218197	164.7655156279098	164.76551556218197	164.76551575703104	157.86807254434814	149.18179626	149.1817962707535	126.82089315046127	126.8208931251028	21.479235177439392	64.07598849837427	254.793183265488	46.62137216484663
45.65680118419124	8.629038483830954	76.76264888747806	76.76264890593558	76.76264897999997	55.865819243549055	155.935063889256	155.93506400517882	0.0	233.11475173366938	233.11475182310122	233.1147517366367	180.8626181548812	180.86261821733999	62.82279423617081	76.45171441389274	164.7655155633492	164.7655156923628	164.76551551031383	157.8680721301855	157.86807205972565	149.18179626	149.18179611405213	126.82089314717675	181.8288396681171	181.82883971334007	166.68555654616765	223.76844330361232	211.09759971348498	7.241980299757046
38.92626411007396	11.534791858763072	2.2649750499325023	76.76264886544314	50.29057487526421	77.79370361040915	47.902292793203316	55.275237179252855	255.0	23.790757195320282	23.790757532893423	233.11475170781515	233.11475169219543	233.1147517329693	180.8626181029403	157.86807213018554	157.86807215237803	157.8680721214939	157.86807217351623	157.86807219518155	149.18179626	103.32634702414089	103.32634699406913	181.8288396681171	181.82883971334007	0.0	79.07602310302718	56.582803312806305	25.693572863556767	21.542595407902013
127.49979976078154	29.55848800640561	8.255663340408262	98.38877673285481	129.19444777909052	111.58259800000201	111.58259803716794	111.58259803174695	111.58259802090492	23.79075746354829	23.79075747380213	23.790757532893423	23.790757557968902	23.79075758208137	23.79075760005233	94.5938492685294	94.59384919033613	94.59384919323381	103.32634708428441	103.32634703116943	103.32634703917677	103.32634701810946	103.32634699198945	103.32634705786046	23.03024490733773	57.70506827012892	25.01744751985737	12.704527671893743	32.76276844594307	21.542565271211714
51.20244464314666	127.51332617050055	32.57536585338528	138.4777707241397	255.0	35.37769330823883	111.58259808595707	111.5825980156487	111.58259803178962	111.5825980136336	111.58259804994566	111.58259805128907	0.0	94.59384922450269	94.59384915123945	94.59384919054375	95.60594728036634	95.60594724158656	95.60594724158656	95.60594724158656	95.60594724796164	167.96771023239515	167.96771021236952	167.96771029247202	0.0	57.70506827012892	57.705068295867875	204.25906373445912	217.94358986458704	6.602773631655566
10.071687961804031	9.340324397411678	12.304611976557737	16.075081572747962	27.14244619704118	36.933424087331275	29.862950187016168	36.933424087331275	143.7916034413019	111.58259802102899	111.58259803178962	111.58259803174693	111.58259802090492	94.59384898053244	94.59384916196493	95.60594727675269	95.60594722367748	95.6059472317722	58.13996605470089	167.96771018030807	167.9677102067148	167.96771023249016	13.10051519620339	82.91372115739233	57.705067992886995	57.70506832058675	57.705068302334666	0.0	21.543055535576684	255.0
1.0749067291063454	10.119884929357369	10.285890596208333	11.995799458012641	0.0	18.498019521197023	0.0	32.57536585338528	32.57536585338528	40.76568839783258	32.57536585338528	0.0	111.58259803178962	111.58259802090492	21.479235177439392	12.723436909273346	12.72343716591007	167.96771017231828	167.96771018030807	43.81750968128409	41.167440957502464	14.286162563241419	2.189098989768752	15.549952033243898	69.25617754596345	57.70506824643013	57.70506810807879	29.52753888679689	0.0	0.0
