254.84217667912898	254.75708734	254.48977932903034	252.21778800343222	250.12575455232653	242.79588082932693	230.11043739699454	208.02631578947367	232.05	244.8	213.96639517942754	242.85714285714286	225.54729029612332	244.8	251.29294616953555	227.8	227.8	223.04128721576097	227.8	215.65714285714284	241.0909090909091	205.77332942451693	199.34888277940428	199.34888277940428	251.49723230581327	229.00193281417074	254.37895956893334	252.78010252040352	254.32653026656206	254.7417685582076
254.9419026536534	254.06347941698903	251.3411512812343	247.12962962333333	246.4896215	230.11043769825358	241.0909090909091	237.8500675458325	223.75363479768896	208.04334110442898	247.34247936411936	209.61547842	255.0	226.02272714430526	226.02272714430526	247.34117662082613	240.60109289617486	244.6141792402548	223.65351629502572	200.86712221198758	245.9401262837302	227.73735541795995	230.0626393891368	207.02547458934401	235.80584281863358	240.9146699240332	226.81984350768886	248.92995918367347	252.78010252089652	254.34225166170597
254.67915800109571	252.09866666666667	248.82681566117662	248.115	232.0556224250264	237.85006751341663	202.40510949252965	202.40510872899827	225.4853499518922	175.3125	246.65312952036822	201.34954891522494	179.75134001403467	201.39267706534588	173.6333151253101	240.6575682382134	199.84511097167777	195.76812781646868	203.01413998175332	173.14211890471594	219.84915003112047	195.81237911025147	239.06250001615288	212.4999999915	231.6311142389011	239.91193921521008	244.2101323820434	251.11525587436927	251.84357877527336	252.00306390174185
0.0	252.09866666666667	232.0556224250264	214.20574381921304	234.08026714138643	216.82952182952184	206.59722228125	225.48534989421245	223.95850430611762	191.25	216.82952182952184	73.91081076415858	212.5	212.73237410071943	73.91081076415858	210.20106652029543	210.74272391599584	234.3788933666552	226.8426040411123	214.8661421479894	215.07406773055524	219.30743517692798	197.35031872624444	220.0285714285714	212.4999999915	242.08179918649773	240.90864366516232	244.21013238283365	250.20391836734694	253.52906586021504
0.0	251.19187051911305	154.3488176702179	233.0330166856263	195.68206465040026	185.76923076923077	197.60112600506682	185.76923076923077	207.34848517768424	184.53285984127544	199.02163034092206	185.76923076923077	212.5	160.70789364769362	174.31640625	218.57142857142858	150.69541992462155	135.92427616926503	135.924276169265	200.37009692569245	203.01413996601013	203.01413996778234	224.999999989819	224.999999989819	223.125	230.0204081632653	240.33037475345168	244.21013237905362	241.81915366883595	251.015625
144.66579959184008	48.96477831508403	230.65094587134058	154.280019781518	247.41481460630322	248.42667741384733	133.33408022999998	207.34848493600202	196.09175774902582	154.53356169508476	235.51838206554004	127.49999999999997	180.8181818181818	178.5	204.0	204.0	141.83058980533093	150.6954199654283	150.6954199654283	226.56928961010271	202.84267454631112	221.1748658342837	194.55555555555554	212.49999999425677	223.125	223.125	230.0204081632653	255.0	240.6724279835391	253.15911650048386
164.6783000062283	129.68872555709265	254.4841487226702	230.94300310475228	133.33408004696048	133.33408012079056	198.11294590025258	196.09175783796314	151.2711863121158	168.48980893125	183.35567747190316	109.43512608224134	120.32619951674144	120.32619951674144	213.82932186986565	60.376987155013126	117.95126067612605	190.5640590174377	190.56405901196842	188.82408737161913	193.9894295267911	150.69541992462155	179.94915694781082	179.94915694666196	210.50335566937864	208.34497206412925	218.28	255.0	246.90379565528767	253.15911650128095
24.387720304778952	194.87376219218632	18.74413737453463	133.334079975	133.33408006000002	133.33408006541805	133.33408006795173	183.58026260842593	149.64208762571224	151.27118625973856	100.05556928287305	172.79943437565834	205.91295116772824	120.32619951674144	151.77615932590805	171.71734874534624	171.71734874534624	124.28765790849374	154.83798837854482	193.98942953254456	139.07057513479594	255.0	202.4776633328296	200.67713795230458	224.74576269296466	224.74576271186442	210.63186813341122	227.7442435717749	246.90379565548855	251.015625
252.1353165542489	233.32527831429638	43.651020846641956	137.30769230769232	137.30769230769232	134.81610154994837	183.58026260842593	183.58026253815873	183.5802625616082	133.33408022999998	183.86728524561687	172.79943433487654	98.66561878283605	205.91295116772824	204.23206909566636	205.91295116772824	139.8324551649765	171.14319739570823	164.84388538336464	164.84388538336464	160.56634983910533	151.38328530259366	155.93023255813955	202.47766337315034	197.56822752402817	217.8125	212.4999999915	194.96981891348088	204.38368055555557	247.13341346153845
198.63010337380535	71.65594468969186	172.29792261452636	137.30769230769232	178.01948436992475	145.77907817165195	183.58026241564244	183.58026252643407	183.58026253815873	183.58026231043374	183.8672852536733	98.66561928002642	98.6656192937566	98.66561907391193	204.23206902823873	203.5352118610988	203.5352118610988	169.6854703230469	146.3964276521893	146.39642767198194	158.23430360067943	144.54133825255747	144.54133823238757	183.51582807	153.64684584788978	172.61748560717632	162.54075614203953	168.22916666666666	199.32561661093115	249.71232
162.53552410685865	253.84043161121429	28.619742957029302	145.77907817165195	145.77907808376273	145.77907803167864	145.77907805172396	183.58026260842593	183.58026231925066	183.58026231043374	175.31250001753125	98.6656182100144	98.6656192937566	98.66561918627272	98.66561929580203	107.71730608306757	107.71730608306757	201.65766018320934	130.84955361793453	146.39642758898705	146.3964276508377	127.64120140583965	127.31467379075272	127.31467388705875	144.93227240560583	153.64684589376577	156.978	160.51984877126654	204.38368055555557	250.95111168863426
168.22075911500863	204.84933132423407	137.30769230769232	170.50797457231766	73.33433497254356	145.77907805534517	117.44351528111883	117.44351528737204	145.7790779917599	145.7790781263448	175.31250001753125	88.87698465133028	157.7974528330398	157.7974528093157	197.22050758622154	197.22050893999796	197.22050855303317	197.22050903644006	197.22051017173396	160.1821977568691	172.2495924521868	172.24959245616546	172.24959250569913	172.24959248160113	172.24959242950865	124.04848484848483	168.22916666666666	159.98174174174173	159.8319892473118	251.11525587436927
252.1353165542489	138.4777707241397	108.33134455917761	110.95474892207613	119.15331841021029	119.15331853782953	73.33433436906324	73.33433458545571	73.33433457022335	73.3343346708034	73.33433454776932	111.5625	170.0	82.29475383342933	152.98666951419585	152.9866694707564	141.03039395153465	197.22050831017577	197.22050816746673	197.2205088721397	172.2495925404299	172.24959246949385	172.24959245844732	172.24959246949385	172.24959247096842	137.18555417185553	123.00480769230768	154.37636514866577	223.125	49.587670047521414
202.33652035916705	108.33134455917761	82.75040752903163	82.75040752903163	119.15331849521209	119.15331842020251	119.15331842020251	119.15331845241343	73.33433458545571	73.3343345728936	132.59999999999997	140.9605332114484	140.9605332114484	177.33413945980982	177.3341398484074	82.29475390476588	81.93155620283468	184.26880019617795	148.8355049372947	98.955223880597	133.9830508155918	172.24959242950862	172.24959245616543	172.24959248833378	172.2495924709684	106.25	44.91869918699186	96.56976465088479	52.77603103257783	180.27906976744185
28.63976903825923	79.55480064883383	82.7504075290316	82.75040751166625	82.7504075704914	82.75040757049135	119.15331845241343	119.15331845259462	93.38755667849912	134.02854290821654	115.29549174386563	115.33074784287777	117.20038735727158	77.6658601515926	77.66586054019015	127.5	120.98558906614826	172.9918961939846	98.95522385418246	98.96853154604065	98.96853145738635	135.84668154740535	135.84668154758657	172.2495924295086	172.2495924295086	101.45161291693549	99.78260869565216	2.8434829915838407	49.587670047521414	145.71428571428572
28.63976903825923	79.55480067359403	82.7504075704914	82.75040754155268	82.75040754383454	82.75040754383454	82.75040753050615	65.84585233128263	104.34263795847093	99.39478209442046	100.33821716953742	125.42631242298145	102.46634199467582	158.56754434615945	158.56754442755613	127.5	158.5675444776295	158.5675444776295	158.56754435479235	102.01333052924363	135.84668154758657	135.84668157399332	135.84668157979746	135.8466815047879	135.8466815897897	96.9	99.78260869565216	44.91869918699186	126.79730458680291	100.07190445683133
79.55480077005168	79.55480067913831	79.55480071713092	82.75040753050615	82.7504074943009	82.75040754781321	82.75040745957014	73.80692639518546	65.78783196970124	65.7878319708397	91.93670145161903	90.26700653262091	158.5675442770005	95.63744697932944	95.6374469389325	63.745927475795725	63.74592749579841	102.01333048580418	74.93339497467883	88.81133218539296	92.72727272727269	84.89581290038859	135.84668146217047	85.62643656742023	79.33333333333334	106.25	84.49202542768234	4.908038615380775	247.9055716989973	84.17843671969541
79.55480077005168	79.55480050350016	79.55480058822485	131.720856521408	82.75040751839887	76.55234734205035	71.44196039789489	73.80692641507417	65.7878319390415	89.11894636091873	93.41781133187663	65.78783199750237	65.78783196743174	65.7878319651605	65.84585237136244	58.98938024503093	58.989380289235896	89.76193050378788	74.93339511418472	88.81133216332941	84.89581303232632	71.41973768956626	71.41973768074934	71.41973768956626	71.41973739157407	74.375	94.99424144864417	128.18540449767673	19.254301822408024	81.24235144375004
79.55480067913831	79.55480064883383	79.55480064592066	76.55234724888328	76.55234734205035	76.55234733285175	76.55234750078873	66.4773346374894	85.72830910825405	83.17434355779187	93.41781133187663	93.41781133187663	65.78783191645033	65.78783197745526	75.5554425385607	75.55544252567188	75.55544253423642	89.7619305169739	75.5554426131551	71.13271474632671	71.41973743839179	71.41973746184121	71.41973747356599	71.41973758435756	71.4197373915741	74.375	94.99424143016324	2.952994477998658	36.57291157782285	126.79730458680291
79.55480050350016	79.55480067359403	79.55480071713092	94.99424144864417	76.55234727768894	76.55234730340709	76.55234741180936	71.44196043627733	81.55391128338917	66.4773346374894	66.47733462194901	66.47733464867963	66.4773346360617	66.4773346360617	66.47733462344382	93.41781133187663	75.55544248247733	75.5554425472692	75.5554425472692	71.13271475438313	71.41973743839185	71.41973746184127	71.41973747356602	71.4197373915741	71.4197373915741	94.99424142021834	94.99424141781807	0.018740211932879447	41.93599295278628	194.041692951783
26.309043505451484	79.55480067913831	79.55480064592066	67.94115627676061	94.99424144864417	94.99424149254489	99.45123961254797	78.19681571247185	78.49602865564918	78.41879432213241	66.47733464867966	66.47733464867966	66.47733461188852	66.47733464867963	66.47733462194901	66.47733459820796	83.17434355779187	66.47733470513086	75.55544252558778	79.33178423292202	71.41973739157407	71.4197373915741	57.124183664099604	60.24053298625773	56.488583517530316	59.43429716221152	127.5	102.0	223.5629301900071	154.78572827021446
28.619742957029302	0.0	79.55480067359403	67.94115633996458	67.94115632947734	94.99424142021834	94.99424140600541	66.47594156088442	73.77902122243071	58.972419659701046	58.97241943971352	58.97241941952734	66.47733454730084	66.47733460640865	66.477334659409	66.4773346374894	66.47733464844919	66.47733470513086	66.47733462344382	52.783789891490585	52.783789622761674	69.70427134975048	52.783789620438796	54.2127991695707	48.281656181718745	31.557955461844642	127.5	102.0	166.7382485983253	135.17638416095025
208.37615823282135	76.76264897999997	104.94585909046154	79.55480058822485	67.9411563242337	67.94115634324541	94.99424143016324	94.99424141781807	94.99424141164548	63.75	58.9724193753124	58.972419325819686	23.06641314696367	63.32591642686327	66.4773346486796	66.47733457532786	66.47733463606173	66.47733462344382	52.78378961242052	52.78378966383238	52.78378966383235	52.7837896855292	36.38021341302937	36.38021343499997	36.38021341302937	35.504254961359834	31.557955461844642	138.98246111754162	74.89027952709097	11.35930159198196
208.37615823282135	76.76264894285057	76.76264889500001	76.7626488525	104.94585887951425	67.94115624053893	67.94115619041906	42.164433446277684	42.164433480297845	131.55636501490892	131.55636510745114	131.55636510630706	58.97241929078575	23.066413119208477	57.272935420874006	57.272935447645324	63.32591641861396	52.78378962043874	52.78378961242049	52.783789620438824	52.78378965378536	48.70716777164759	36.38021339249997	36.38021341302937	35.504254954320515	35.504254918553016	61.04660656008079	2.984685449917947	202.44550790162458	6.187411033896268
21.981054439851164	26.309043505451484	76.76264888747806	76.76264890593558	76.76264897999997	55.97787417112647	104.30458007537845	104.3045800345717	67.9411564762151	45.72908116636248	45.729081173733675	45.72908134666264	131.55636520032766	131.5563651028749	69.57833635834638	76.16791779267984	52.783789291985585	52.78378962043874	52.783789622761674	48.70716766336088	48.70716771447536	36.38021352000001	36.380213318083946	35.50425495635278	33.06431520650045	33.0643151846927	199.0402210403547	240.5104623398534	68.46634875445525	85.5634317650339
227.9450288558966	208.37615823282135	57.90674862821123	76.76264886544314	49.890632931346744	52.08384176433094	255.0	55.234244005516445	74.68777074986073	20.335004255650148	20.33500465221715	45.72908128901972	45.729081298609316	45.729081517181726	131.55636501490883	48.707167403376786	48.7071675934026	48.70716763376021	48.70716762003019	48.70716759836486	36.38021352000001	35.504254954320515	35.504254961359834	33.06431520650045	33.0643151846927	0.0	79.07602310302718	102.35795979795199	97.65483148283545	242.1203243509677
52.505834979900925	34.056517780015895	50.93940254957718	20.222993288046553	0.0	24.56915352153689	24.569153521536833	24.569153507954553	24.569153555121886	20.33500441997552	20.335004534131997	20.33500465221715	20.335004619556855	20.335004642572642	20.335004662269228	46.61144160870742	46.61144152148225	46.611441533092176	35.50425494024199	35.50425497525271	35.50425495080094	35.50425495635278	35.504254918553016	35.504254918553016	255.0	57.70506827012892	206.90151017339267	234.4736838672404	222.02490318228035	2.5035331606046043
58.115821101500586	64.98345434115052	27.01249382867556	50.33831008208182	40.333365616098604	6.41167321596609	24.56915342078176	24.569153506470713	24.569153506470713	24.569153477299125	24.5691535356423	24.569153533568823	85.46758721613247	46.611441533092176	46.61144147786965	46.61144151605663	28.537308443540212	28.537308383359544	28.537308402112586	28.537308411489107	28.53730834299307	26.02415924238136	26.02415926968058	26.024159342895075	82.77595861339341	57.70506827012892	57.705068295867875	3.5429313942009344	38.1223948551642	234.4736838672404
10.121278291536044	10.04792453629662	11.669563421403637	17.765628853234233	24.816573316204313	27.01249382867556	30.064706551057384	32.57536585338528	0.0	24.569153538752687	24.569153506470713	24.56915353273186	24.569153555121886	46.61144146470892	46.611441408016645	28.537308377063454	28.53730840051523	28.537308381341177	31.500818995352432	26.02415925286593	26.0241592528659	26.02415918173051	130.04808610065737	57.682052275129564	57.705067992886995	57.70506832058675	57.705068302334666	228.86248656088478	230.75033094767588	255.0
1.090874096886978	9.915167694773828	10.384545770118763	11.669563421403637	8.762465230030074	20.057182133969405	27.53605546692171	255.0	32.57536585338528	255.0	255.0	31.451129933216095	24.569153506470713	24.569153555121915	21.479235177439392	40.5624817277872	40.56248187603222	26.024159324278997	26.02415925286593	56.19929737101498	52.97999711158431	13.21962231411959	2.3667504974898748	3.0347776387818044	57.682052275129564	57.70506824643013	57.70506810807879	172.87231542131664	246.8853684600566	0.0
