254.45830470809508	254.99378143777778	82.3885916545203	250.180455984183	237.7263581813608	237.24626071213942	220.48747172967714	94.69298245614033	252.45	117.86666666666667	254.9520582411131	72.85714285714286	254.71706798231017	91.79999999999998	252.23862381919383	51.0	34.0	31.12640486057623	34.0	230.41071428571428	0.0	245.2715866141444	254.15653314652408	254.15653314652408	220.69353800828856	254.95148691982303	239.59402225609443	199.17902580213507	215.359112147149	253.32896946265765
254.99916401184242	254.77135727951895	254.69544227513202	253.74074075333334	243.37606837087912	220.48747075300645	0.0	230.4096016286008	215.81840704714696	254.7990256572444	115.38537896888795	254.55936	81.46961206860323	52.15909087945511	34.77272725297004	248.87442251113046	100.56010928961751	137.71196084417153	38.636363636363626	180.7514885888691	195.58064835139527	227.59072540376434	250.6677113376709	249.81326331018715	235.13676775511368	240.95251160536628	253.80275210020704	252.62889030612246	199.1790258122087	120.40234358979757
253.3107005681539	91.79999999999998	247.30726256948859	254.745	228.2809592022531	230.40960162477583	189.1669395997517	189.16693864578855	214.6137348759335	69.0625	5.047512929402387	254.47634588375024	254.34065827541815	252.64207299986265	253.6654409993524	243.35629013818863	31.201692129428068	72.60344121261781	101.55271169467957	241.17452901784858	220.0235905685393	210.6092843326886	211.06418918622055	250.363636359	231.61430388296895	239.39732383735114	162.37940264757535	71.38128861429831	158.61164445993901	253.53012238864792
251.09549485182453	63.46666666666667	231.79632520868742	26.362038626731078	165.97392577794105	124.73566973566975	194.79166657812502	214.6137348210347	213.5492806556024	252.45	89.21591921591923	229.64657449122262	42.5	91.87338129496402	229.64657449122262	237.08042665620144	13.474903532632169	237.69874184518181	101.33673010821968	214.47848802386812	215.19952537905857	95.28206416556236	209.62572674047198	48.918367346938794	250.363636359	154.57924510011514	124.15513228916544	162.3794026540877	88.45239483548525	254.1556409610215
208.65888685864488	24.574170905803527	248.5280067654492	1.0125810462250513	10.387000595711442	93.46153846153848	183.8821466294554	64.61538461538461	192.53787872224086	172.7593274817424	173.98846561867404	79.61538461538461	42.50000000000006	250.6363640868734	251.328	72.85714285714286	237.23492403748526	240.42316258351894	240.42316258351892	199.08864174212994	101.55271164403459	101.55271165204937	222.1153846168726	227.66272188585236	250.750000017	67.65306122448979	73.46338757396447	162.3794026216398	246.80280640167553	254.9291666712
161.4083310570654	4.419853298542904	0.08725583522806346	232.49496243772984	226.42774395489204	34.064812850332004	255.0	192.53787875489155	179.31238678022874	139.93853324580596	222.5559818850246	42.5	66.76363636363638	229.5	67.99999999999997	51.00000000000003	250.1555256340848	237.23492410550205	237.23492410550205	147.9531546019682	97.60187667780107	96.21953678206208	232.33333333333334	239.64987714831082	251.076923073	251.076923073	20.8163265306122	254.88393263541192	252.98518518518517	253.72507623452248
209.2379106308279	33.708619504287526	254.66238214837594	54.99496992595215	255.0	255.0	181.09582486516854	179.31238652848967	136.4527848383018	154.14820794375004	28.2766471634543	246.3205087213048	247.7821884708319	247.7821884708319	219.18206507468508	215.19042493406383	181.01444761388115	159.98390940110352	159.98390942521368	188.00894221168033	97.10489501753784	237.23492403748526	70.88814739836141	70.88814745206025	25.671140935290055	216.35824022044193	25.5	253.49112426035504	248.90586456538554	253.72507623432176
176.25698528649644	95.13711865438705	215.64290449726178	255.0	255.0	255.0	255.0	164.96623422921462	134.71684789289827	136.45278453764314	30.409637072258334	163.8465394510554	212.04883227176222	247.7821884708319	235.25710901427564	17.60791927376394	26.9210662918766	215.66299818323336	175.8149770653887	97.10489497445712	153.26093393933613	235.3846153846154	211.1052709704656	0.0	230.5084745794944	230.50847457915253	221.30177514480806	206.19987924845896	248.90586456431663	254.939644968
200.37424294655582	174.6835019699426	233.1107240888778	39.230769230769226	39.2307692307692	118.96161664510134	164.96623365086413	164.96623390064292	164.96623401392873	255.0	130.22854796044442	163.8465394251769	244.66926456911497	212.0488322717622	59.92243161288934	212.04883227176228	41.705757647213005	171.439586014825	223.3711426855249	222.0796415036715	25.760351748487295	42.25504322766571	68.02325581395345	211.10527092266196	170.3174375082101	225.78125	252.6818181795	235.5496616055332	179.44444444444446	249.6619591346154
245.9743988003711	4.970884701363616	238.7663804546795	58.84615384615387	154.64429249727849	16.60804412251656	164.96623384364761	164.966233844	164.9662339006429	164.9662337627543	130.22854791689684	244.66926492358587	244.6692646028775	244.66926423394122	59.922431625384775	114.05853624549943	114.05853624549943	170.5960345557611	59.92468630722723	59.92468635579223	13.085759019729807	50.632232097937276	50.63223207697996	195.29865584625	176.3895083488215	65.38706654170576	130.43357612122787	141.66666666666666	167.93744568682655	48.44999999999999
253.95189935296855	4.591220441303648	6.346318546624218	16.608043893600097	16.60804395952053	16.608043924223153	16.60804396493586	164.96623365086407	164.96623394003936	164.96623376275426	43.15384620131539	244.6692631628158	244.66926418619116	244.6692643363404	244.66926424860395	199.25207184450224	199.25207184450224	208.19393658000953	178.97368876613996	59.924686132719586	59.92468631221746	148.79750713971046	150.21218003200372	150.212180016169	246.35495352512504	176.3895083830988	57.52800000000002	123.76417769376181	172.137451171875	58.41080440547361
254.89468185187738	151.22308317713447	58.84615384615384	20.351538133885924	20.20053371559115	16.608043906574466	103.60856404546197	103.6085641665965	16.608043886145452	16.608044052462702	43.15384620131539	240.21910253332985	0.0	0.0	204.15964330321327	204.15964290468366	204.15964330321296	204.1596447534318	204.15964479480746	160.0397965005257	183.8311177059081	183.8311177233262	183.83111770590813	183.83111775153964	183.8311177825447	48.93939393939394	134.47265625	69.17417417417417	69.10942300307218	71.38128861429831
167.60081968951926	60.83709058427888	27.73548727941244	204.3177098185135	104.70976751789104	104.70976758825259	20.200533413851048	20.200533561480455	20.200533615011125	20.20053371559115	20.2005336166215	224.4	42.5	197.65311284280943	100.19589107667801	100.1958910795332	128.23762264643022	204.15964290468366	204.15964277911354	204.15964315864545	183.83111773577804	183.83111769371698	183.83111773162636	183.83111781693373	183.8311177830629	46.49066002490662	48.527644230769255	232.12137416706628	254.745	243.686949518726
254.16885950809555	42.40528844360006	71.16888232396181	71.16888232396181	104.70976745959553	104.7097674775136	104.7097674775136	104.70976748536114	20.2005336270025	20.200533623542213	40.79999999999998	26.921066422896786	36.6310462787533	83.12573641007316	83.12573654678562	197.65311284056264	235.13406437125494	191.95117159303427	32.95124366014332	30.447761194029823	108.05084742356365	183.8311175361112	183.83111772332623	183.83111774448548	183.8311176760382	84.99999999999997	192.80487804878047	202.74978965864145	232.3953201762409	255.0
6.3507592535486594	18.110407652639083	71.1688822169371	71.16888225551449	71.16888221745529	71.16888246388876	104.70976748536114	104.7097675133497	218.7223227786042	28.2766471634543	106.2048118094709	174.36191973458108	117.57359038002113	171.87426345321438	171.87426358992684	132.5649808218056	119.12716631595808	180.95659125843557	30.447761172727752	120.46266220712351	120.46266227556816	150.29023248665032	150.29023251463886	183.83111778254468	183.8311175361112	76.7741935620968	72.06521739130434	199.83558208571125	243.686949518726	255.0
6.3507592535486594	18.11040765795508	71.16888221745532	71.16888226837364	71.16888227667374	71.16888227667377	71.16888230628302	15.173653095132863	29.013957021926387	99.97184839905916	99.94791108884442	116.70452897750889	195.89779145021257	167.58158196622665	167.58158168141318	132.5649808768141	167.58158166955585	167.58158172369298	167.5815817206123	154.80410892046677	150.29023251463886	150.2902325146389	150.2902325224864	150.29023254040447	150.29023248210893	30.599999999999966	72.06521739130434	192.8048780487805	221.29466968959895	182.94109511634122
18.110407485961844	18.11040761096976	18.110407716739473	71.16888218306627	71.1688822940919	71.1688822940919	71.16888226422196	4.634724175014497	82.3321667712467	82.33216678145422	93.05410399464037	16.5316938212664	167.58158160887197	12.691588876673961	12.69158891573744	76.30184570904132	76.30184567063239	154.80410892332202	21.5073484927824	102.39947152701953	27.81818181818187	105.10967032078807	150.2902324117474	106.76574444011794	28.333333333333343	79.6875	234.64846186611402	143.8155244685767	12.543085020512592	47.06532198102846
28.24036914114933	18.110407472613787	18.110407735977645	108.70403287329574	71.16888224846033	19.105034560678575	5.607228930277557	4.634724251858586	82.33216677692931	82.81933418713828	87.89708904445689	82.33216675260573	82.33216676569046	82.33216680076453	15.173653168970588	68.44657523697569	68.44657522527848	3.2902526337448705	21.507348443229404	102.39947144911068	105.1096702627755	90.03376623724569	90.03376605996064	90.03376623724571	90.0337663491359	26.5625	255.0	28.36398058455123	250.8248257558976	98.57694873568684
28.24036940028509	28.240369389527643	18.110407677549915	19.105034382785874	19.105034474863373	19.105034477883237	19.10503466807782	21.288126461968346	85.82608693238566	91.66930596161589	87.89708904445689	88.91492119126411	82.33216683365777	82.3321667883462	8.100056610065991	8.100056624626205	8.100056609602433	3.290252586221982	8.10005678380989	124.77145208310318	90.03376623724569	90.03376609935708	90.03376615600004	90.03376615635239	90.03376634913587	26.5625	255.0	42.139407171578995	81.14197073865267	237.2394010006285
28.24036923126951	28.24036935081861	28.24036947036771	16.60804412251656	19.1050344319558	19.105034551034436	19.1050346458714	5.607228916295696	80.78417407836665	21.288126461968318	21.28812644270289	21.28812646125519	21.288126408813525	21.288126408813525	21.288126453173902	87.89708904445689	8.100056625431591	8.100056624223583	8.100056624223583	124.77145203955553	90.03376598607127	90.03376609935708	90.0337660304128	90.03376615635239	90.03376634913587	255.0	255.0	41.129780161978005	79.62362507255614	35.35210509845993
75.06047345752779	28.24036940028509	28.24036939066832	250.36867116102925	16.608043893600097	16.608044052462702	93.9506096350456	77.82673188788254	78.86963965037108	76.65796863225452	21.28812646125519	21.28812646125519	21.288126425192246	21.28812646125519	21.28812644270286	21.288126445092587	91.66930596161589	21.28812651976466	8.100056608675203	61.42305436666314	90.03376577078538	90.03376605996064	41.81561827815864	43.565169595195755	19.13759923875827	78.846284486082	229.5	255.0	56.06580897913875	222.21003054756645
0.869056209377959	124.36046747174288	28.24036935081861	250.36867109837388	250.3686710990888	16.60804396493586	16.608043886145452	72.66548674271226	77.39113745459898	227.94954579339117	227.94954560608807	227.94954563280456	21.28812644096064	21.28812642343746	21.288126384906576	21.288126461968318	21.28812646547803	21.28812651976466	21.288126453173902	14.087336076747874	14.08733578527523	19.59557161772466	14.087335863921652	15.78879622322603	16.357198730297455	164.61277557561658	229.5	255.0	199.44674606945446	250.24171802047954
112.82603105762448	255.0	8.56402412610771	28.240369368012608	250.3686710404044	250.36867107204267	16.60804395952053	16.608043924223153	16.608043906574466	166.66540869	227.94954561554854	227.94954553941938	143.9576644232605	7.53586244184018	21.28812646125519	21.288126384906548	21.288126408813582	21.288126453173902	14.087335682597768	14.087335690347174	14.087335690347146	14.087335733740815	11.668160130836071	11.668160119999982	11.668160075463504	26.70840451494348	164.61277557561658	118.19989284813704	80.87869776661671	246.17080140948255
87.91144043345099	255.0	255.0	255.0	8.564024005546287	250.3686710275494	250.3686709824348	83.70715786643908	83.7071578568544	140.55030237834512	140.55030239324435	140.55030246148345	227.94954573542466	143.95766434687152	96.29582767972099	96.2958277284865	7.535862480457411	14.087335603559922	14.087335682597825	14.087335668650411	14.087335493802641	12.796426217499942	11.668160077500005	11.668160093920989	26.708404509648176	26.70840451656113	217.7433253138805	12.684444597216327	122.7642261047111	22.238039102903997
8.800341281613157	75.06047345752779	255.0	255.0	255.0	58.59145183415973	17.765075962514743	17.765075894497954	250.36867089406957	210.19463339233064	210.19463356648083	210.19463339355175	140.55030249688855	140.550302234682	69.49547266410619	77.80188082214607	14.08733547724296	14.087335603559922	14.087335635398972	12.796426359746818	12.796426501797242	11.668160204999992	11.668159914413224	26.708404511961646	22.121196310911955	22.121196195406753	110.04191316193445	219.20034861581922	38.91421941768519	182.65587629817912
94.22193559000789	87.91144043345099	49.80598125474677	255.0	50.003665324318916	72.4339707631269	54.207348557535084	49.43392555321199	174.36191973458108	132.00879384696765	132.0087936578913	210.19463339355173	210.19463335985728	210.19463340400634	140.55030233149353	12.796426229754758	12.796426359648564	12.796426307258912	12.796426359746818	12.796426359746818	11.668159949999989	24.681443625435435	24.68144357977107	22.121196310911955	22.121196195406753	165.75165402282317	255.0	0.551246797390462	101.17821561696721	162.75828901631888
245.3098406498722	205.3516434839343	25.728119448535864	25.837084124902674	96.27562641868838	92.18845218940655	92.18845222657245	92.18845220970505	92.18845225030208	132.00879363987252	132.0087935684858	132.00879377883442	132.00879370608544	132.0087937162244	132.00879377488525	34.4693620987907	34.469362057279454	34.469362060504494	24.68144371676425	24.681443653017254	24.681443648267646	24.681443644163977	24.681443626457423	24.681443560586416	204.3177098185135	255.0	171.6121244680777	12.704527671893743	9.330213049490823	139.34440345447726
248.533838618936	16.081635505901858	45.684891360443885	60.83709058427888	204.3177098185135	34.5847766104294	92.18845215538369	92.18845220531588	92.18845220531588	92.18845221698655	92.18845225820908	92.18845225042867	3.9891386098622093	34.46936202923564	34.46936203652385	34.469362032053425	20.1526998036737	20.15269979314712	20.15269981190019	20.15269979314712	20.152699694607662	8.346681550390713	8.346681579797519	8.346681462170437	3.5893330247928077	255.0	255.0	252.25597272316926	8.726042573917994	15.5639372242822
10.113968758760905	10.374478109665432	12.330081174239325	11.747902429911989	16.45571411720644	35.642129522906544	29.53481524535127	35.642129522906544	143.7916034413019	92.18845220531588	92.18845220531588	92.18845220970505	92.18845225030208	34.46936195479219	34.469361966697875	20.15269984496004	20.152699819030204	20.15269977755605	42.969750394664004	8.346681587196684	8.346681560789932	8.346681431349225	226.96813904043208	191.9817856261043	255.0	255.0	255.0	2.2265316384012124	142.31733819913933	255.0
1.0959677872557165	9.951658417518217	10.551090613447855	12.274058139827702	0.0008281855770917446	20.815280513424966	0.0575114697007848	42.768578068619036	45.684891360443885	40.76568839783258	42.768578068619036	3.5893330247928077	92.18845220531588	92.18845225030208	217.7433253138805	197.84041560584922	197.84041557208542	8.346681638611017	8.34668154758657	70.0422796957942	66.28348617664653	19.196197477529466	0.03442180183463961	4.410732003783693	69.25617754596345	255.0	255.0	163.12590524396364	65.15135095791487	0.0
