254.90797112289087	254.86046989333335	248.1487350675431	254.43538646973406	248.4379963906879	250.98675896935097	250.29625767966402	244.0953947368421	214.2	163.2	220.73058812877994	232.23214285714286	90.89628097870136	253.86666666666667	254.05988711690858	199.75	233.75	178.76453507737006	233.75	165.02142857142857	231.8181818181818	210.78039675238898	196.02982104974456	196.02982104974456	252.8625542432883	226.64178596908488	254.62836427819116	248.990936352726	253.08992200289055	253.592545273744
254.97961218440227	243.79693333851006	252.9077680111082	249.03508771333333	250.7229612664835	250.296259260967	231.8181818181818	235.99824701374376	239.4850518718707	215.08778531473496	230.12859355376068	54.435594089999995	241.25566655046077	204.289772611199	239.06249986416904	252.27709266780045	247.6844262295082	193.12787018420738	183.12178387650087	225.01876950440308	248.63150761782424	227.7214106675988	237.46019627835094	184.53972796835944	234.90583234683606	240.84902770303484	211.12392080675613	223.25041836734692	248.9909363526143	254.99032236979883
252.98385257502508	243.02916666666667	244.72802118658	238.68	224.93448351310875	235.99824699095592	238.73862351042462	238.73862307804734	222.70247526671756	227.109375	196.7369900685793	40.47605864865318	188.29698383470532	67.83633586060449	182.1600623398057	249.68674432204327	179.19692338799663	191.43281442031954	182.3156434707136	151.79121173849177	219.89049092060134	234.6953578336557	242.54158004206363	248.625	231.45249333353297	239.31639577087347	234.04157650526923	234.68034438541858	252.78114938164288	254.90127532158746
0.0	253.22916666666666	228.2809592022531	75.15630390851857	254.1840592044011	89.21591921591923	230.674342203125	222.70247517713483	221.2596676792827	214.2	246.13899613899613	183.87689227210745	191.25	194.53381294964026	183.87689227210745	215.99932528153795	233.98797980776428	246.08120791303318	241.63171744227535	214.5321421135711	214.98787906527076	248.38778607429754	236.8069334574468	246.43061224706634	248.625	233.11054282007836	238.8044563783368	234.04157651034387	254.71202193532318	247.85177419354838
8.181510248356659	180.74140244760164	95.42047733160578	252.3444619507694	14.778830794910647	64.61538461538461	225.98047245251283	230.76923076923077	203.45095714204723	223.33787906675977	233.30775720077762	184.6153846153846	191.25	26.917704791686873	37.72189347	232.23214285714286	231.27018738236615	132.42204899777283	132.42204899777283	200.46162683881983	182.31564346924483	182.31564345802752	246.30177512347052	169.6153846077097	239.307692292	240.71768707482994	248.8341933510216	234.0415765030015	253.64612862596803	254.0343195288
211.11719933069838	95.52912672500642	200.4213316261863	28.864614173548773	44.938822584995506	9.070373671635593	101.47470229499999	203.45095690240242	191.61533158836875	207.51623838311804	147.61011178668943	191.25	159.8	153.0	102.0	238.0	150.25910865583734	231.27018734532402	231.27018734532402	233.59582066747134	185.14021670191704	255.0	172.05679012345678	202.44932432432432	214.2	214.2	255.0	195.57350933090578	228.02127033480667	244.75626484531648
244.52536384555503	235.9711398542606	163.74314396193608	218.59212717058205	101.47470222504387	101.47470222504387	193.60155167211758	191.6153313304983	205.68250639661144	203.12722265625	157.13203535753348	117.64057051039259	128.68829823955815	128.68829823955815	234.2805923791947	134.33799253246815	172.26615136243748	203.11024167850712	203.11024165562014	186.12006498105507	225.05228522844075	231.27018738236615	161.0847363071377	161.08473630738575	207.93624157584964	225.19338203463417	206.55	158.43195266272187	226.64745762711865	244.75626484554078
254.36455249861825	88.98696872269255	79.25646520824981	101.4747021675	101.47470221	101.4747022250439	101.47470226911383	178.54653847887852	204.75985341256637	205.6825059434127	164.95577479194338	151.61355610212445	229.73460721868366	128.68829823955815	38.59633790181692	181.38784065791333	136.30395960396157	104.49694135386997	103.52546181208646	225.0522852522348	194.05578579427606	98.07692307692307	151.2614541164362	255.0	184.11864405241312	184.1186440677966	178.78021978152952	169.42720530485457	226.64745761954143	248.472
4.09022040817527	222.93122009152745	3.0577894591794745	196.15384615384616	196.15384615384616	196.2985271642088	178.546537900528	178.54653807794256	178.54653810304472	101.47470254999996	172.22306397869028	151.613556023466	106.63517788348528	229.73460721868366	106.11102896545708	229.73460721868364	135.17339449014202	173.65033782954492	152.99999997719212	191.74228537104977	208.25394264779553	187.39193083573485	84.06976744186045	151.26145412086083	131.8586612972105	184.875	229.5	207.79678068410465	172.137451171875	231.8048076923077
212.07093591694107	199.29371720379416	251.20377716672897	39.230769230769226	171.69061045914717	117.17854150809637	178.54653809331148	178.54653806539147	178.54653807794256	178.54653810304472	172.22306402499245	106.63517694750794	106.63517670161531	106.63517695628644	106.11102893334356	207.4871317045424	207.4871317045424	170.52232165678657	124.45929533048212	124.45929536335868	143.84807695929928	126.0674157303371	126.06741571001231	143.0033784375	160.30391950020294	126.31530325344761	155.81859175208115	134.47265625	193.14492818804337	245.7945
253.50238532133045	31.24735640920761	6.346318546624218	117.17854127917988	117.17854122918652	117.1785412470974	117.17854124411568	178.546537900528	178.546537900528	178.5465376006958	56.100000005609985	106.63517644300663	106.63517670161531	106.63517686324033	106.63517716686508	101.60209153542354	101.60209153542354	227.23909845747846	109.56782157164804	124.45929527475079	124.45929531982301	133.68567247064126	133.84522675685366	133.84522689268013	141.69170651875737	160.30391948273962	137.088	179.68100189035917	172.137451171875	232.12516904224603
198.63010337380535	253.81860964406096	39.2307692307692	28.494349988218147	134.92552669983712	117.17854125605282	176.71476028562716	176.71475983756397	117.17854122658358	117.17854138233633	56.100000005609985	96.15447005997137	130.08527787244424	130.08527788731965	224.59937280812977	224.59937384812775	224.59937377494114	224.5993742583483	224.5993737229839	159.56042991840053	114.01621738442901	114.01621740194898	114.01621738442898	114.01621743982773	114.01621735653319	108.79999999999998	134.47265625	143.20432432432432	143.07027649769586	234.68034438541858
4.09022040817527	89.85526494981661	169.76514915475138	71.99616450855797	160.67031830924088	160.6703182358595	134.92552639809696	134.92552647917762	134.92552649867702	134.925526548967	134.9255265408837	19.615384634999998	191.25	79.70230126302707	164.67067723922185	164.6706772561596	141.370898169367	224.59937384812775	224.59937377304152	224.59937344679258	114.01621744360051	114.0162174246569	114.01621740038004	114.01621742465693	114.0162174322821	94.95018679950186	107.88461538461539	95.46415305760988	238.68	95.20269985088166
1.7220253653228497	27.73548727941244	140.98378267474257	140.98378267474257	160.67031826959834	160.67031822004083	160.67031822004083	160.67031821971574	134.92552647917762	134.92552649974633	112.20000000000002	189.1592832044682	57.477849466180345	182.48436021565078	182.4843602446273	79.70230118477792	88.73920478509359	215.63957981599972	236.92324666088058	83.73134328358208	77.79661017608444	114.01621735653313	114.016217401949	114.0162174083556	114.01621732525743	79.6875	134.0650406504065	11.647146512190716	216.70719412320378	180.27906976744185
91.41100953616265	139.03703093488934	140.9837825677179	140.98378259164443	140.98378264346687	140.98378264346687	160.67031818010562	160.67031812092588	13.336542269487751	157.13203535753348	106.4413524121828	93.72383928884992	119.42538742670314	72.51563975537272	72.51563978434922	67.03668833584285	118.35500855592215	206.4900590142183	83.73134329636332	104.93912313071638	104.93912333522724	94.32968187907412	94.32968178028429	114.01621735653313	114.01621735653313	95.9677419217742	116.41304347826085	46.707783630068235	95.20269985088166	145.71428571428572
91.41100953616265	139.03703092269996	140.98378264346684	140.98378259961993	140.983782598051	140.98378259805102	140.98378257534307	62.68160848806755	86.06483505285027	99.43228350158518	99.42017910929187	113.50336034006128	20.746683338815444	197.34061307458478	197.34061319888082	67.03668838263158	197.34061321508452	197.3406132150845	197.34061314163708	90.32932274384038	94.3296818198944	94.32968179348762	94.32968177995915	94.32968173040166	94.32968169075912	81.60000000000002	116.41304347826085	134.0650406504065	237.2394010006285	252.345380799604
139.03703095246834	139.03703093928408	139.03703095147625	140.98378257534307	140.98378261557102	140.983782615571	140.9837825563995	42.95777172844598	36.66801726604331	36.668017277738215	92.27022052224171	89.11894636091873	197.34061315103412	118.65087439276917	118.65087442095054	110.4402196244964	110.44021964756163	90.32932276077818	62.34728373568288	61.66911563004541	60.27272727272728	90.43626871664162	94.3296817641405	91.41541664404474	68.0	79.6875	226.50565001178182	146.98535300560417	64.81905330249543	30.339264659139815
18.110407485961844	139.03703089392366	139.03703092609982	125.18288004136289	140.98378256017224	61.39098860759097	43.19231793306034	42.957771734730755	36.66801725097392	88.38564748365704	105.8274397143222	36.668017278683976	36.66801728451145	36.66801724591227	62.681608544941696	104.29666002154158	104.29666006510837	148.79149030575675	62.34728374830391	61.6691155759531	90.43626881611647	76.45346189695528	76.45346209947203	76.45346239930413	76.45346209947203	63.75	48.26781180431158	82.71439743595462	249.04471827756203	81.24235144375004
18.11040761096976	18.110407652639083	139.03703093229205	61.390988412064274	61.390988521775824	61.39098854836905	61.39098852458346	52.52257668497876	85.33781280386034	70.85622893467885	105.8274397143222	87.89708904445689	36.66801719763194	36.668017255551604	129.0383803928318	129.03838036563351	129.03838035625736	148.79149030598987	129.03838037067584	82.77693597500758	76.45346189695528	76.45346192205744	76.45346193460853	76.45346190668852	76.45346209947203	63.75	48.26781189348836	60.25506783844983	250.1507656712686	50.806252099826764
18.110407472613787	18.11040765795508	18.110407716739473	117.17854150809637	61.39098847886822	61.39098844787836	61.390988749621755	43.19231793878964	80.88138080678829	52.52257668497876	52.52257666828805	52.52257666138112	52.52257665141198	52.52257665141198	52.52257668984373	87.89708904445689	129.03838032775644	129.038380384572	129.038380384572	82.7769360213097	76.45346189695528	76.45346192205744	76.45346193460853	76.45346190668852	76.45346209947203	48.26781186617356	48.26781185407657	60.490945901800416	70.86574574202771	245.5205574940435
4.044494591758593	18.11040761096976	18.110407677549915	9.451743079918657	117.17854127917988	117.17854138233633	84.77171472113943	78.33418217290748	80.07748948929628	76.9392849842755	52.5225765645792	52.5225765645792	52.52257663490664	52.5225765645792	52.52257666828805	52.52257671830628	70.85622893467885	52.522576735050905	129.03838037067584	42.4279782998496	76.45346152112148	76.45346181029674	53.621684846759734	43.565169595195755	47.817317342121555	64.52604754836531	153.0	102.0	155.2689188991581	19.173830219184538
6.346318546624218	60.66363235609373	18.11040765795508	9.451743187963388	9.45174314714319	117.17854124411568	117.17854122658358	69.31820072519162	76.57773540182993	64.6250345683718	64.62503435197655	64.62503415528386	52.52257667427	52.52257665159735	52.522576618215936	52.52257668497876	52.522576651597376	52.522576735050905	52.522576641442754	43.13635140998946	43.13635143534273	43.787150081445276	43.1363513426046	44.72161308883929	40.87019237662392	104.28437509788515	153.0	102.0	79.25763814843606	184.25962860203032
87.91144043345099	101.47470229499999	12.175009231225772	18.110407735977645	9.451743126733106	9.451743167191921	117.17854122918652	117.1785412470974	117.17854125605282	10.003924635000004	64.62503412676085	64.62503411657377	62.58712945252813	82.54800503943108	52.522576661381095	52.522576618215936	52.52257665141195	52.52257668984373	43.13635132697419	43.1363513426046	43.13635134260454	43.13635134260463	30.392534001348253	30.392533955000005	30.392533945975686	24.68144357977107	104.28437509788515	5.25904874679253	35.84613499000943	38.86566774959525
250.24171802047954	101.47470222504387	101.47470221	101.4747021675	12.17500911655091	9.451743210828596	9.451743183586558	44.91379902805548	44.913799030336406	172.6915972984735	172.69159729396233	172.6915972092968	64.62503410411043	62.587129488829504	44.683515059298	44.683515062113116	82.54800504484024	43.13635134260454	43.13635132697419	43.13635134260463	43.13635116094375	29.51566230218043	30.3925339125	30.39253396443314	24.681443625435435	24.681443626457423	39.3350700344275	101.61700014774127	232.09262086261117	245.5270403363885
198.69059153252329	4.044494591758593	101.4747022250439	101.47470222504387	101.47470254999996	55.54517752182551	23.729812617633883	23.72981265467598	9.451743069840603	50.237511671455934	50.237511862000844	50.237511689071795	172.69159727633183	172.69159717105947	69.50800416651327	73.44180356498984	43.1363514099894	43.13635134260454	43.13635128546656	29.51566229693188	29.515662267535077	30.392534040000015	30.392533793057282	24.681443644163977	40.61237519461852	40.61237517936547	101.58910129873908	19.243752784522457	194.85836213440962	16.46978287194554
4.073224587930838	87.91144043345099	237.37180920846103	101.47470226911383	49.915240012627294	49.509782498504364	51.60519505800826	60.23560319102231	93.72383928884992	74.95083779971415	74.95083814244376	50.237511689071766	50.23751175186436	50.23751189467072	172.6915972047704	29.515662166939848	29.51566213519888	29.515662279083557	29.515662253601192	29.515662231935863	30.392534040000015	24.681443625435435	24.68144357977107	40.61237519461852	40.61237517936547	0.0	79.07602310302718	241.641667410212	218.49707234325825	22.134520820933602
140.23325008818858	11.251809870439644	43.12625306074162	61.80585187313176	143.7916034413019	23.63411219211295	23.63411219211295	23.634112190964743	23.634112188668325	74.95083797642013	74.950838078196	74.95083814244376	74.9508381437391	74.95083810689565	74.95083817651062	22.761574231986145	22.761574236270604	22.76157424355955	24.68144371676425	24.681443653017254	24.681443648267646	24.681443644163977	24.681443626457423	24.681443560586416	0.0	57.70506827012892	156.11764562221964	57.48914993072401	13.268671995823723	184.31726358352736
113.23347179458398	221.98162348423844	30.374465792951497	89.85526494981661	71.99616450855797	89.7951918524117	23.634112202446886	23.634112178194755	23.634112178194783	23.63411218118671	23.634112239766722	23.634112194729482	220.0159645786694	22.761574212290697	22.761574238412862	22.76157421415141	26.563102200097802	26.563102111920898	26.563102093167913	26.563102083791364	26.563101968003423	21.74094290720771	21.740942935017586	21.74094300618944	54.61283193544992	57.70506827012892	57.705068295867875	216.816205178284	162.33544631113762	12.704527671893743
10.101130392204766	12.390295342840489	11.789988393932106	24.336367425052657	24.47007673446791	30.374465792951497	29.987214125436765	30.374465792951497	46.96371222022785	23.63411219971607	23.634112178194783	23.634112190964743	23.634112188668325	22.76157408798767	22.76157414975293	26.5631020498013	26.563102090797713	26.563102049866302	34.44345114198609	21.74094296725474	21.740942940847987	21.740942815568474	52.10880364579657	69.25617754596345	57.705067992886995	57.70506832058675	57.705068302334666	110.18450225021189	148.39146216485108	255.0
1.0920206025053574	10.249384078791593	10.052217514935592	11.789988393932106	162.914551579195	18.28282693340418	189.47542213470405	27.01249382867556	30.374465792951497	27.01249382867556	40.76568839783258	54.61283193544992	23.634112178194755	23.634112188668354	39.3350700344275	181.04319888793674	181.04319898010533	21.740942990637308	21.740942927644653	17.58214080380054	16.401892870293352	4.358823294949758	1.39882978525128	7.3025033637503896	20.283443501017388	57.70506824643013	57.70506810807879	234.55914272062606	158.595636762253	0.0
