254.85370241808886	254.5984504925926	249.21325874364365	246.5475301969326	242.79606205259518	229.0207698467548	215.01579572876716	187.8015350877193	191.25	182.46666666666667	212.51479711286373	218.57142857142858	167.23391576537864	236.86666666666667	254.85019465545705	210.8	224.4	182.94803206065177	224.4	172.125	231.8181818181818	243.15366608158948	175.4764957406171	175.4764957406171	254.16146096801316	210.59075688415626	254.84191471272598	247.49482367133538	253.9056772958209	254.27059519329794
254.9643016724218	246.246328125	252.17226774150853	244.88095235666665	241.8563579478022	215.01579551660345	231.8181818181818	211.26975248324962	205.76841408813544	206.54210906810425	252.32377319511585	129.52617007499998	161.46886655191122	204.289772611199	221.676136237684	254.35533408216634	240.60109289617486	235.87449125624747	188.80789022298455	165.7919615481401	251.63505234093677	224.4977973767349	233.74757076525984	128.90157478687115	234.8431361996437	240.80926558780763	171.25955479168712	228.065625	247.49482367250604	254.75221654681891
254.43266841977572	247.33866666666665	240.55067839242685	223.125	229.62439512960856	211.2697525756084	182.19442652803383	182.1944258664243	189.5321875153258	152.734375	179.2353221812242	111.83221113678684	177.98066965826717	137.29923651174903	171.87276001167157	253.7707638570593	183.39053924184924	170.3830397378124	176.67889746902807	110.75414554583827	249.2578604463652	195.15473887814312	238.5654885617274	234.6	231.7009229477686	238.97467745395073	230.6929697716023	237.76207763659679	248.4058826335786	252.45643786294013
0.0	251.328	228.2809592022531	177.1099795349939	255.0	89.21591921591923	180.245535828125	189.53218746684294	190.4866508441482	191.25	200.3950103950104	28.733882243281016	170.0	144.0474820143885	28.733882243281016	204.20278415761987	199.6518386108013	252.52535469232663	219.7863531288745	214.28914436509677	215.01036765507646	235.501866296843	200.4402066797731	229.74285714068878	234.6	238.47922789165972	226.50758719109746	230.6929697769111	252.49834013679197	254.5248538705357
135.17607664808347	154.0607774778786	254.94085850275107	196.82128222784024	185.8569440393892	64.61538461538461	167.2089648687416	166.15384615384613	161.8587664356569	166.7656010058621	162.80677864078882	124.61538461538461	170.0	78.11742379922936	96.06648201000002	218.57142857142858	192.49284997443672	112.63919821826283	112.6391982182628	200.34779355033422	176.67889742283126	176.67889744048682	235.65088757395245	209.61538462128436	235.384615365	212.9047619047619	236.7888374454014	230.69296976839559	243.18454187530318	253.4911242612
178.57191583705676	221.56408474286064	6.88265313329137	10.858756125372963	206.05366168380476	118.05673103080403	76.76264897999997	161.85876621775347	146.3640094003885	132.79175151039496	85.57074662144322	106.25	110.34545454545454	127.5	119.0	187.0	140.12261575712193	192.49284999538864	192.49284999538864	242.56338884966212	195.17074237257438	255.0	178.60493827160494	213.64864864864865	226.666666644	226.666666644	255.0	247.57168866636323	232.11291977848904	253.92600374374445
122.72667852827564	11.946462860663217	0.7630056855772409	170.74463091007814	76.76264890593558	76.76264894285057	147.00420737017714	146.36400927588915	129.22881351932492	138.03573618750002	134.02854290821654	107.80479517483809	118.65377977217807	118.65377977217813	248.44923589385792	16.204717464717703	100.74018181332258	192.37018355187104	192.37018355881975	187.66975813015813	215.24742913066194	192.49284997443672	188.35968817951863	188.3596881736325	220.77181204349466	233.41211860274564	226.44	230.85798816568047	249.676180119217	253.92600374344866
179.82047622621383	220.17811643777165	166.74113447475838	76.7626488525	76.76264889500001	76.76264888747806	76.76264886544314	130.30774201652758	127.45695680706024	129.22881351551564	81.25765782058014	136.61779882368603	246.87898089171975	118.65377977217807	89.92631451728545	166.66540884216857	148.83503399913664	71.34982224028357	109.62763328128236	215.24742907847335	142.4886198089903	176.53846153846155	214.84510400534114	255.0	232.90960450844395	232.90960451593222	224.90231990510918	239.89336787199733	249.67618011895212	251.851851855
123.61430311999595	209.2379106308279	253.67714173860378	117.69230769230771	117.69230769230768	111.39871266875002	130.30774201652758	130.30774182615906	130.30774195082444	76.76264897999997	145.87942901418444	136.61779874800538	97.09255127885575	246.87898089171975	177.22853148797805	246.87898089171975	114.50559819219174	166.5180096659642	170.00000003801313	184.2757249593222	174.7468291492749	164.61095100864554	129.41860465116278	214.84510397611024	216.2482045379739	232.569444445625	229.5	227.80684104627767	239.18470594618054	251.4532882239904
29.599443493425696	48.62905970686694	0.008087815299120393	39.230769230769226	112.75641984227278	94.99424144864417	130.30774182374404	130.3077417638264	130.30774182615906	130.30774195082444	145.87942902476294	97.09255221046553	97.09255179491731	97.09255164763141	177.22853149906354	217.90606234932872	217.90606234932872	170.2503168582927	119.04423879635937	119.04423882636314	169.6606773037973	153.2651349991615	153.26513501113755	206.30556930375002	207.35274094156335	188.48139930761434	220.91744710223725	215.04557291666666	242.53971184397133	251.80128
177.958613371676	10.675246379530336	228.38343534127276	94.99424144864417	94.99424143016324	94.99424141781807	94.99424142021834	130.30774201652758	130.30774172735232	130.3077414484755	124.66666655446664	97.09255114789573	97.09255179491731	97.09255168914709	97.09255223368365	84.13151681870181	84.13151681870181	246.00347629048673	115.42657579215975	119.0442387289369	119.04423876306643	180.9806360367372	184.77635393726177	184.77635396518377	88.21219045171168	207.3527409519183	201.042	227.8851606805293	239.18470594618054	234.56068146945137
151.79205740044438	254.7399594479662	39.2307692307692	102.81665657929764	57.89956527410712	94.99424141164548	97.12173622311255	97.12173636896037	94.99424140600541	94.99424149254489	124.66666655446664	87.44461464157641	130.08527787244424	130.08527788731965	245.06743089191608	245.06743167167758	245.06743185872782	245.0674323421346	245.06743205067178	159.9195776336531	189.05286989996804	189.05286986512664	189.0528699534804	189.05286992703162	189.05286992602726	176.8	215.04557291666666	210.42834834834835	210.23137480798772	237.76207763659679
123.61430311999595	50.33831008208182	90.53745299102215	40.333365616098604	89.91334195065238	89.91334205380292	57.89956527410712	57.89956531029941	57.8995653746872	57.899565424977226	57.8995655426331	53.684210579999984	170.0	65.70688612714349	151.49134610599447	151.4913461043539	143.18368133145816	245.0674310418554	245.0674316471452	245.0674323138907	189.05286987413402	189.05286983467636	189.0528699085794	189.05286995789308	189.05286992580207	153.38107098381073	175.3125	254.94087468933807	223.125	28.22760429827298
52.09535510401861	27.73548727941244	65.94713018122258	65.94713018122258	89.91334202164373	89.91334201092397	89.91334201092397	89.91334200193944	57.89956531029941	57.89956534406261	71.39999999999998	123.31856626171214	68.77433050451256	196.61711127764005	196.61711114135028	65.70688609927595	80.59404161680851	241.44344270707245	204.93358969296904	106.56716417910448	155.5932203521689	189.0528699260272	189.05286986512667	189.05286988612892	189.0528698187774	154.0625	16.585365853658544	2.7960426923923762	7.376539125523777	180.27906976744185
253.94055613294563	64.64853780580447	65.9471300741979	65.94713011387105	65.9471300739728	65.9471300739728	89.91334200193944	89.91334198948451	39.84629996481695	134.02854290821654	106.27468573745077	74.68777074986073	120.9051937946044	58.38288885864972	58.38288872235992	104.23093491455353	116.99712940705814	236.95834098922256	106.56716419018156	156.47727263836515	156.47727272727275	165.08665801051552	165.08665799806056	189.05286992602723	189.05286992602723	161.7741935346774	171.8478260869565	76.0109920222124	28.22760429827298	145.71428571428572
253.94055613294563	64.64853775452465	65.9471300739728	65.9471300914206	65.94713013487333	65.94713013487336	65.94713016532364	49.83727528130828	52.334529472376886	99.45273874065029	99.43732046342373	0.0	53.46377128699555	233.78409198439496	233.78409205496706	104.23093495748944	233.78409209198787	233.78409214612498	233.78409190255127	103.50865389564603	165.08665799806056	165.08665799806056	165.08665798907606	165.0866579783563	165.0866580493476	137.7	171.8478260869565	16.585365853658516	237.2394010006285	212.30052744219225
64.64853741862933	64.64853778186273	64.64853780176057	65.94713004210692	65.94713004651956	65.94713010003196	65.94713012586595	44.963400983203684	39.56283454575055	39.56283456871273	92.27022052224171	90.75667501944116	233.7840920373618	74.1538284265138	74.15382847276743	63.2636560521706	63.26365609217288	103.50865389400556	81.40809638224587	107.92730346402993	106.63636363636365	140.80833686688464	165.08665794619708	143.9473442838077	124.66666666666669	154.0625	152.1833434207024	10.409432775119171	23.252900273433283	227.92906212289483
18.110407485961844	64.64853783384575	64.64853785368791	73.46288793516882	65.94713007296838	35.560100402429356	46.000630899142124	44.96340101958654	39.56283453088099	95.52424903477004	90.17154161668532	39.56283454479217	39.56283455107976	39.56283459582056	49.837275350623685	61.16679674664644	61.16679677827983	148.79149030575675	81.40809634937418	107.92730342893086	140.8083371857121	124.69225804917556	124.69225827264768	124.69225855152445	124.69225798347244	116.87499999999997	117.17854127917988	0.0	39.93804992720865	81.24235144375004
18.11040761096976	18.110407652639083	64.64853777026994	35.5601003371458	35.560100359521755	35.56010042905544	35.560100612874606	49.40703684142909	85.8523753588442	93.41781133187663	90.17154161668532	85.7420946814324	39.562834625844204	39.562834548983886	87.93125957609854	87.93125955397235	87.93125954187678	148.79149030598987	87.93125956100064	109.12057097523709	124.69225830035003	124.69225817384091	124.69225823617361	124.69225817625593	124.69225798347244	116.875	117.17854122918652	5.48677464178715	155.09988545853128	153.21763052366597
18.110407472613787	18.11040765795508	18.110407716739473	94.99424144864417	35.56010033806797	35.56010051320152	35.56010057154191	46.00063089176541	81.90587348607497	49.40703684142909	49.40703680346127	49.407036749312994	49.407036788336086	49.407036788336086	49.40703682735929	85.7420946814324	87.93125956271487	87.93125954960104	87.93125954960104	109.12057098581553	124.69225804917559	124.69225817384091	124.69225811058641	124.69225817625593	124.69225798347244	117.17854124411568	117.1785412470974	73.60970982925346	83.76628834215302	6.165681349548947
208.37615823282135	18.11040761096976	18.110407677549915	27.913673600982207	94.99424144864417	94.99424149254489	70.44430063244903	78.84311299303016	80.6338492097822	78.45059743763281	49.40703665251104	49.40703684611495	49.40703679058649	49.40703684611495	49.40703680346127	49.40703680860358	93.41781133187663	49.40703689227172	87.93125956100067	95.78715872564749	124.69225798347244	124.6922582726477	100.81640611182118	94.56601824911601	93.8550442615219	118.88919025106264	127.5	102.0	109.17342888942315	90.49666182090516
228.38343534127276	9.870999779467041	18.11040765795508	27.913673562524792	27.91367355821609	94.99424142021834	94.99424140600541	66.96681370883431	76.95139744349333	57.8776020688816	57.87760229337769	57.8776020989946	49.407036773638964	49.40703680753401	49.407036773638964	49.40703679938852	49.40703680753401	49.40703689227172	49.40703682735929	57.88957500622445	57.88957519012524	81.44066383343193	57.889575237235675	82.05058541728434	80.21934160463633	11.346883825990403	127.5	102.0	0.016805933278277507	249.3061437834513
205.89625858704557	76.76264897999997	51.63799968835377	18.110407735977645	27.913673556061752	27.913673591061098	94.99424143016324	94.99424141781807	94.99424141164548	28.426554165	57.87760194458917	57.8776019756622	5.64479290870122	58.530026424101294	49.407036749312965	49.407036773638964	49.40703678833614	49.40703682735929	57.889575128825015	57.889575150448394	57.88957515044842	57.889575172145214	64.21205308524074	64.212053115	64.2120531406133	61.0467700418414	11.346883825990403	113.5723753961413	43.13749977538669	31.89958683961919
109.68656380318882	76.76264894285057	76.76264889500001	76.7626488525	51.637999532016124	27.913673586100487	27.913673549598684	78.66311480340252	78.66311481090975	220.0373266206484	220.03732651846883	220.03732649236977	57.87760182909679	5.644792993266748	47.955408118484456	47.95540813608051	58.53002644397708	57.88957510705475	57.889575128825015	57.88957510705484	57.88957507427364	57.886889794061204	64.212053115	64.21205312215577	61.04677008029577	61.04677005780178	61.04660656008079	32.288758408533084	168.82922206342872	129.59228681691764
5.004436214113326	208.37615823282135	76.76264888747806	76.76264890593558	76.76264897999997	55.7590163122091	62.50715002556325	62.50715000461136	27.913673571218794	44.858985877373925	44.85898585462692	44.85898585462692	220.03732651284093	220.03732619831322	69.67869663228899	139.3480670479746	57.889575006224476	57.88957523723565	57.889575040248985	57.886889582299176	57.88688972611388	64.212053115	64.21205300238256	61.04677009120283	74.63502719882311	74.63502714966313	234.51182043540845	146.82678665198597	253.526562650857	200.91536221744036
213.57645906691008	205.89625858704557	111.12060565966445	76.76264886544314	50.840533742152985	34.10744218581266	53.64150063531457	56.315246239003926	74.68777074986073	7.11635377543405	7.116353903747495	44.85898579698383	44.85898580969004	44.858985727982	220.03732648009375	57.886889452307116	57.886889460769794	57.88688954921784	57.88688953896849	57.88688951730313	64.21205286	61.04677008029577	61.0467700418414	74.63502719882311	74.63502714966313	0.0	79.07602310302718	32.56256463563079	164.75048192178627	227.67883571804268
11.228444073944928	10.058007037284	2.420220918119668	1.0169085661183601	143.7916034413019	18.807629618863444	18.807629618863444	18.807629630338397	18.807629653288245	7.116353907122658	7.11635377543405	7.116353903747495	7.11635386567076	7.116353900372246	7.116353910789201	58.91325992970667	58.91325989279659	58.91325988765098	61.046770308878166	61.04677010790334	61.04677009952297	61.04677009120283	61.04677005780178	61.046770123672815	71.99616450855797	57.70506827012892	159.70932234584356	255.0	247.2644806748564	42.39348668747235
127.78472335730136	207.112871220088	27.01249382867556	50.33831008208182	40.333365616098604	0.04101978511107518	18.807629515589184	18.807629589009707	18.80762962129168	18.807629623672597	18.80762961891071	18.807629638844674	164.0733324191964	58.91325988765098	58.91325987434158	58.91325989246701	56.61010584826249	56.61010579828874	56.61010581704181	56.610105826418305	56.61010577623759	45.933339574349844	45.93333956887352	45.933339408367516	82.77595861339341	57.70506827012892	57.705068295867875	5.561528255085648	251.98660215009625	12.704527671893743
10.07873212745821	10.563859994914594	12.38558246147582	18.628613879564256	26.61995735724338	27.01249382867556	29.970613634760753	27.01249382867556	7.641790887951288	18.80762964281297	18.80762962129168	18.807629630338397	18.807629653288245	58.91325992970664	58.91325988765098	56.61010578579919	56.610105826629166	56.61010580983199	69.15561415527259	45.93333954564716	45.93333957205385	45.93333948069687	157.14576639789462	69.25617754596345	57.705067992886995	57.70506832058675	57.705068302334666	135.64522298144158	230.3131225276395	255.0
1.010013025637221	8.937623837244217	10.692461684100863	12.38558246147582	65.80873482693613	22.198303829214524	104.29985881112555	64.2375798748107	27.01249382867556	64.2375798748107	40.76568839783258	82.77595861339341	18.80762962129168	18.807629653288217	61.04660656008079	87.88263179568116	87.88263183408517	45.93333955792093	45.933339585257244	77.28490884765966	73.28529325943566	28.01459205510554	6.830415716661776	13.431532363336686	140.59270130226656	57.70506824643013	57.70506810807879	244.02859194584013	129.03472658905338	0.0
