250.44076090540614	253.60082304666668	254.9977189740369	238.69527649769586	230.88531189445527	214.54326923076923	217.33356849963133	235.6140350877193	244.8	117.86666666666667	254.8890688469017	250.44642857142858	249.84208242578225	63.46666666666667	253.42819792059393	144.5	127.5	249.90133324296863	127.5	247.89642857142857	231.8181818181818	216.85185312869308	254.9191431833352	254.9191431833352	232.92305467982376	254.9985592664924	245.6381226380845	254.92615484936255	254.83029358066295	254.3959401805093
254.76914403460452	254.99448748360058	247.5171559139238	236.11111112999998	140.1098901098901	217.33356726712861	231.8181818181818	152.25527413846072	190.67437484930423	254.617271089146	202.48871330234758	246.969674895	226.93544952044806	204.289772611199	195.59659079795648	250.9924303043855	254.18715846994536	243.9717569843554	249.45969125214407	246.36368519271846	209.59652315976575	227.7180668468619	216.8028687263426	246.60276214846	234.876126017975	241.0632227854418	252.98659392453123	254.80211479591836	254.92615484936059	254.91630451293247
254.3861602731739	207.11666666666667	182.3463687118367	252.96	231.39608952371393	152.2552741423113	185.10665141127987	185.10665176374988	125.96578013215975	212.5	179.15035747574208	245.45837827670314	253.73785753299254	238.61765210519937	252.6625294851258	247.23700431477295	216.33429059967514	225.38406390823434	238.68310363733053	236.0241221161868	217.44084014617786	213.3220502901354	250.49376300273607	89.25	232.30714002988702	237.06743021029706	253.8851719656244	254.8734366933671	254.8762849781933	253.9480845950077
0.0	191.25	228.2809592022531	136.87401898213403	110.13114272253921	89.21591921591923	159.375	125.96577996947798	133.17031116824958	244.8	0.0	69.72045293701348	233.75	183.7677286742035	69.72045293701348	185.59779065834482	65.26929627623991	242.70445135692626	134.2893958325709	214.743776126881	215.2893951251135	219.53272474600212	214.45864749406132	237.41020408163266	89.25	248.61176286537108	251.36876586756105	253.8851719657381	253.78666305705957	254.7613047235023
1.0926237974659898	86.16196808936093	9.99728021518115	64.36201600982676	245.97779613269302	64.61538461538461	143.82540613521792	0.0	97.7499998866989	169.25539418393703	167.32126543310454	34.61538461538464	233.75	224.82993306655726	229.57063704	250.44642857142858	40.728644557447296	250.55122494432072	250.55122494432072	193.05993219941354	238.68310363385714	238.68310363343477	219.67455619775228	229.61538459345633	247.153846146	225.68367346938777	253.00166377314815	253.88517196534755	248.4417327062326	254.7585798822
50.36507631348712	242.98813910575376	251.69247440960712	165.3815788212891	61.74263556552151	245.37211192452455	178.23735127499998	97.74999996889773	83.77184107597532	135.73718282332106	126.66610431445446	170.0	148.36363636363637	204.0	67.99999999999997	34.0	247.0727577602341	40.728644651464975	40.728644651464975	164.9223946150185	220.17004723565134	255.0	248.45185185185184	146.4527027027027	248.200000017	248.200000017	255.0	254.0714610832954	254.83185002286237	253.84798077149753
65.91281543215439	31.413656116197615	21.005431622485986	28.555715745928325	178.23735113097945	178.23735116789447	81.56283880722506	83.77184098951659	132.20338999436225	117.154799175	214.46176166652586	240.98378516971525	243.2930617880566	243.2930617880566	227.86978911120613	122.17202818582919	42.089166192490296	104.97972717423096	104.97972720065755	188.3973503519067	157.78452794620355	40.728644557447296	234.53785863264733	234.53785863135423	249.01006707231375	251.49333905472776	239.7	248.96449704142012	249.37256306225828	253.84798077133038
87.05516897789383	0.15875890715355467	254.0193531141297	178.23735102	178.23735110500002	178.23735111252194	178.23735113455692	70.40468999683705	130.44498357845112	132.20338970306665	141.5728043534688	60.97428844493973	222.15498938428874	243.2930617880566	201.5044668473055	74.68777075655416	87.1384498834868	205.37636970980964	212.43932899906508	157.78452785924406	159.36549717650195	215.76923076923077	213.33819693324716	255.0	231.94915253167767	231.94915253949154	252.75824176009345	249.9143778075271	249.37256306050347	254.8186666644
51.19482730922988	32.77476952091942	164.31312068410034	0.0	0.0	114.49912232419481	70.40468941848653	70.40468979766081	70.40468977454466	178.23735101999995	114.76928846518888	60.974288362106364	238.38967681783345	222.15498938428874	201.91762896993367	222.15498938428877	177.65878899657503	147.97251428209813	213.35867432575822	210.27004103686065	188.02688630790647	224.13544668587897	229.18604651162792	213.33819691048552	236.2467681650565	239.0625	229.5	241.14688128772636	253.319091796875	252.85456730769232
42.11712776048586	0.3704673258403659	8.766427892533613	39.230769230769226	51.32516071425721	186.08927052513167	70.40468980405353	70.4046898092189	70.40468979766081	70.40469002571908	114.76928845056449	238.38967622931517	238.3896760387458	238.38967652561126	201.917628922319	123.74452867545332	123.74452867545332	152.83596219472582	198.99754249133505	198.9975424690466	192.53801154466993	210.73956062384704	210.73956062347594	217.9523995875	238.21018571912782	234.29780234493046	251.43253555176898	246.03515625	254.5780418400272	254.082
219.8824332124525	25.979383792590255	156.4922853919697	186.0892707540482	186.08927066430186	186.08927064011823	186.08927062205782	70.40468941848653	70.40468970766179	70.4046895233702	243.10000011781	238.38967510146986	238.38967645543212	238.3896763346317	238.3896765491868	192.3155454154835	192.3155454154835	219.03900196585516	214.1370855254917	198.99754243779097	198.99754246399655	221.78310694234503	226.03312738212747	226.03312733921663	41.62845471161938	238.21018582016418	253.368	249.09499054820415	253.319091796875	254.89026731303855
29.599443493425696	0.010380839492313498	39.2307692307692	249.33561152619433	111.03336653105953	186.0892706280264	99.77366128735085	99.77366121595966	186.08927055606267	186.08927069116817	243.10000011781	231.8686568391536	130.08527787244424	130.08527788731965	215.7581413903977	215.75814241150215	215.7581423572095	215.75814284061622	215.75814266984497	160.5437396066162	186.93349984545068	186.9334998557522	186.93349984545068	186.9334998906482	186.93349983382558	234.39393939393938	246.03515625	248.36336336336336	254.57565284178187	254.8734366933671
77.84921370528912	194.2674012294443	0.0	155.65596279056598	72.58873887519059	72.58873875795103	111.0333662293194	111.03336626875262	111.03336632989942	111.03336638018945	111.03336647378092	174.47368413	233.75	225.30856045922525	205.6094190559732	205.6094190960842	139.56288285707745	215.75814178167997	215.75814231457903	215.75814272902883	186.9334997669938	186.9334998667155	186.93349987160298	186.93349986671552	186.93349992390756	210.35118306351183	251.73076923076923	229.6458622422557	252.96	253.760847894783
18.29903617623907	27.73548727941244	68.06650007609247	68.06650007609247	72.58873882319392	72.58873884494156	72.58873884494156	72.58873885263961	111.03336626875262	111.0333663370954	102.0	17.607919264917996	36.6310462787533	91.7127901394712	91.71279030412163	225.30856045560273	225.0339999978391	205.179633435426	85.30539153629084	167.46268656716418	185.8474575996481	186.93349983382558	186.9334998557522	186.93349988467912	186.93349992390753	207.1875	42.15447154471542	248.1129165506991	207.95324914565157	180.27906976744185
105.91949750210426	0.0	68.06650007609244	68.0665001153209	68.06650016617445	68.0665001661744	72.58873885263961	72.58873888843681	160.88554189423417	214.46176166652586	106.48047608752162	140.9605331234972	116.84817234774744	163.2872096958784	163.28720986052878	136.55520387833693	119.19958246441726	195.00660629231265	167.46268653563712	208.12499970276988	208.12499996590907	182.4112611115632	182.41126114736034	186.93349983382558	186.93349983382558	224.83870969112903	216.19565217391303	249.24278334456986	81.01100131220565	145.71428571428572
105.91949750210426	0.0	68.06650016617445	68.06650012839702	68.06650014424778	68.06650014424778	68.0665001332845	96.6663828809464	77.30725391540136	96.77662822805004	99.78856453128873	104.10421220579474	151.90162119235669	183.81167959663838	183.81167961191986	136.55520385836974	183.8116797394556	183.81167968531852	183.81167948636332	49.390580903915776	182.41126114736034	182.41126114736034	182.41126115505844	182.41126117680608	182.41126112480939	234.6	216.19565217391303	42.15447154471545	237.2394010006285	201.22032248415582
0.0	0.0	0.0	68.0665001332845	68.06650015454935	68.06650015454935	68.0665002330062	138.06447471972427	126.04101607367582	126.0410160709774	92.27022052224171	95.52424903477004	183.81167955284664	89.04734209931644	89.04734211881356	79.05402548777579	79.05402550015458	49.39058094402682	138.74658353625034	214.16490986908906	166.9090909090909	196.98900490152968	182.41126124204897	200.66419722835735	198.33333333333334	207.1875	5.664388473805701	215.3737332285972	252.39295393573994	236.73707856044004
18.110407485961844	0.0	0.0	30.607969723980545	68.06650010935181	54.431305929031595	129.89463007155527	138.06447468000508	126.041016064775	88.3347526061876	61.44897317968477	126.04101608628875	126.04101606579388	126.04101608257659	96.66638287404973	72.88791239440741	72.88791237264402	148.79149030575675	138.74658343882376	214.16490979219526	196.98900481749277	184.5953099742809	184.59531029233818	184.5953104766298	184.5953105815135	233.75	186.0892707540482	111.02700729866447	133.87459550146087	81.24235144375004
18.11040761096976	18.110407652639083	0.0	54.431305929990884	54.431305929031595	54.431305919446345	54.43130589835724	114.16819234732353	85.94540537165474	90.17154161668532	61.44897317968477	110.20681453349508	126.04101600523674	126.04101607262547	101.69013841155223	101.69013842081569	101.69013842032672	148.79149030598987	101.69013843787562	140.2307115494355	184.59531022545536	184.5953102023392	184.59531019078113	184.59531019594647	184.59531000316298	233.75	186.08927066430186	35.4228077605691	172.25241346712656	255.0
18.110407472613787	18.11040765795508	18.110407716739473	186.08927052513167	54.431305929031595	54.43130603027768	54.431306131485	129.8946300799322	81.5012265192183	114.16819234732353	114.16819235673469	114.16819232411211	114.16819235084307	114.16819235084307	114.16819237757406	110.20681453349508	101.69013841824957	101.69013844111379	101.69013844111379	140.23071153481112	184.59531022545536	184.5953102023392	184.59531019078116	184.59531019594647	184.5953105815135	186.08927062205782	186.08927064011823	211.3113936547824	30.840091001222106	111.67594261388592
109.68656380318882	18.11040761096976	18.110407677549915	136.11272018028114	186.0892707540482	186.08927069116817	21.98476977305137	77.70112873786618	78.07626119919789	78.12582154485722	114.16819232411211	114.16819232411208	114.16819235453676	114.16819232411211	114.16819235673469	114.16819243103595	77.04570721689487	114.1681924241914	101.69013843787562	122.2073107923546	184.59531000316295	184.59531029233824	167.3009176937459	144.5817610598382	168.66836947295656	193.8530903450327	204.0	102.0	5.4271682355812345	215.69420262751166
156.4922853919697	25.912848012639188	18.11040765795508	136.11272005624153	136.11272003523146	186.08927062205782	186.08927055606267	68.86383793499479	75.76644461888475	214.08225457765047	214.08225466089416	214.0822545701572	114.16819232891413	114.16819236614586	114.1681923849682	114.16819234732353	114.16819236614586	114.1681924241914	114.16819237757406	108.09544210995892	108.09544217349196	138.13336626790152	108.09544204838599	182.875108315125	208.33176101264618	29.536444669204258	204.0	102.0	252.14907761251294	205.89625858704557
3.287065818830939	178.23735127499998	236.11266638013907	18.110407735977645	136.11272002472646	136.11272004127105	186.08927066430186	186.08927064011823	186.0892706280264	111.70237081499997	214.08225463224363	214.08225455830046	54.803402856984405	107.53485572039102	114.16819232411208	114.1681923849682	114.16819235084307	114.16819237757406	108.0954420523968	108.09544204838599	108.0954420483859	108.09544211347645	133.33408001004548	133.33408006	133.33408006541805	110.26655280642512	29.536444669204258	57.39234723021673	37.399068876065655	217.7119432206532
1.804639302562009	178.23735116789447	178.23735110500002	178.23735102	236.11266628253009	136.112719971766	136.11271999321133	48.69912665849287	48.69912666233142	157.55114205802863	157.5511419464384	157.5511420098826	214.08225472361903	54.803402789906556	145.69814486023336	145.69814484488052	107.5348557277988	108.09544204838599	108.09544205239683	108.09544204838599	108.09544193727262	107.46163782979264	133.3340801025	133.33408004696048	110.266552784563	110.26655276032798	8.19095797599445	23.472934324603244	156.36043661818795	154.3249910974332
6.398440020926785	8.629038483830954	178.23735111252194	178.23735113097945	178.23735101999995	56.04753714895514	214.2713554425527	214.27135534853505	136.11271976325085	191.68707117139644	191.68707136184747	191.6870711889184	157.55114210577375	157.5511417686965	74.03305850631762	78.38617846937007	108.0954421099589	108.09544204838599	108.09544202361573	107.4616379304706	107.46163800297245	133.334079975	133.3340800679517	110.2665527632958	125.39603956813093	125.39603953006429	16.58696474180286	80.14654796196959	9.117972396614988	101.84930242852604
73.47151452790175	3.287065818830939	44.15412702405567	178.23735113455692	49.14210266986268	47.85236083778392	47.902292793203316	54.541247188780744	140.9605331234972	18.979885468917587	18.97988532199517	191.68707113127533	191.6870711461908	191.68707119306526	157.55114191747396	107.4616378004786	107.46163791638253	107.46163794524583	107.46163797380132	107.46163799546667	133.33408022999998	110.266552784563	110.26655280642512	125.39603956813093	125.39603953006429	0.0	79.07602310302718	116.08423255234527	254.51815402337118	117.7727589639768
6.584627062235029	0.34542246875648175	12.357823782179878	30.338483342942112	143.7916034413019	130.03012063979742	130.03012063979742	130.0301206582575	130.0301206208457	18.97988508911078	18.979885190435795	18.97988544293827	18.979885369181233	18.979885433936403	18.979885458553866	81.60855137284054	81.60855138820196	81.60855140635223	110.26655274083873	110.2665527647797	110.26655277363196	110.2665527632958	110.26655276032798	110.26655282619905	155.65596279056598	57.70506827012892	15.28370145783694	244.19078624604646	210.6446383642038	254.48814284163606
0.849588690157475	12.89785961765864	34.24016530082338	194.2674012294443	155.65596279056598	18.475568933553035	130.03012069665266	130.03012064147276	130.03012064147276	130.03012065793405	130.0301206895754	130.03012067860124	27.42969990839248	81.60855140635223	81.60855139588267	81.6085513921777	120.09655319595223	120.0965531899908	120.0965532087439	120.09655321812036	120.09655318843025	167.96771023239515	167.96771021236952	167.96771029247202	14.214236831995947	57.70506827012892	57.705068295867875	116.34530829771376	8.111719021584975	12.704527671893743
10.384545770118763	10.479340239623468	12.316051093535549	18.71208565770246	26.129938999900958	34.24016530082338	28.724921686306146	34.24016530082338	255.0	130.0301206414728	130.03012064147276	130.0301206582575	130.0301206951776	81.60855122884206	81.6085512812767	120.09655316349466	120.09655322269612	120.0965532112742	133.829642053899	167.96771018030807	167.9677102067148	167.96771023249016	76.46143961245701	69.25617754596345	57.705067992886995	57.70506832058675	57.705068302334666	125.80805367606811	61.69050498338518	255.0
1.0561737910783222	9.974002662541068	10.626385185542517	12.495494524760517	0.2750347166196434	20.153980423092747	2.755932010396407	20.548416842969345	34.24016530082338	37.841467812178905	40.76568839783258	14.214236831995947	130.03012064147276	130.0301206951776	8.19095797599445	2.3189188148946585	2.3189190585647736	167.96771017231828	167.96771018030807	74.26391767784534	70.36125951097512	43.420286110719445	69.02997923835193	199.61861680407728	75.25205516395567	57.70506824643013	57.70506810807879	10.934390498470776	173.95925815456468	0.0
