254.81700182110725	253.74422898962962	250.88778267139503	190.76960841493855	224.1342793248626	153.52819352463942	132.87553027720233	94.69298245614033	163.2	214.2	236.31609618645825	159.375	215.08360287284438	163.2	226.2176448040802	221.0	212.5	190.72404997689438	212.5	192.70714285714286	224.09090909863636	159.23310883488364	245.3966116592758	245.3966116592758	244.74828813531605	253.13633033930137	252.02669719035296	248.44165204756047	248.45095976584847	254.3199921751793
254.99416239441277	251.28264196901904	253.9612289716912	237.10526314	219.99710816483517	132.87553183500268	224.09090909863636	127.01525957313487	138.7895212078937	231.75271442523487	254.59450626647936	194.023330275	33.9528124893572	208.63636351782026	195.59659079795648	216.25783163212878	195.66256830601094	232.60108912242188	188.66209262435677	146.12696212767628	231.1385125166856	227.46949600058252	244.04829999448242	236.7572002877278	234.88030941264208	240.83620050236888	248.60818962184828	239.7827448979592	248.44165204690367	253.73360037659526
248.00592819888325	250.46666666666667	234.83093210189188	199.92	231.39608952371393	127.01525959289165	99.66776602397698	99.66776552135548	102.3618273647331	69.0625	190.10630393841822	183.22424243778292	210.5721419254976	188.60279569051193	204.68838815060377	196.20355297055522	189.51543640775765	166.62228594838183	180.14766424094182	218.19040989584892	219.79759153926207	189.40038684719536	223.98648648439098	232.6875	231.60634735427195	239.63768295219484	232.78300527121445	237.68622291795035	246.36849186327103	250.01871152077007
0.0	247.91666666666666	231.79632520868742	235.83033506775325	254.7029512769268	124.73566973566975	97.86184220312501	102.36182737116351	111.05959616162733	163.2	0.0	216.9111732518599	106.25	49.33319630010277	216.9111732518599	187.44884979757683	168.7186834373607	186.21778298292134	200.106038925663	214.46186563685703	215.15730377638707	218.71607052921092	186.6327771328447	211.4938775510204	232.6875	214.30030727000843	223.94739937348592	232.78300527280373	247.5773227821741	254.95153745394776
5.824650855690152	170.60048844849018	89.27289388125058	98.96837844281538	73.07343364905807	93.46153846153848	79.8746144907065	0.0	77.17105262631728	98.00247310799693	90.56914257838409	51.923076923076906	106.25000000000006	141.1184797179905	156.75980976	159.375	188.15170606076757	205.5902004454343	205.5902004454343	200.21356081114706	180.14766421733276	180.1476642205119	216.3461538363644	231.92307691258267	229.5	195.67346938775512	227.83834477043612	232.78300526502042	236.50478644400135	252.45
225.13727874195357	10.305217591648983	245.9644877550142	20.92218493634624	214.29360697591957	200.91738709249276	56.57143124999999	77.17105258597789	65.1213518494315	64.09921949185104	204.31394166828508	42.5	34.618181818181824	102.0	153.0	102.0	174.10345125402517	188.1517060156803	188.1517060156803	196.62009042896062	157.30155712263112	235.95067228677132	197.57777777777778	232.60135135135135	234.6	234.6	235.22448979591837	251.866181156122	242.06936625514402	254.78196576810694
27.299839793967834	63.173874142974654	88.94800682044965	16.58696474180286	56.57143117793993	56.57143117793993	62.433997726678626	65.12135146031272	61.07221814437193	65.43318678749998	76.05555890942463	142.46135640424848	153.42250604073178	153.42250604073178	153.5352028988769	189.47939971782748	192.45972917077594	187.00624391423472	187.00624391141412	187.92576461751275	200.16285460885322	188.15170606076757	203.26671893259174	203.26671892531908	232.3238254643752	239.5076815644622	238.8499999983	241.42011834319527	253.61343200553833	254.78196576807613
134.0738553330118	210.26797539666495	207.4187032323557	56.5714311225	56.57143116500001	56.571431122567446	56.57143120250862	53.85427991705555	59.591897365317095	61.07221800980605	30.409637072258334	121.50707821277061	140.9447983014862	153.42250604073178	137.93854096877553	150.8966859316828	161.8871652437	176.53567826507282	128.96556590555005	200.16285454160533	127.86957941918493	196.15384615384616	240.48966502557084	224.40695067628167	247.796610161287	247.79661017237288	243.85347985184143	253.7583930210363	253.61343200516242	253.368
0.009994352489343328	32.77476952091942	42.96779335435602	0.0	0.0	46.39905423012513	53.85427991705555	53.854279904101645	53.85428005386916	56.57143124999999	103.12506719826229	121.50707818344105	131.29079707065392	140.94479830148623	169.0199630586572	140.94479830148617	111.0933100310277	171.25252907480737	182.8751083066917	174.3619196689565	149.67165042519696	152.485590778098	176.86046511627907	240.48966496417736	247.67451882323144	248.802083336875	235.875	244.3536217303823	254.85243055555554	254.38418135701923
42.11712776048586	64.05139408913286	212.68281138535124	58.84615384615387	37.282267148026676	48.26781203322804	53.85427991705555	53.854279829217916	53.85427990410167	53.85428005386916	103.12506717203999	131.2907968825555	131.290796641579	131.2907963271076	169.01996306768996	162.32820028425405	162.32820028425405	170.22078814862851	122.35273852006694	122.35273854706497	190.82640730160773	169.6863994633574	169.6863994690566	238.53300913875	243.50577431259939	217.37161218751794	251.43253555176898	253.22916666666666	254.5780418400272	253.97716666644
247.12780314299545	209.49726217693922	105.84543431891385	48.26781180431158	48.26781189348836	48.26781185407657	48.26781186617356	53.85427991705555	53.85427991705555	53.85427955152022	130.90000010659003	131.29079505497498	131.29079622489263	131.29079649855396	131.2907965026918	158.819494143726	158.819494143726	134.53360066623816	133.99311312240755	122.35273844810047	122.35273852030267	230.7394272549667	234.3674020552213	234.3674021291707	247.2945740938699	243.50577415921316	237.762	249.09499054820415	254.20912000868054	238.72352951068763
117.93958496984297	78.95289804712104	58.84615384615384	129.58712193963953	20.20053371559115	48.267811884079265	42.25040033160286	42.25040009512509	48.26781189710451	48.267811874670144	130.90000010659003	118.95146839295208	114.47859025712145	114.47859034733386	128.0875272426499	128.0875286289661	128.08752820946177	128.08752869286846	128.08752957611756	159.62602154361758	228.76584510439866	228.7658450779649	228.76584510439866	228.76584510806887	228.76584506951397	220.38181818181818	249.57682291666666	241.2488888888889	241.02306547619048	237.68622291795035
5.851216978291376	0.0	0.0	17.22864807885489	36.40424500886246	36.40424480218468	20.200533413851048	20.200533561480455	20.200533615011125	20.20053371559115	20.2005336166215	96.72413797500002	106.25	145.46802139721152	119.0044434755807	119.004443464416	140.46069988452035	128.08752799914447	128.08752768568397	128.087528331984	228.76584511540926	228.7658450821904	228.76584510072846	228.7658450821904	228.7658450933881	186.72478206724782	218.52764423076923	129.098276702906	199.92	228.33732980140672
40.871408334491804	42.40528844360006	26.234154906611934	26.234154906611934	36.40424497157525	36.404244967235	36.404244967235	36.40424495794275	20.2005336270025	20.200533623542213	20.39999999999995	57.477849466180345	93.72383937307688	129.33796388233077	129.33796418833205	145.46802139936287	110.21439777334933	114.24083209679202	163.4298982365572	121.7910447761194	211.77966099167625	228.7658448230805	228.76584507796494	228.76584509889335	228.76584509338807	233.75	173.4552845528455	7.504630133403452	64.36201600982676	180.27906976744185
105.91949750210426	0.0	26.234154906611934	26.23415490110665	26.234154930486028	26.2341551769195	36.40424491833264	36.40424495855456	78.75261448854354	76.05555890942463	106.6094794239722	57.47784929317484	116.11637500210557	125.66203581166792	125.66203611766923	141.62018470014254	119.87468740100383	104.45383708072961	121.79104474800067	220.35326085775387	220.35326083806817	218.59575504144541	218.59575504205728	228.76584506951397	228.76584531594742	224.83870969112903	216.19565217391303	57.517993170616364	228.33732980140672	145.71428571428572
105.91949750210426	0.0	26.234154930486056	26.234154899271545	26.23415492203503	26.23415492203506	26.234154917809576	47.88076036365737	14.238053609811487	99.41148914919879	99.87162188894024	108.39856658279857	90.46526418443185	87.46232006153255	87.46232006425683	141.62018467190535	87.46232010302697	87.46232015716402	87.46232005202634	135.99555653558397	218.59575508166736	218.59575505526064	218.59575503276497	218.59575502842475	218.59575499113754	188.7	216.19565217391303	173.45528455284554	221.29466968959895	208.82960801050803
0.0	0.0	0.0	26.234154917809605	26.234154895601336	26.234154895601336	26.234154884590737	49.020730533912456	49.61209152370114	49.61209153331143	92.40568933837895	91.67907209689807	87.46231999576588	60.0288077867543	60.028807769872344	59.256704673208986	59.25670467661175	135.99555652441933	94.7582920162042	154.4663463194115	139.0909090909091	211.36576389071695	218.59575519781532	214.6034480685931	175.66666666666669	217.8125	125.41287806036044	83.39268085221144	102.24223890012493	34.10103610302565
28.24036914114933	0.0	0.0	21.845608852538817	26.234154891931155	9.198395914970405	45.925661482867355	49.02073056349735	49.612091509525186	88.3347526061876	61.44897317968477	49.61209154998295	49.61209151734158	49.61209157307755	47.88076042592013	52.24442262419899	52.244422626955696	98.78813594297037	94.75829206141233	154.46634629405224	211.36576382559264	201.14571994613087	201.14572008294442	201.14572044847975	201.14572008294445	164.6875	145.77907817165195	165.85528053502844	224.48328699157486	81.24235144375004
28.24036940028509	28.240369389527643	0.0	9.198395842924981	9.198395914970405	9.19839598934064	9.198395985776813	51.29681788059801	85.97644313484454	85.7420946814324	61.44897317968477	84.50391060456437	49.61209154998295	49.61209152822198	67.25081896185145	67.25081896785576	67.25081897259699	98.7881358970061	67.25081908165541	151.87493282796004	201.1457201973053	201.14572009589833	201.1457201707821	201.14572008294442	201.14572008294445	164.6875	145.77907808376273	9.99244522432761	190.96240391253167	255.0
28.24036923126951	28.24036935081861	28.24036947036771	48.26781203322804	9.198395914970405	9.198395910327122	9.198395975085191	45.92566145683236	81.43672367193406	51.29681788059801	51.29681784278597	51.29681781222422	51.29681785088863	51.29681785088863	51.29681784115215	61.44897317968477	67.25081893651219	67.2508189645126	67.2508189645126	151.8749328017377	201.14571994613087	201.14572009589838	201.14572004519493	201.14572008294445	201.14572008294445	145.77907805172396	145.77907803167864	237.5863750308613	238.71124797629818	226.84524336122178
205.89625858704557	28.24036940028509	28.24036939066832	56.316983359336604	48.26781180431158	48.267811874670144	52.248750225190804	74.11150647194825	76.89678902595736	78.95044382921475	51.29681771542232	51.29681771542229	51.29681783022281	51.2968179090262	51.29681784278597	51.29681787008005	85.7420946814324	51.296817909953006	67.25081899408806	150.01816136310663	201.14572008294445	201.14572008294445	167.3009176937459	157.6202664519784	143.0409689868414	213.1985050493077	102.0	102.0	32.049153714060736	176.98162180538526
38.67583053029398	124.36046747174288	28.24036935081861	56.31698328724414	56.31698327855122	48.26781186617356	48.26781189710451	69.1646090303712	75.92307098741404	83.38893755999018	83.38893723878695	83.38893721024317	51.29681775737694	51.29681780497398	51.29681781343103	51.2968178385575	51.29681784701452	51.296817909953006	51.2968178895531	68.74426355766136	68.74426329831326	110.6214533474259	68.74426326845807	124.9750023690203	122.25930364105028	143.11542706877333	101.99999999999997	102.0	154.54175122671305	226.4556596088265
36.059571905415794	56.57143124999999	69.91769462751844	28.240369368012608	56.316983274204745	56.31698324868765	48.26781189348836	48.26781185407657	48.267811884079265	54.10115776499998	83.38893713021056	83.38893711706564	109.62955826816685	49.66431648790919	51.29681781222425	51.29681781343103	51.29681785088866	51.296817841152205	68.74426328484515	68.74426331185163	68.74426331185165	68.7442633335485	107.1551828334537	107.15518284999999	107.15518288882626	163.68336183631212	143.11542706877333	5.968068714542113	141.21493303067518	0.7392475199736452
1.804639302562009	56.57143117793993	56.57143116500001	56.5714311225	69.9176945847039	56.316983329312166	56.31698326116526	25.10612679797032	25.10612680264805	68.0679868679735	68.06798698428364	68.06798696508585	83.38893711493233	109.62955830089223	59.3136705657262	59.31367055048747	49.66431647006917	68.74426326845804	68.74426328484518	68.7442632684581	68.74426333871776	82.22290103443555	107.1551828925	107.15518287036875	163.68336180385927	163.68336179345025	140.10294706507483	225.69321216977704	174.64820661604028	2.9001833110785356
5.436412764094911	205.89625858704557	56.571431122567446	56.57143117793993	56.57143124999999	56.05737220721437	66.8482939392324	66.84829398431967	56.316983027389824	65.41707817351903	65.41707822143454	65.417078307899	68.06798702202968	68.06798712325187	69.23863203422525	75.77272742817416	68.74426295815641	68.74426326845804	68.74426329831326	82.22290069941462	82.22290063860498	107.15518276499998	107.15518287999058	163.68336180917606	125.39603956813093	125.39603953006429	251.83031625082418	245.79716093939834	79.93846873955883	2.526071500954174
77.28533656990192	1.804639302562009	37.81706548959852	56.57143120250862	49.279426915524596	59.63462613122397	55.99824445972132	55.08485578511491	57.47784929317484	110.10129846644068	110.10129835631116	65.41707822143451	65.41707829803462	65.41707828840129	68.06798682112188	82.22290056942256	82.22290068686135	82.22290067077594	82.22290065608388	82.22290069941462	107.15518301999998	126.82089315046127	126.82089312504769	125.39603956813093	125.39603953006429	0.0	79.07602310302718	110.94065908524598	13.465063570889583	238.092343308325
254.83056612860946	60.32649109906396	22.143281706441456	36.05591721615775	96.27562641868838	52.9285657898711	52.92856578987107	52.9285657996883	52.92856589365471	110.10129824727318	110.10129818795889	110.10129835631116	110.10129833353346	110.10129836456315	110.10129840632075	111.00151888920234	111.00151886209704	111.00151886306014	126.82089320128844	126.82089315821375	126.82089316316808	126.82089314717675	126.8208931251028	126.8208931909738	110.95474892207613	57.70506827012892	53.23984897292533	244.19078624604646	65.13749593167253	253.92029819676753
118.8824524284513	148.65628823395565	255.0	0.0	17.22864807885489	56.807944370692184	52.928565775848	52.92856579439629	52.92856579439629	52.92856576881485	52.92856581997768	52.928565815510666	103.46631193890653	111.00151886306014	111.00151884854435	111.00151885128847	120.09655319595223	120.0965531899908	120.0965532087439	120.09655321812036	120.09655318843025	76.65220412961662	76.65220409007605	76.65220424823838	114.8177353377092	57.70506827012892	57.705068295867875	184.53042265620235	16.916164311404145	15.5639372242822
10.043013622579053	9.765564826864704	11.892180156931175	19.543437493556098	26.083712601621755	20.548416842969345	29.980729436835077	20.548416842969345	255.0	52.92856582667821	52.92856579439629	52.9285657996883	52.928565819322785	111.00151888920234	111.00151880052238	120.09655316349466	120.09655322269612	120.0965532112742	157.23530882266766	76.65220407500499	76.65220410141174	76.65220409881829	226.96813904043208	191.9817856261043	57.705067992886995	57.70506832058675	57.705068302334666	9.604148479817525	33.95417027847341	255.0
1.0894926732969168	9.996866976160362	9.643165181884058	24.61561252054949	15.783906314309291	18.71208565770246	40.65909083067973	42.768578068619036	255.0	37.841467812178905	42.768578068619036	114.8177353377092	52.92856579439629	52.928565819322785	140.10294706507483	66.81775272677879	66.81775267752923	76.65220401099486	76.6522041146151	160.5037330650468	155.89146161811777	106.74812030751053	101.00756266832738	24.567334587777708	75.25205516395567	57.70506824643013	57.70506810807879	238.56695150383888	222.4104661154331	255.0
