254.71462732399837	242.40740740740742	254.99673317101582	211.28924269153225	194.96981890744163	176.57882249098554	147.5379175556813	244.0953947368421	214.2	236.86666666666667	214.34282098074726	232.23214285714286	162.98376634480866	253.86666666666667	194.1356953698369	224.4	234.6	249.22753496649602	234.6	246.80357142857142	236.45454545454544	117.44357183544577	238.42951365712133	238.42951365712133	244.85733355884508	250.7759010643769	252.1768472240796	254.99302556793984	254.98988845928957	254.0296391392251
251.1776706483369	254.9915317510933	223.95326308003928	198.33333333333334	200.82417582417582	147.5379173300114	236.45454545454544	158.91583776162156	157.40306695306316	208.43320012553093	74.2813774478943	124.44	199.5288299206041	221.676136237684	234.71590895754778	182.3565200633475	240.60109289617486	226.8332697507392	248.58490566037736	247.98524358028428	231.84576982973866	227.81980462604525	170.52683003603855	236.56762468288335	235.5397116299169	240.69462325999322	248.27330253344365	254.73654336734694	254.99302556794146	254.9998024898214
251.23509198442238	251.328	194.88268157295565	238.68	205.50063994642045	158.91583789541733	112.52126134435576	112.52126103410589	132.47264309306752	227.109375	98.5185544787299	106.53374208143376	180.21389639066973	133.0931469888529	174.09356061666983	157.50276588010306	249.8303562853843	248.88877509217534	247.89131018565135	217.13416668619982	220.2042653515914	251.30077369439073	235.47297301185628	242.25	231.53570470795248	239.64547431968188	254.76981928127356	254.8314709653783	254.99411013262096	254.99859349578705
0.0	253.368	229.62439512960856	22.269710301199183	52.977478519666676	200.3950103950104	118.05555543749998	132.47264305918063	139.13846604675354	191.25	239.24710424710423	92.18640498506895	191.25	241.71798561151078	92.18640498506895	134.7918472232405	237.8319294015185	147.75988709506467	244.0773178432996	215.06439311002927	214.82031093255603	249.23120009999786	250.90891728174603	252.65816326530611	242.25	253.57906056771176	254.80987852564107	254.76981928132537	254.97849333610995	254.92113671274961
20.294145173773188	6.738544661563594	41.708738387940514	223.97081537713407	32.33444137201835	166.15384615384613	99.92016366822597	218.07692307692307	103.67424238889893	108.94172998952729	97.40819016400022	197.30769230769232	191.25	74.02544452557683	91.79999999999998	218.57142857142858	211.88151867840145	190.06681514476617	190.0668151447661	200.2733017942299	247.89131018534547	247.89131018435654	236.53846151621997	207.69230768290984	226.666666644	253.69897959183675	254.83422996024407	254.76981928124474	254.92105069199883	251.851851855
0.1387453206440341	8.17321885048483	31.081190136550845	34.47029089189289	32.93707986900728	0.0	101.47470229499999	103.67424246800101	89.25786463483382	73.48441055976596	209.39739486025533	191.25	222.54545454545453	153.0	187.0	238.0	142.27882284970127	211.88151867035631	211.88151867035631	197.83818981872707	241.41680900621523	240.2241935475124	245.55555555555554	219.67905405405406	212.500000017	212.500000017	253.0484693877551	251.866181156122	254.65020576131687	254.72493613554292
7.0181090718321	37.50955234390014	144.2734449055921	253.76264079373726	101.47470222504387	101.47470222504387	87.24813699177011	89.25786435920745	70.2330506974684	81.16777755000004	157.13203535753348	109.86475055095858	120.76630997583703	120.76630997583706	115.87226936148181	102.32909821444733	125.66825132588895	176.10790612184869	176.10790611513877	187.95316424957645	216.07807069854667	211.88151867840145	251.40634080059846	251.40634080060795	250.29362411907826	250.4888268073954	249.9	241.42011834319527	253.29553592742897	254.7249361354766
110.87184406488467	183.92123194683785	9.954800568582698	101.4747021675	101.47470221	101.4747022250439	101.47470226911383	75.37860400661918	68.63885624574826	70.23305082364982	164.95577479194338	70.07850849173172	103.58811040339705	120.76630997583706	86.41355483195645	182.87510831578982	166.66540884216857	175.0470853411806	209.28250569109747	216.07807064662867	230.48054102605124	196.15384615384616	237.784068008386	231.27018738236615	246.3559322091037	246.35593220338984	248.3058608111048	254.84479912762953	253.29553592677922	247.9166666712
3.3344048802376847	13.633430997032235	59.089636315026496	176.53846153846155	176.53846153846155	54.394135942508285	75.37860342826869	75.37860367864988	75.37860382135028	101.47470254999996	71.13271475438313	70.07850844614453	99.08072335515217	103.58811040339702	156.2830617380356	103.58811040339702	226.39546197803503	171.9464708756795	150.89668592843498	170.00000003801313	230.5629713887546	246.1815561959654	240.69767441860466	237.7840680267469	253.16862970580786	246.5	223.125	250.12575452716297	254.99769422743054	254.08461538461538
70.10450356512555	10.283050562087595	107.762243230162	117.69230769230771	55.796633661192715	117.17854150809637	75.3786036210522	75.37860373288692	75.37860367864988	75.37860357017581	71.13271474632674	99.08072304167851	99.08072303134384	99.08072319611887	156.28306164459008	169.2566157018086	169.2566157018086	168.49918203762763	221.4016236578799	221.40162363841722	218.93755416017217	243.0689250377327	243.06892503763265	233.2203998925	236.4030706449713	252.41893158388004	253.55532431347555	254.88932291666666	254.89126096954618	254.898
3.333936322244085	121.55397100339445	38.67583053029398	117.17854127917988	117.17854122918652	117.1785412470974	117.17854124411568	75.37860342826866	75.37860371744395	75.37860357017581	93.49999991585	99.08072196970303	99.08072303134384	99.08072320119851	99.08072305549064	151.5631162672281	151.5631162672281	97.51306118934707	205.925227135946	221.40162360871452	221.40162362010008	218.92552175789004	223.30610792080117	223.30610795454547	252.75385208250123	236.40307065677695	255.0	253.07183364839318	254.85243055555554	254.8605368511894
3.524689989934842	15.779227164767633	117.69230769230768	102.2995933584128	134.92552669983712	117.17854125605282	49.072956429807505	49.07295642226305	117.17854122658358	117.17854138233633	93.49999991585	89.25517328986595	142.19076521771706	142.19076521508015	91.52232487675204	91.52232502716973	91.52232487675158	91.52232632697056	91.52232603374091	159.37701091635336	224.21091558794416	224.21091557663112	224.2109156414565	224.21091561008905	224.21091573100188	249.23030303030302	253.22916666666666	253.76660660660662	254.7613047235023	254.8314709653783
33.127458853395126	89.85526494981661	147.6310923283741	71.99616450855797	46.56457953501965	46.5645797798785	134.92552639809696	134.92552647917762	134.92552649867702	134.925526548967	134.9255265408837	51.0	170.0	128.73214172617122	142.9520722434934	142.95207223317266	142.2998699049835	91.52232250788097	91.52232462339768	91.5223244118921	224.21091544032944	224.21091549944578	224.21091560147417	224.2109156226625	224.21091562853417	245.85429638854296	252.85456730769232	156.46817206914187	223.125	156.321649120114
111.03588062036127	90.53745299102215	30.789084371465805	30.789084371465805	46.564579580812534	46.56457957526098	46.56457957526098	46.56457959977379	134.92552647917762	134.92552649974633	183.6	189.1592832044682	123.31856626171214	136.76616808678332	136.76616839452606	128.73214178964906	82.28482737602013	80.29295650836508	207.48149679645778	220.7462686567164	233.38983052825338	224.21091523813493	224.21091557663112	224.210915581483	224.21091562853417	249.6875	57.3577235772357	168.40133965215637	109.40169141328482	180.27906976744185
38.70289315363749	115.96296906511068	30.789084371465805	30.789084418517007	30.789084515431625	30.78908476186507	46.56457959977379	46.56457956415781	37.61187080027483	134.02854290821654	106.19207863539995	93.72383928884992	117.05420950374324	118.23383160547394	118.23383191321668	101.84278436057338	118.04912015098088	72.80633553929434	220.74626865927266	204.289772611199	204.2897727272727	208.4354204358422	208.4354204002262	224.21091548456837	224.21091573100185	235.80645159919354	232.82608695652175	214.68788610444787	58.28028193275878	145.71428571428572
38.70289315363749	115.96296901402161	30.78908426899818	30.78908439852586	30.78908442336885	30.789084423368877	30.789084500554225	163.35826449686778	155.82039121390932	98.84943360327898	99.35522938970155	110.24300348338824	51.01472865751967	58.528486538729055	58.52848669753217	101.84278437661837	58.52848668164131	58.52848657336705	58.52848643137284	112.04792776682731	208.4354204002262	208.4354204002262	208.43542042473905	208.43542041918747	208.43542046498033	255.0	232.82608695652175	57.35772357723573	153.21763052366597	223.99244212131833
115.96296904753169	115.96296906071595	115.96296904852375	30.789084377337502	30.789084358543477	30.789084412055843	30.789084559670556	133.79844461804294	121.0038033392023	121.00380333144838	91.4977989925901	77.26432122034694	58.5284861818248	217.27981185111236	217.27981191794748	184.75589133964615	184.7558913210707	112.04792775650662	201.5733315983358	176.1518237699946	227.1818181818182	192.57495907385282	208.4354202201215	196.32972403783197	232.33333333333334	233.75	152.70040664158722	156.4684482276188	235.1957906695655	41.975976022497804
64.64853741862933	115.9629691060764	115.96296907390018	33.46735178294085	30.789084389910954	124.78392679576555	125.00794171864072	133.79844457058817	121.00380331235357	89.69563325013453	84.50391060456437	121.00380332709383	121.00380334632445	121.00380333085056	163.3582645648334	160.72056881051725	160.72056882245246	188.2651539541571	201.57333145192013	176.15182374417736	192.57495921412794	179.6213964298242	179.62139628255605	179.6213964298242	179.62139657173134	239.0625	145.77907817165195	58.59967736019806	241.8370382387529	81.24235144375004
64.64853778186273	64.64853780580447	115.96296906770797	124.78392663860538	124.78392670995038	124.7839267626295	124.78392671428267	147.2303565401935	85.82218873381527	110.20681453349508	84.50391060456437	88.50219187467002	121.00380332709383	121.00380333991424	178.37321873207105	178.37321875098104	178.3732187510512	188.26515392147152	178.3732188765789	183.8672852536733	179.6213964298242	179.62139632135012	179.62139626711308	179.6213963789478	179.6213965717313	239.0625	145.77907808376273	226.2288583114611	78.59832601716488	74.55015093557105
64.64853783384575	64.64853775452465	64.64853780176057	94.99424144864417	124.78392666704275	124.7839267327752	124.7839268656372	125.00794171995855	81.578217339871	147.2303565401935	147.2303565102895	147.23035650522115	147.23035652567663	147.23035652567663	147.23035649773118	84.50391060456437	178.3732187560391	178.37321876746702	178.37321874845202	183.86728524561687	179.62139617864972	179.62139632135012	179.6213962671131	179.6213963789478	179.6213965717313	145.77907805172396	145.77907803167864	37.176494835585714	46.57729880805721	176.88394807854056
3.287065818830939	64.64853778186273	64.64853777026994	26.349627515305883	94.99424144864417	94.99424149254489	3.3361451554082464	76.69053821023803	78.33075683460373	79.29533761131711	147.2303564084192	147.2303564084192	147.23035651354235	147.23035660202305	147.2303565102895	147.2303564902412	81.95209442485177	147.23035656684465	178.37321870144424	180.76663002937306	179.6213959933808	179.62139628255605	185.04033421883983	181.38784067912516	214.7098920080412	187.7666370657651	127.5	102.0	235.1065407071338	208.17900367967783
2.5419014334901533	60.66363235609373	64.64853775452465	26.34962747764871	26.349627512942703	94.99424142021834	94.99424140600541	69.27721173368005	76.18386788234369	59.262441548010884	59.26244176684111	59.26244157198403	147.2303564906451	147.23035652242606	147.23035650465863	147.23035649815296	147.23035652242606	147.23035656684465	147.23035654613216	177.17307537562175	177.17307518000274	210.477849247211	177.1730752839175	255.0	217.95239957676583	40.79897035487264	127.5	102.0	220.09574263920416	24.414367301296124
102.33335621475788	76.76264897999997	51.3116928093161	64.64853785368791	26.349627530589686	26.349627505940646	94.99424143016324	94.99424141781807	94.99424141164548	26.92106629500003	59.26244134419838	59.26244133485656	43.37237838920129	162.7436607499237	147.23035650522112	147.23035650465863	147.23035652567663	147.23035649773118	177.1730751452916	177.17307519713026	177.17307519713023	177.17307521882708	189.90551118798544	189.905511225	189.90551118798544	255.0	40.79897035487264	1.1076466376995313	243.23797119017482	180.98787332021126
36.059571905415794	76.76264894285057	76.76264889500001	76.7626488525	51.31169270520445	26.349627501258027	26.349627583530634	15.823276880327171	15.82327688699661	44.71852147992297	44.718521616718306	44.718521640065916	59.262441303982314	43.37237825934869	131.12688737395314	131.12688738000264	162.74366074589017	177.17307515373665	177.1730751452916	177.17307515373668	177.17307528413625	188.5967331752416	189.905511225	189.90551118798544	255.0	255.0	61.04660656008079	210.84024956385687	210.92856432892177	39.850298091745884
3.5791580904019327	20.20113026226909	76.76264888747806	76.76264890593558	76.76264897999997	56.002388610196505	43.11848132159855	43.118481329643686	26.349627759108017	45.959739100388674	45.95973913834794	45.95973913834794	44.718521582950416	44.71852192586792	69.3214864107176	76.57045795002827	177.1730747761168	177.1730750235558	177.17307518000274	188.5967327026695	188.59673265454995	189.905511225	189.90551127046035	255.0	162.66827563836955	162.66827565462836	210.85944533052094	198.37391013574938	21.512600643549632	195.75056122741245
82.58615120287678	36.059571905415794	118.22099791638345	76.76264886544314	49.07799788674768	60.55942225906597	52.43233058224149	55.67481673825861	74.68777074986073	26.628263195265987	26.628262949805503	45.95973913834791	45.95973918247694	45.959739325913205	44.71852147992283	188.5967327026695	188.59673276523688	188.59673272834124	188.59673274600016	188.59673276766551	189.90551097	163.68336180385927	163.68336183631212	162.66827563836955	162.66827565462836	0.0	79.07602310302718	140.0272930594183	178.91621725246856	77.3334132855561
1.0885646516970269	55.566409115165754	9.863743154384139	0.31953065748214726	7.641790887951288	44.1235753292639	44.12357532926384	44.12357533950885	44.12357528566696	26.628262962434945	26.628262916784223	26.62826307074863	26.628262999918036	26.628263058119217	26.62826304148504	154.34938108199185	154.34938101504656	154.34938101147208	163.68336204230079	163.68336181703896	163.6833617876328	163.68336180917606	163.68336179345025	163.68336185932128	110.95474892207613	57.70506827012892	112.24731126504702	110.21292534936174	226.02750828085397	254.3834145950585
21.460004817688485	8.665852549107797	27.01249382867556	50.33831008208182	40.333365616098604	100.19958743348005	44.123575311390795	44.12357532425477	44.12357532425477	44.12357529755869	44.12357535095086	44.12357539026959	168.24054202238392	154.34938104274096	154.34938098157392	154.34938101366697	145.52483273985177	145.5248326569938	145.52483265699382	145.5248326569938	145.5248326286238	182.41126117680608	182.41126115505844	182.41126124204897	82.77595861339341	57.70506827012892	57.705068295867875	10.824729493136601	9.75053849174705	255.0
10.819774518339756	9.612514601622792	12.21205180478313	18.097182744643646	26.146492148426006	27.01249382867556	29.75438613536565	30.374465792951497	20.060841885110875	44.123575291972855	44.12357532425477	44.12357533950885	44.12357535999885	154.3493807939949	154.34938091766546	145.52483262488752	145.52483265643082	145.52483264716182	127.31977637679684	182.41126114736036	182.41126114736034	182.41126112480936	52.10880364579657	140.59270130226656	57.705067992886995	57.70506832058675	57.705068302334666	188.9443917227536	1.0692809188716978	255.0
1.1020458027992674	7.97334000451653	9.516659766985441	13.03839487890042	71.1327604788899	19.453629436966423	109.7799322656598	27.01249382867556	30.374465792951497	20.548416842969345	64.2375798748107	54.61283193544992	44.12357532425477	44.12357535999891	39.3350700344275	88.32950257230675	88.32950265669001	182.4112611115632	182.41126114736036	147.84310849497544	143.05794693573503	83.12547725631842	60.79876945690208	156.88617548726086	1.0810466101290217	57.70506824643013	57.70506810807879	3.333038233383917	253.46034634759235	255.0
