254.6243669977002	254.32938855851853	254.61659647861265	254.74118087557605	246.67234175771353	252.72190932992788	252.55016264177215	249.78070175438597	191.25	226.66666666666666	250.42061663902214	218.57142857142858	223.1671225401171	244.8	244.19051962475868	247.444444452	232.333333339	225.96300573295903	232.333333339	219.48214285714286	242.12121211090908	223.63492111574362	252.6810981211132	252.6810981211132	243.043861959185	254.7788620821486	251.00820793042564	253.4861283553149	252.91646414369848	253.78688390350183
254.98132218875787	254.3109354500729	253.00517514372362	241.92307691	242.4978867142857	252.55016371312482	242.12121211090908	239.92220088520637	244.42886396796163	248.0474626336924	235.29554408519445	206.034080685	255.0	191.24999989133522	52.15909087945511	237.44476426531028	170.46448087431693	235.58095248650665	226.71526586620928	205.81603966339554	226.74147106839908	228.7801199028743	237.9943526094275	239.29993872820404	230.65076914778868	240.92776857578383	250.22739047153763	250.05286989795917	253.48612835503624	254.59436069799156
253.2417201833643	254.77613168746666	252.91792006515834	223.125	231.79632520868742	239.92220101177023	244.9482918092434	244.94829031678515	228.6684482849907	239.0625	253.62174196970514	197.1660934571618	237.75613694449837	198.39705461843653	233.32385898651904	224.83870967741936	213.4550659643794	207.05038918476035	209.3126901858092	223.73453081105345	219.68751277638694	210.11605415860734	193.83445947255638	219.3	231.657516214778	239.41772253384053	246.64067928143086	251.83391896617763	252.88423661152243	253.70076087972396
251.09549485182453	252.98518518493333	227.54798063576987	196.12721935643344	221.54750618730904	250.75883575883574	238.381410140625	228.66844829172638	227.07944928513166	48.44999999999999	124.73566973566975	219.35408143890356	170.0	212.73237410071943	219.35408143890356	197.25387132053072	227.91079451447732	216.29855303083713	237.7652861978127	214.9708782081669	215.31490308744125	222.7932357771981	211.47131138830383	225.23265306122448	219.3	232.12949732029108	245.69867248520973	246.64067928205114	251.5251178675552	239.88900789650538
244.8593054797491	254.7602792612746	254.25142918863872	255.0	20.125473697168417	241.15384615384616	235.14834625328183	93.46153846153848	211.90559457943777	232.51914732203372	143.83914146016076	204.23076923076923	170.0	155.9878884772242	170.125739565	133.57142857142856	161.89980065071842	230.7683741648107	230.7683741648107	200.4303389914092	209.31269017223264	209.3126901736173	155.7692307621824	248.07692307723633	140.25	241.46938775510205	243.90769675925927	246.6406792791226	247.45022539800956	203.3625
127.73501676950579	144.8368642343599	208.85948028482926	198.10465724785504	184.5356943524365	95.77320253137052	76.76264897999997	211.90559446866894	201.38358810420632	220.98905284309652	104.82850290598472	212.5	180.8181818181818	127.5	170.0	204.0	210.28398566086497	161.89980052049242	161.89980052049242	189.36547530234753	183.44502993992853	216.07876771699873	196.06666666666666	244.66216216216216	216.75	216.75	227.9387755102041	195.57350933090578	241.37985185185184	235.87481414622334
250.21604204188097	5.98816745865318	0.6954558500227677	218.59212717058205	76.76264890593558	76.76264894285057	203.41698616179798	201.38358773095942	219.6379043671215	216.66830182500001	134.02854290821654	185.92438249238245	194.7048671039006	194.7048671039006	188.34734307127906	196.93878461481196	184.37127112132202	169.2403886235175	169.24038861586678	184.31755551266104	195.57717307641275	161.89980065071842	166.06434414364534	166.06434413647094	56.476510057638166	152.25209496994063	232.9000000017	158.43195266272187	211.1557054189544	235.8748141460375
0.11887427953743668	82.68620779685972	235.72597930832637	76.7626488525	76.76264889500001	76.76264888747806	76.76264886544314	189.5967049165932	218.95714777436683	219.637904445038	190.8199153710995	210.76690206259525	177.57961783439492	194.7048671039006	148.44550171343218	178.97368878590578	211.106188718685	184.6817915457964	159.831446530062	195.57717303751969	155.55223603026062	98.07692307692307	128.0374395519309	192.49284997443672	162.0762711635852	162.0762711864407	223.4752747269119	156.28355382326532	211.15570542450757	249.2625
168.23883988972045	197.27567090679162	212.1117126426841	58.84615384615387	58.84615384615384	212.7056022411487	189.59670433824266	189.5967044930113	189.59670451448534	76.76264897999997	162.39548434716605	210.7669020445048	176.59703827473257	177.57961783439492	176.4582849596298	177.57961783439492	152.81179551117805	170.47900290412593	156.23892462505398	83.94079968303217	167.87552887737354	85.24495677233429	201.97674418604652	128.03743963114917	119.55185290243838	162.03125	209.1	216.51911468812878	209.615478515625	216.56099759615384
234.23618524900567	67.31892637849563	239.27085366178076	215.76923076923077	185.55713111847172	94.99424144864417	189.5967045310262	189.59670448227428	189.59670449301126	189.5967045144853	162.3954843216331	176.5970375414425	176.59703769759108	176.59703768045216	176.45828498262426	147.1103346339631	147.1103346339631	169.74276885172196	153.90655757179775	153.90655760658876	179.93003265445137	130.8141874895187	130.8141875333793	119.69068881375	145.14680141391523	126.31530325344761	141.66666669614983	174.31640625	179.44444444840724	253.08466666644
252.94987017372128	0.0	31.382279135819488	94.99424144864417	94.99424143016324	94.99424141781807	94.99424142021834	189.5967043382427	189.59670433824266	189.59670401213643	163.6249999228625	176.59703670594413	176.59703728090508	176.59703750521052	176.59703742980267	173.30297688019272	173.30297688019272	171.92973981414417	132.41125661305324	153.90655753770818	153.90655758500282	120.06616705115886	119.15788811137605	119.15788801378142	135.01289142029896	145.1468012810858	163.2	107.37476370510396	156.14000108506946	251.65344709495957
191.42026026664996	6.974432637418317	215.76923076923077	156.62932086422668	164.1671677880119	94.99424141164548	195.19379311268798	195.1937932298626	94.99424140600541	94.99424149254489	163.6249999228625	162.7204625022017	161.9725719013243	161.97257193053446	166.13386732597723	166.13386792800367	166.13386780938342	166.13386877619575	166.13386903177206	159.5381414878886	92.06277313243686	92.06277315523613	92.06277318594925	92.0627731730695	92.06277318489282	100.86666666666667	119.42057291666666	134.12336336336335	133.99781586021507	251.83391896617763
141.29499543684796	50.33831008208182	42.40528844360006	40.333365616098604	180.40557936415752	180.40557937876827	164.16716718453165	164.16716729272787	164.16716728511167	164.1671673354017	164.16716740492876	107.884615365	84.99999999999997	179.7160515607514	81.87748357444059	81.87748354385366	141.30494339540354	166.13386729818149	166.13386707869182	166.1338677983896	92.06277314731003	92.06277314040781	92.06277312747915	92.06277314040781	92.0627731175637	94.95018679950186	100.01802884615384	248.3165135255523	69.10499999999999	120.40645797889641
16.81788667815485	194.24785373032108	162.93722698946095	162.93722698946095	180.40557922303717	180.40557923193055	180.40557923193055	180.4055792288912	164.16716722720582	164.16716728644678	132.59999999999997	140.9605332114484	107.77568139329088	113.7868427685608	113.78684276973715	179.71605156758818	152.3613096194125	151.54372231459888	152.46667045495343	87.53731343283579	69.15254233552139	92.06277293845935	92.06277315523613	92.06277309824415	92.06277301053902	111.56249999999997	176.91056910569105	135.31905443609475	216.70719412320378	255.0
31.40423824537885	28.240369389527643	162.93722688243628	162.93722690175588	162.9372268151072	162.93722706154065	180.4055792288912	180.40557924971728	89.70714462602652	59.264070933906396	106.39524838656573	74.68777074986073	117.20909749057458	141.21315723026282	141.2131572314392	197.01851554249407	118.43161453187344	140.23234276339412	87.53731340727333	91.67355370643546	91.67355375852273	74.59442075028272	74.59442077110882	92.06277318489279	92.06277293845932	85.00000001370967	60.97826086956522	21.333071462875438	120.40645797889641	255.0
31.40423824537885	28.24036935081861	162.93722681510718	162.93722687252082	162.9372268447638	162.93722684476387	162.93722685959216	75.28969730498488	104.34263795847093	99.40408928515404	99.76273102498357	112.87334576113167	99.51791510794004	123.10223240855899	123.1022322626244	197.01851547573813	123.10223211628158	123.10223211628156	123.10223227309115	173.12251645614631	74.59442077110882	74.59442077110882	74.59442076806945	74.59442077696283	74.59442063584245	102.0	60.97826086956522	176.91056910569105	29.93654701159801	9.4366334656805
28.24036914114933	28.24036940028509	28.24036947036771	162.93722685959216	162.93722681405075	162.93722686756314	162.93722685268995	77.20089486611491	69.38809251358887	69.38809252588104	91.86501614217221	89.43679454112913	123.10223194157021	120.87661530604859	120.87661530885424	75.81957428541622	75.81957426700686	173.1225164255594	65.45049862994895	105.66532299254479	60.27272727272728	78.20046474351562	74.59442062123173	78.64245889892618	62.33333333333334	69.06249999999997	98.37067913577329	150.27303501775057	199.7439786924796	13.466908529371125
167.277400676434	28.24036923126951	28.240369368012608	139.85718248042966	162.9372268269305	76.55234734205035	74.93463626949557	77.20089488973298	69.38809251837804	86.18105086297959	85.2687776917058	69.38809248130676	69.3880925328603	69.3880925440001	75.289697402515	70.08470297638812	70.08470295141328	86.66931065011048	65.45049877853793	105.66532297454512	78.20046480446933	65.40329548551469	65.40329566175731	65.40329598786354	65.40329566175731	58.4375	48.26781180431158	179.98921737208317	246.86540353106528	98.57694873568684
167.27740033956917	167.27740032441693	28.24036939066832	76.55234724888328	76.55234734205035	76.55234733285175	76.55234750078873	71.84156821687787	85.91113900054509	0.0	85.2687776917058	95.3692454012803	69.38809248130676	69.38809251567577	81.6828129139212	81.68281293097661	81.68281293843532	86.66931060954599	81.68281298746354	92.60451567836694	65.40329548551469	65.40329550698871	65.40329551772575	65.4032954689738	65.40329566175731	58.43750000000003	48.26781189348836	181.71152274523917	107.95752096547048	221.29466968959895
167.27740037830705	167.27740033679703	167.27740029528698	36.55815588547094	76.55234727768894	76.55234730340709	76.55234741180936	74.93463621554938	80.95546245997	71.8415681327968	71.84156815973913	71.84156818380643	71.84156817017035	71.84156817017035	71.84156815653427	85.2687776917058	81.68281291374464	81.68281293959265	81.68281293959265	92.60451565283392	65.40329548551469	65.40329550698871	65.40329551772575	65.40329546897377	65.40329566175731	48.26781186617356	48.26781185407657	166.12435231804136	62.088235091732486	60.07273765193656
0.1316384024820536	167.27740033956917	167.27740032296032	64.95153462860588	36.5581561143874	36.55815625268963	114.50581179423486	78.3656428577568	78.50551065342339	77.1491546472858	71.84156818380646	71.84156818380643	71.841568150563	71.84156818380643	71.84156815973913	71.8415681292621	0.0	71.8415682411522	81.68281289989619	37.30502595685604	65.40329508340679	65.40329537258205	46.79337188992275	37.25229623106847	43.56728219862387	53.50511764657875	25.5	255.0	32.11917212237407	242.9016573543873
46.58380794625981	108.28624857065597	167.27740033679703	64.95153460829897	64.95153459827318	36.558156103447885	36.55815609797804	66.85784749710749	255.0	124.93833100086772	124.93833053953847	124.938330671344	71.84156807240399	71.84156814464092	71.8415681564851	71.84156817483733	71.84156818668149	71.8415682411522	71.84156815653424	45.48201579345684	45.48201567031262	43.787150081445276	45.482015645681	57.47784931542034	37.237622345992946	146.81561343618569	25.5	255.0	128.79929716178066	135.17638416095025
226.4556596088265	11.668160204999992	91.85095716671049	167.27740029411245	64.9515345932603	64.95153460552069	36.55815606810825	36.55815606335727	36.55815606098176	61.313596125000004	124.93833067767969	124.93833069818177	118.34020585067768	69.52498358211571	71.8415681838064	71.8415681564851	71.8415681701704	71.84156815653427	45.48201561144322	45.48201560228736	45.48201560228733	45.48201558059057	27.515876280799006	27.515876320000018	27.515876336171544	37.899829133800864	146.81561343618569	114.20137323134873	30.55145527726134	210.30921011156482
43.773118886396276	11.668160130836014	11.668160120000039	11.668160077500005	91.85095720764971	64.95153459397807	64.95153446013785	53.7167484118805	53.71674841676821	98.52659177578212	98.5265917580625	98.52659180219402	124.93833077257952	118.34020588371706	58.28021988319142	58.280219938140675	69.52498359724635	45.48201551550008	45.482015611443245	45.4820155805906	45.48201554716849	29.51566230218043	27.515876362500023	27.515876317714003	37.89982917684452	37.89982910755646	167.58900253029617	79.36026684812668	225.67193693992385	255.0
254.02951981832211	0.1316384024820536	11.668160075463504	11.668160093920989	11.668159949999989	55.804407294433844	93.10019934928158	93.10019947950758	64.95153428745238	100.57778834852388	100.57778819978634	100.57778828625086	98.52659166504017	98.52659171882922	69.5214856936567	75.07537401021082	45.48201519395187	45.482015645680946	45.48201552043636	29.51566229693188	29.515662267535077	27.515876235000007	27.515876182003836	37.89982914494368	18.202227165440178	18.20222711974705	126.91899350810232	1.5939645513170149	147.60824772734173	232.55973047050009
253.820425863595	43.773118886396276	5.930056525947293	11.668160135903463	49.86511611986279	52.08384176433094	51.926049618545505	57.068012623392775	13.085759023430995	113.7334969398461	113.73349709607834	100.57778825742938	100.57778830902788	100.57778833176798	98.52659163522742	29.515662166939848	29.51566213519888	29.515662279083557	29.515662253601192	29.515662231935863	27.515876489999982	20.805559272672554	20.805559276797595	18.202227165440178	18.20222711974705	165.75165402282317	255.0	214.12288953273094	58.99304565036161	239.9038431599979
133.00422797589135	20.066156669424316	61.303236015355964	85.82750764983939	83.83151515604055	75.86505791531229	75.86505791531226	75.86505793640387	75.86505790425505	113.73349690813433	113.7334969398461	113.73349697513513	113.73349699127118	113.73349698166442	113.73349701698373	19.783023393600217	19.783023397324058	19.78302342414986	20.805559416096145	20.80555928086372	20.805559270610075	20.805559271676657	20.805559253302647	20.805559187431584	0.0	255.0	140.44456850374553	15.5639372242822	18.0581041003137	221.0571212179019
42.091951947619975	50.995865709510866	64.2375798748107	8.190895078656808	6.562921269940745	108.50297122644062	75.86505794848404	75.86505791787764	75.86505791787764	75.86505792748184	75.86505797283732	75.86505796643456	89.78301873970244	19.783023392880978	19.783023399185936	19.7830233944982	22.81110501871501	22.811104907829986	22.811104907830014	22.811104907829986	22.811104912350004	19.683159645759616	19.683159613011014	19.683159744005252	220.97746225803277	255.0	255.0	19.969627811439096	253.50315978005852	23.81396105688802
10.140323272978861	9.011245307410974	12.364210751264466	255.0	25.06229933346063	64.2375798748107	30.101361806548454	27.01249382867556	96.27562641868838	75.86505791787764	75.86505791787764	75.86505793640384	75.86505797858698	19.78302339360019	19.78302339288095	22.811104902797297	22.811104906555926	22.811104908487295	28.129190793967297	19.683159584138366	19.68315961054512	19.68315951103301	30.704048922865496	51.55725119257383	255.0	255.0	255.0	85.90810695079338	190.79265592138594	255.0
1.0867104558027165	10.102655770518737	8.963431356906057	12.32918139808939	10.195544683328308	18.28282693340418	30.44363030892211	30.374465792951497	27.01249382867556	42.768578068619036	30.374465792951497	82.77595861339341	75.86505791787764	75.86505797858698	61.04660656008079	48.82027719024654	48.82027727685718	19.683159547513924	19.68315962374848	10.890038878701688	10.140837265443565	2.4756595532258814	3.8177206816853584	0.5612535795888505	191.9817856261043	255.0	255.0	146.1976681293147	188.9412123269186	255.0
