254.88288993779122	253.49112426296296	254.97099880947323	251.8823015372984	250.61909920428764	241.80700952524037	235.1120357091102	235.6140350877193	244.8	244.8	218.19239597513015	250.44642857142858	251.1804475607054	253.86666666666667	254.79005191441868	243.666666661	236.111111113	242.83462977751	236.111111113	240.79285714285714	249.84848485363636	74.79346036825353	184.60383650115983	184.60383650115983	253.93499801455164	218.01261469157103	254.80127538498263	254.20232483033357	254.58178576464954	254.15478756563118
254.90636231168003	254.95589986879332	250.30395710203695	235.38461539333332	238.90532542582417	235.1120347353667	249.84848485363636	225.93513366168298	222.24100101286135	212.43433316067177	246.55172787829954	249.052478175	255.0	234.71590895754778	217.32954533106275	254.14954555804982	170.46448087431693	250.1567568637655	243.77358490566039	234.3938352916157	250.9816728376267	228.54825387324775	225.98460294978935	144.1043872971695	234.3574216938008	240.94671450783682	183.59698931205577	254.20845918367348	254.20232483046865	253.97142551147905
254.9778279562221	254.4962962968	248.53459390094008	252.96	226.21922258834715	225.93513356791726	209.95220859304186	209.9522072770678	208.42623005469196	212.5	252.8027646453062	247.93263480142454	185.02965379247425	241.60422122922242	178.8938146109314	253.3663921859936	208.48727939034194	215.1986890618599	218.212815474149	122.1384015972344	219.6090971168581	203.70406189555126	241.21621624974435	153.0	231.61335743593565	238.92121162502616	249.54713387944278	254.4934969774684	253.65241322037346	253.1879669767124
0.0	253.60082304553333	205.50063994642045	229.49294760486566	197.68565982262248	239.24710424710423	204.326923015625	208.42623013183533	207.76180092741885	48.44999999999999	179.87080487080488	122.3288108677265	233.75	212.73237410071943	122.3288108677265	184.27572504579723	245.0788650187951	251.80271179027363	248.68796835451315	215.3558689896022	215.07661367437902	198.9659300499572	206.31699031991835	214.40816326530611	153.0	244.8614281320343	248.5417962324856	249.5471338798598	248.5384423157018	253.6882716049443
7.177439934911405	237.35076869163618	236.74838608343353	18.36638238986143	224.07111742084842	218.07692307692307	194.95126473581615	144.23076923076923	184.56293736914375	191.5784727264118	215.54694977969075	190.3846153846154	233.75	230.28944555349108	234.18367348499999	133.57142857142856	83.84712598538911	121.06347438752786	121.06347438752783	200.49223388579378	218.212815463634	218.21281546447108	201.92307690240168	238.84615383534634	178.5	250.48979591836735	245.0390625	249.5471338779495	245.57546499326585	232.05
188.941353938955	0.11887427953743668	228.62475991869835	244.586196464228	220.02794343644857	168.40166358173786	178.23735127499998	184.5629371393722	170.5253631693571	163.6145346944804	251.59280134055305	170.0	180.8181818181818	204.0	204.0	238.0	146.99848700973018	83.8471259811086	83.8471259811086	240.48401983961662	209.5186461011677	155.405114183538	196.06666666666666	206.75675675675677	209.1	209.1	207.64285714285714	247.57168866636323	241.37985185185184	252.65080591447514
131.22517696916802	66.57249149869295	186.3489050603025	49.88487613708273	178.23735113097945	178.23735116789447	172.07870839861496	170.52536296093209	160.53268754929823	165.62745305625	214.46176166652586	114.43401218855672	125.43148084225055	125.43148084225061	246.68491818775178	79.2405903647562	138.05722393959655	197.59560186803805	197.5956018678072	188.1739378223363	151.5080420488728	83.84712598538911	215.7941426944282	215.7941426938582	223.33892613702366	210.12569832464908	240.2666666661	230.85798816568047	245.26020529959416	252.6508059138002
229.3415671463843	252.62694599378136	254.78947772850634	178.23735102	178.23735110500002	178.23735111252194	178.23735113455692	155.48682849540398	158.99134888093988	160.53268747651435	141.5728043534688	170.94619663151136	244.71337579617835	125.43148084225061	206.90302699314014	185.59779064306878	201.24127976949995	80.0294510915763	194.81012186032171	151.50804204028654	149.26583319682805	176.53846153846155	196.29407294368127	95.05150660514275	220.4237288104826	220.4237288135593	230.15384615553228	237.83602510564197	245.26020529963813	246.738
245.94956920409442	221.5214766172622	156.13605558041178	98.07692307692307	98.07692307692307	144.94208020326323	155.48682791705343	155.48682805451563	155.48682817091384	178.23735101999995	187.85690741678832	170.94619661272375	103.51034721336484	244.71337579617833	227.45656794838152	244.71337579617835	163.14885039498233	171.39721978067274	146.81266246003753	115.33074784962139	153.26053683861483	161.671469740634	201.97674418604652	196.29407288624577	212.8052283796183	219.583333336875	140.25	189.8390342052314	245.55555555555554	247.73504273413462
41.33742504738825	22.136011261814616	107.48075244265303	176.53846153846155	142.88018067177467	186.08927052513167	155.48682810983692	155.4868279963165	155.48682805451557	155.4868279197394	187.85690742050411	103.51034595717684	103.51034604170684	103.51034633823323	227.45656788662814	214.10193767102936	214.10193767102936	167.22854442280843	165.45297566225372	165.45297565942622	193.70562832540406	184.7392252222036	184.7392252237526	186.04379256375	186.16767170569966	210.20002677734635	216.789802289282	226.66666666666666	240.20895572488337	254.148740740776
46.46134788632338	239.2208749165329	210.87192608984435	186.0892707540482	186.08927066430186	186.08927064011823	186.08927062205782	155.48682791705343	155.48682791705343	155.48682791973937	224.40000002244	103.51034546745944	103.5103464583932	103.51034648452728	103.51034691517623	90.75053974867734	90.75053974867734	243.6163120973289	132.41125661305324	165.45297560275844	165.4529756046278	158.42835866141465	160.63198185359767	160.63198199347198	250.673402421231	186.16767154945003	225.522	206.79584120982986	236.55381944444446	254.40157060206096
84.7620116053289	134.2755857176604	176.53846153846155	220.92950869713178	111.03336653105953	186.0892706280264	126.4953646099213	126.49536449138114	186.08927055606267	186.08927069116817	224.40000002244	93.29666683778854	211.68113754899636	211.68113753801816	242.44498963707628	242.44499025461388	242.44499012048163	242.44499253751397	242.44499125263485	159.4388236621905	164.31820977795263	164.31820977432204	164.31820983146497	164.3182098084766	164.31820982725475	187.92727272727274	210.72916666666669	219.36432432432431	219.15898617511522	254.4934969774684
61.77361131272448	194.2674012294443	73.70757177570857	155.65596279056598	116.16352192031624	116.1635220829877	111.0333662293194	111.03336626875262	111.03336632989942	111.03336638018945	111.03336647378092	182.14285707	84.99999999999997	71.53956170672197	159.94318529233203	159.94318530434063	142.37330669127687	242.44499025461388	242.44498959378276	242.44499032648423	164.3182096554752	164.3182097478557	164.31820978310355	164.31820974785575	164.3182097934054	177.83312577833124	186.34615384615387	174.68046427140786	69.10499999999999	67.45021215158562
6.9753165114630065	147.6310923283741	90.68179020659457	90.68179020659457	116.16352195023396	116.16352196678645	116.16352196678645	116.16352196344823	111.03336626875262	111.0333663370954	132.59999999999997	189.1592832044682	140.9605332114484	191.36008823313372	191.3600884518129	71.53956174117377	86.06343349936165	237.9911406110241	77.37572598090952	137.0149253731343	151.27118643188737	164.31820958082125	164.31820977432204	164.31820975892288	164.3182097934054	170.0	79.47154471544712	192.22331058610493	26.140790882754175	180.27906976744185
211.01947941788546	51.314431259306275	90.6817902065946	90.68179024107712	90.68179017274528	90.68179041917872	116.16352196344823	116.16352199989149	169.59013021108507	59.264070933906396	106.06377408855158	140.9605331234972	116.80435239816956	63.639911548187115	63.63991176686628	159.8242689637834	119.80209151304314	232.64441454673837	137.01492536290937	130.81168825806157	130.81168833238635	138.8364780001085	138.83647803655177	164.31820982725472	164.31820958082125	156.29032258064518	144.1304347826087	77.02961567748378	67.45021215158562	145.71428571428572
211.01947941788546	51.314431259496956	90.68179017274531	90.68179021689645	90.68179022567793	90.68179022567799	90.68179025214428	83.58203878691924	104.34263795847093	99.0172697653228	99.90347248567241	255.0	158.06834922756016	228.62683031608796	228.62683038095398	159.82426890088027	228.62683046131724	228.6268305154545	228.62683026531127	95.05681469565934	138.83647803655177	138.83647806295852	138.83647803321352	138.83647804976604	138.83647807968373	168.3	144.1304347826087	79.47154471544715	74.55015093557105	43.73372011718095
51.314431046086014	51.31443127885325	51.31443124676326	90.68179025214428	90.68179016853497	90.68179022204737	90.68179034452484	107.86479205629905	101.64192995313167	101.64192994849594	90.19466402102199	92.64009073565231	228.62683042960356	166.10228525981643	166.10228524999678	69.99158080474965	69.99158077188358	95.056814707668	108.70269286087407	117.22217756608748	129.8181818181818	115.11952490399142	138.8364779170123	117.23176532768707	136.0	148.75	34.07049130286825	225.93330229303348	28.361268019074913	39.778574741856715
115.96296904753169	51.31443127223068	51.31443122021224	98.14329067083304	90.68179019152339	76.55234734205035	106.22464908773762	107.8647920487488	101.6419299249466	94.56061285908024	83.88413443830174	101.64192993924297	101.64192995539645	101.64192998131674	83.58203886953618	65.66853174754047	65.66853173869757	65.04736731955569	108.70269286509009	117.22217753212686	115.11952529673215	99.51317208026063	99.51317208294654	99.51317208026063	99.51317208294657	127.49999999999997	117.17854127917988	169.93871467861746	103.0146918066722	81.24235144375004
115.96296906071595	115.96296906511068	51.31443125525237	76.55234724888328	76.55234734205035	76.55234733285175	76.55234750078873	80.82034067742052	85.794259356515	98.59958013869803	83.88413443830174	89.19958809491979	101.64192985819093	101.64192995001196	69.88761804104641	69.88761802240393	69.88761802245193	65.04736733932873	69.88761807283029	67.14309257949591	99.51317208026063	99.5131719454844	99.51317200368354	99.51317189016308	99.51317208294657	127.5	117.17854122918652	11.146445134600867	192.64704008115706	178.4293315236146
115.9629691060764	115.96296901402161	115.96296904852375	36.55815588547094	76.55234727768894	76.55234730340709	76.55234741180936	106.224649086749	80.91733667728872	80.82034059333941	80.8203406420422	80.82034063742404	80.82034062208368	80.82034062208368	80.82034065514435	83.88413443830174	69.88761801667587	69.88761804428299	69.88761802526798	67.14309258321165	99.51317182908616	99.5131719454844	99.51317187809633	99.51317189016305	99.51317208294657	117.17854124411568	117.1785412470974	15.498609809277497	66.87408358166519	120.10233317893912
240.59879354807882	115.96296906071595	115.96296906770797	147.93095015249918	36.5581561143874	36.55815625268963	98.38877673285481	78.52122435402995	78.01854247623845	78.53656436396616	80.82034054062211	80.82034054062208	80.82034063434637	80.82034054062211	80.8203406420422	80.82034067286463	98.59958013869803	80.82034069947443	69.88761798526298	92.36283494508706	99.51317150459604	99.51317179377133	96.34639078133611	90.39820778799455	104.00668735115173	89.32784283149593	25.5	102.0	3.2543122372860864	179.63736605545157
254.82169371873024	25.912848012639188	115.96296901402161	147.93095017383473	147.93095019036173	36.558156103447885	36.55815609797804	69.11378989843104	75.60130984281986	62.38708097617993	62.38708107294852	62.38708087702193	80.82034060597474	80.82034060666385	80.82034061998829	80.82034063537998	80.82034064870442	80.82034069947443	80.82034070354533	80.5870459551497	80.58704615239094	101.99999997719206	80.58704602980299	106.31072671050651	88.89610619691757	57.85904520659153	25.5	102.0	105.88378085094803	135.17638416095025
135.17638416095025	11.668160204999992	170.87887207445067	115.96296907390018	147.9309501986252	147.93095019055386	36.55815606810825	36.55815606335727	36.55815606098176	118.69676658	62.38708077433748	62.387080764503224	31.64683012298096	71.91078512165723	80.82034063742398	80.82034061998829	80.8203406220837	80.82034065514435	80.58704608664388	80.58704607319657	80.58704607319657	80.58704609489345	72.41914732790292	72.41914736499999	72.41914738327543	72.36672367262426	57.85904520659153	240.6101071247926	178.438775479255	244.3822696210081
224.41615954287295	11.668160130836014	11.668160120000039	11.668160077500005	170.87887187002505	147.93095020958123	147.93095010533182	8.89986350961425	8.899863544595831	212.56202145406667	212.56202127181416	212.56202124782345	62.3870808227843	31.646830114647088	58.28021988319142	58.280219938140675	71.9107851626022	80.58704602980299	80.58704608664391	80.58704609489345	80.5870460498798	74.7927618663804	72.41914740750002	72.41914736481795	72.36672360771851	72.36672358690049	167.58900253029617	31.37721792171294	49.84611288003478	1.84560994742057
35.31901707559422	240.59879354807882	11.668160075463504	11.668160093920989	11.668159949999989	55.712027959557844	171.1528740146109	171.1528740188914	147.93094999476537	48.44928101120877	48.44928118578716	48.44928118578716	212.56202131868736	212.56202117585116	70.61134424328927	76.57219166477097	80.5870459551497	80.58704602980299	80.58704600251471	74.79276159751731	74.79276177858901	72.41914727999998	72.41914724860902	72.36672361835213	55.474463235678826	55.47446324431115	193.7217117985826	254.999791918556	127.72969162518923	47.32306083674959
133.00651689039543	224.41615954287295	21.295062819338654	11.668160135903463	50.09734021789848	52.08384176433094	55.742310279802325	53.62318436353894	13.085759023430995	38.69489781766495	38.69489802682378	48.449281128144094	48.44928109231935	48.44928123538904	212.56202126666048	74.79276146752528	74.79276152316692	74.79276160830761	74.79276159751734	74.79276159751731	72.41914727999998	57.66802792607052	57.66802798806202	55.474463235678826	55.47446324431115	0.0	79.07602310302718	26.10160342539686	156.36423297509427	55.70242703810379
50.78645023490034	51.04415849701974	16.543939499780237	55.53708517800305	20.060841885110875	20.77543670542849	20.77543670542849	20.775436729196457	20.775436702400555	38.694897964547465	38.69489809614683	38.69489802682378	38.69489808206083	38.69489812941438	38.694898075017846	56.25167753995245	56.251677550540876	56.25167756767266	57.66802795376117	57.668027939688955	57.668027895074744	57.668027933675944	57.66802792165012	57.66802785577906	71.99616450855797	57.70506827012892	48.3755383790278	211.06959393996615	15.336148844190433	50.20443306196373
21.762484519706845	0.00517831921027323	64.2375798748107	8.190895078656808	6.562921269940745	0.0	20.775436714512495	20.775436699727663	20.775436715868665	20.77543668621675	20.775436745520523	20.775436743767187	22.48771742805394	56.25167756767266	56.25167755583513	56.251677530579286	53.394424493237295	53.39442452366703	53.39442450491404	53.394424495537464	53.3944244179452	51.80418828216119	51.80418824558305	51.804188209484266	220.97746225803277	57.70506827012892	57.705068295867875	251.6939663620064	237.10894950880925	110.21292534936174
10.119884929357369	9.745510779406658	12.47318700415721	21.02161815896386	29.202159559592843	64.2375798748107	30.185490993550786	34.24016530082338	26.81615525181647	20.77543674815061	20.775436715868665	20.775436729196457	20.77543677673242	56.25167753995245	56.251677442597156	53.394424455627814	53.39442453392428	53.394424495264616	49.46510379754565	51.8041882168599	51.804188243266594	51.80418815373349	76.46143961245701	1.0810466101290217	57.705067992886995	57.70506832058675	57.705068302334666	0.18018123738821146	85.90810695079338	255.0
1.084856003852309	10.050351048975898	10.31830213970997	11.995799458012641	0.15087233611399142	17.94405229439721	1.847244909172872	20.548416842969345	34.24016530082338	50.852469013865004	20.548416842969345	14.214236831995947	20.775436715868665	20.77543677673242	8.19095797599445	14.700583019628027	14.700583138221788	51.80418817242679	51.804188256469956	48.253278849156374	45.389976719505995	14.286162563241419	0.2950258200975213	3.2803213943784897	224.90522689180452	57.70506824643013	57.70506810807879	103.9317829965544	253.41587419320726	0.0
