252.9595997570264	254.9357520762963	254.64149102828074	223.1392809139785	212.56108079905042	191.5564903846154	167.6668745238186	223.77741228070175	252.45	214.2	251.9729290776637	159.375	254.24196853139406	182.46666666666667	241.1673954703042	136.0	102.0	226.60998536049635	102.0	250.5375	69.54545454545453	210.6968294789641	254.5674528956534	254.5674528956534	239.90895308667737	254.98218308572137	249.3313955957566	254.87546806153753	254.91073513582413	229.84469233788317
254.56132640707762	254.998633359375	244.6116954398367	250.95238097666666	226.84458398076924	167.66687226057186	69.54545454545453	170.16352402424587	169.91837982942536	250.0616648577053	169.58332296754688	253.81944435	255.0	230.36931805092652	221.676136237684	233.64068723859467	195.66256830601094	138.06319913622008	226.56946826758147	246.70504402684045	220.56901651736277	227.81980462604525	208.8847324794782	242.55479720438294	234.80791762735115	241.01879731466659	251.6427301420828	254.92190625	254.8754680616156	254.745
217.56528600588138	199.46666666666667	239.32960894924378	254.745	229.62439512960856	170.16352402096595	131.16764286709227	131.16764143404345	143.77156277095582	195.234375	199.28251725110968	253.59703859545436	241.97454881421598	250.45067389466044	238.02325091198742	219.28699562200694	227.15810027992785	232.90557148709544	235.46536603308462	229.40535273134608	220.0723910178432	250.97195357833655	199.37258687867381	251.8125	231.69761720561573	240.98165087611895	253.4199672503805	251.80136222085298	254.7855851666602	254.99772264405985
0.0	163.2	237.78132198899715	178.21775008536736	127.30054686159133	229.62874962874963	132.8125	143.77156263633412	149.40476048349103	252.45	200.3950103950104	54.68446308666907	106.25	212.73237410071943	54.68446308666907	222.87301979035752	48.10122577192212	210.28254169909889	123.36671367587047	214.6518289284301	214.82648401702141	202.7278546556875	250.12284305307287	229.5	251.8125	250.4194114668854	252.93791323964555	253.41996725052672	252.45	254.88575268817203
0.011626476604135405	118.02966491091652	125.52128274269998	163.05931148310287	0.04391970445172433	203.0769230769231	115.188649190922	166.15384615384613	114.25324694280326	124.48855262021789	109.33588106145476	186.9230769230769	106.25000000000006	246.5832837302168	247.91666661	159.375	242.47456800211975	244.58797327394208	244.58797327394208	207.94213860279507	235.46536602850432	235.46536602827993	215.10989009026653	232.69230767408632	247.714285707	232.33333333333334	251.94255466866645	253.41996724997318	254.89089629758104	254.7918367374
236.4617486600411	218.2858781764244	177.04714114080764	201.06288764388657	252.7981010709543	0.0	255.0	114.25324674978452	99.19258488432175	87.7750350301572	163.6376892420073	148.75	180.8181818181818	229.5	153.0	119.0	217.48360876806973	242.47456814525253	242.47456814525253	179.95918534574503	226.4156231179622	117.30645890955	250.88641975308641	243.36993243243242	249.333333339	249.333333339	225.25	254.0714610832954	254.93364101000864	254.6155261293191
22.27008888159577	68.72795275966362	145.48426842121668	141.78920337296245	255.0	255.0	97.59251161800395	99.19258439081187	84.27966117408073	93.35971355625006	76.05555890942463	195.65688379170106	203.595098377632	203.59509837763204	180.81172604712924	108.50065304357548	64.80737266792124	125.86811225463151	125.8681122519701	187.6323740814274	117.70621300698323	242.47456800211975	241.16799550315815	241.1679955025211	238.74161069819772	235.05586591850482	183.6	248.96449704142012	252.71909909792313	254.61552612929313
37.21821155030523	125.36060239672642	38.79227591129822	255.0	255.0	255.0	255.0	84.51322665201985	82.55932497876964	84.27966098837979	120.06994374246716	132.97872894457447	169.45859872611464	203.59509837763198	227.45554911447482	57.477849332843505	80.80183697361036	193.69776066376335	221.26667077672917	117.70621302274111	227.52715456732207	215.76923076923077	233.2738799930206	33.86540785136282	243.8861985323343	243.88619854474575	240.88522588242407	254.09486851143035	252.71909909697484	254.8740740742
11.564564116281815	38.67055409012943	202.90234191516947	117.69230769230771	117.69230769230768	67.12928326262175	84.51322665201985	84.51322647003838	84.51322652601479	255.0	87.9037254709186	132.97872890309546	187.1429571849223	169.45859872611464	60.14708160271553	169.45859872611467	190.01675447430512	171.16101555221283	216.9868444120203	211.89713300026386	174.361919678842	210.9077809798271	222.2093023255814	233.27388000566077	249.06636024088382	244.375	251.8125	247.56036217303824	254.71177842881946	253.77403846153845
35.99435395311167	68.82730459035903	68.42327119292182	156.92307692307693	64.31290749024839	48.26781203322804	84.51322645923634	84.51322644205021	84.51322647003838	84.51322627484032	87.90372544263357	187.1429563776752	187.14295657331536	187.14295660240188	60.14708166693268	136.4880405538242	136.4880405538242	170.55505974311353	192.72660254793348	192.7266025567288	120.06668313012074	221.6870702666443	221.68707026850316	228.59388542250002	232.79128992380205	243.84268309010577	250.75442247658688	252.23307291666666	254.45218354536604	235.008
254.99561169473355	193.7111575775778	105.84543431891385	48.26781180431158	48.26781189348836	48.26781185407657	48.26781186617356	84.51322549531878	84.51322636284456	84.51322627484026	31.166666638616647	187.1429566987135	187.14295657331536	187.14295664723713	187.14295669871342	182.38116492383784	182.38116492383784	163.54170063441407	222.6123022834704	192.72660251988532	192.7266025393896	213.46049057857408	218.00773683389633	218.00773694390716	37.39880310316491	232.79129006277088	237.762	249.09499054820415	254.20912000868054	251.79993056976
11.513929838901703	53.97296497312789	156.9230769230769	16.216309460282787	90.83283281546838	48.267811884079265	59.829069032211635	59.82906921430555	48.26781189710451	48.267811874670144	31.166666638616647	173.469651635562	17.276043090161266	17.276043102399797	157.49946034790034	157.49946126126514	157.4994613147125	157.49946179811886	157.49946106984595	159.07512151305596	216.8269749552041	216.82697495565645	216.8269749552041	216.82697496054456	216.8269749433596	237.38181818181818	249.57682291666666	249.6518918918919	249.41820276497697	251.80136222085298
0.01478210977472827	0.0	90.53745299102215	204.3177098185135	54.911261124809386	54.911261242048965	90.83283251372825	90.83283270727216	90.83283271488833	90.83283281546838	90.83283285715942	212.499999915	106.25	207.24062402105454	87.17016758234675	87.17016758881223	141.93188295355532	157.4994593717986	157.49946039062723	157.49946079576023	216.8269749712255	216.82697496180492	216.82697494986363	216.82697496180492	216.8269749391827	226.546699875467	235.3846153846154	180.55867481901163	254.745	247.65866607160248
84.80276744753564	127.27672631889337	38.17302506081728	38.17302506081728	54.91126113120325	54.91126115505844	54.91126115505844	54.911261147360364	90.83283264175009	90.83283271355319	132.59999999999997	68.77433050451256	93.72383937307688	103.49958152857334	103.49958143955615	207.24062402332552	162.98803620491475	142.8541806286256	45.587559408118324	182.6865671641791	216.10169491195776	216.8269749433596	216.82697495565648	216.8269749471934	216.8269749391827	228.4375	32.479674796747986	254.64808901121802	254.196262297727	180.27906976744185
105.91949750210426	64.64853780580447	38.17302506081728	38.173025052806565	38.1730250566404	38.17302505664037	54.91126118697045	54.91126120276883	204.72671111767448	76.05555890942463	106.0504117743487	174.36191973458108	116.21022003117096	151.50041856044385	151.50041847142666	143.40279490808632	117.24749641671858	131.7775941346303	182.68656715054578	197.04545428861053	197.04545454545456	200.08873879723117	200.08873885263966	216.82697494335957	216.82697494335957	222.09677419354838	216.19565217391303	231.638604341043	247.65866607160248	145.71428571428572
105.91949750210426	64.64853775452465	38.17302505664043	38.1730250501364	38.17302504434349	38.17302504434352	38.17302503819505	109.5180821182881	104.34263795847093	99.40078995181531	98.28821078518638	108.82852452536096	184.17699579280048	114.38885570698216	114.38885583354448	143.40279494151397	114.38885577017999	114.3888557701801	114.38885559106731	167.82983241118774	200.08873881302955	200.08873883943627	200.08873884494156	200.08873886879675	200.08873887519061	188.7	216.19565217391303	32.479674796747986	100.22164890045977	243.5694258914092
64.64853741862933	64.64853778186273	64.64853780176057	38.17302503819508	38.17302504479591	38.17302504479591	38.173025028774504	77.99826165885253	142.4052970841567	142.40529708468964	93.69973825394408	98.90897908646699	114.38885557579408	99.63730714751466	99.63730720493945	181.03916861316492	181.03916868429747	167.82983241765328	155.10161273220285	143.82617271757283	190.0909090909091	184.35381987421783	200.08873875795103	188.19295598882513	204.0	217.8125	238.78369053971724	128.56970376916001	249.34916593718458	151.0947606091645
96.45412756255686	64.64853783384575	64.64853785368791	39.01204069901124	38.17302503945544	76.55234734205035	74.75996291480396	77.99826162903929	142.4052970939856	87.8937565638891	61.44897317968477	142.40529704398847	142.4052971071463	142.40529707432785	109.51808218662467	154.32746450313454	154.32746451237878	83.00932201169701	155.10161259966415	143.82617266317905	184.35381998989698	170.48677372515965	170.4867736371554	170.48677372515968	170.4867745046812	191.25	186.0892707540482	125.92110285839703	254.98244700549893	81.24235144375004
96.45412774373949	96.45412770699764	64.64853777026994	76.55234724888328	76.55234734205035	76.55234733285175	76.55234750078873	106.84508896284697	85.79222745156727	91.20133690567161	61.44897317968477	81.95209442485177	142.40529712504048	142.40529708609367	87.56733324183875	87.5673332403729	87.56733323682698	83.00932195898034	87.56733322680338	167.09627455736643	170.48677347398524	170.48677352996162	170.4867735579498	170.48677354076366	170.48677334798018	191.25	186.08927066430186	247.59181794988996	61.30690561210767	153.21763052366597
96.45412773265883	96.45412770872369	96.45412768478849	48.26781203322804	76.55234727768894	76.55234730340709	76.55234741180936	74.75996287177696	72.75733181836895	106.84508896284697	106.84508895063419	106.84508892168307	106.845088949804	106.845088949804	106.845088977925	61.44897317968477	87.56733321104929	87.56733323601975	87.56733323601975	167.09627452908137	170.48677347398524	170.48677352996162	170.48677355794982	170.48677354076366	170.48677334798018	186.08927062205782	186.08927064011823	14.352707324145968	124.2932720033894	35.89923495067529
84.91559138168168	96.45412774373949	96.45412770074523	211.5776786457521	48.26781180431158	48.267811874670144	66.40792581546009	78.13767644283573	77.07848121053223	52.237994392197265	106.84508882488112	106.84508882488112	106.84508892620866	106.845089018485	106.84508895063419	106.84508893736492	91.20133690567161	106.84508899948531	87.56733322680338	155.40548312640993	170.48677334798015	170.4867736371554	163.40129598113387	157.6202664519784	175.59455790936673	176.3841304717846	229.5	102.0	230.32770573056078	170.33086759437296
58.620452993504955	5.419299502783417	96.45412770872369	211.57767870109618	211.57767870779878	48.26781186617356	48.26781189710451	69.2083450549571	75.99941068765835	136.54012012172117	136.54011970087876	136.5401196541414	106.84508891399588	106.84508893842144	106.84508891399591	106.84508896284697	106.84508893842144	106.84508899948531	106.84508897792497	124.38928548413125	124.38928555724101	163.41259226914252	124.38928566347872	124.9750023690203	150.08335391752095	22.54839753918148	229.5	102.0	206.18052168565325	135.17638416095025
20.20113026226909	255.0	6.772202266084918	96.4541276335139	211.5776786521082	211.57767866118533	48.26781189348836	48.26781185407657	48.267811884079265	150.89668605	136.54011972545524	136.5401197039319	46.77772667399884	98.10378345910536	106.84508892168304	106.84508891399591	106.84508894980402	106.845088929524	124.3892855328711	124.38928553329785	124.38928553329782	124.38928559838828	140.97470202809137	140.97470201	140.97470202809137	148.98466615174985	22.54839753918148	253.72852892560542	12.162460441270838	73.15167533207725
1.804639302562009	255.0	255.0	255.0	6.7722021571767925	211.57767866890197	211.57767872120388	44.86540737364777	44.86540740424107	90.86963097763245	90.8696310190881	90.86963110133905	136.5401198410907	46.77772665160259	164.19401950867223	164.1940195695363	98.10378344755065	124.38928553329782	124.3892855328711	124.38928553329788	124.38928563035086	133.0324113907027	140.97470196749998	140.97470199117632	148.98466612221125	148.98466612819982	140.10294706507483	180.2658831691619	10.020782491069383	27.17155315971226
1.287787807630366	84.91559138168168	255.0	255.0	255.0	55.993150808928135	12.525431997880247	12.525431854747467	211.57767842015394	110.9142311784052	110.91423143955652	110.91423135309194	90.86963105804827	90.86963113233259	69.43893276924439	76.05583236829406	124.38928548413125	124.38928540311704	124.38928555724101	133.03241137119716	133.03241123454993	140.974702095	140.97470186782567	148.98466612449988	125.39603956813093	125.39603953006429	5.008382708920266	213.20717360618124	33.103556191052974	165.03895631187052
217.02739588254843	1.804639302562009	35.791723298968094	255.0	48.90368357394803	52.08384176433094	0.0	56.03499733076947	174.36191973458108	14.353081324076157	14.35308153153818	110.91423132427042	110.91423128505446	110.91423138137455	90.86963093078086	133.03241111121304	133.03241131262632	133.03241128660088	133.03241132786647	133.03241130620114	140.97470184	126.82089315046127	126.82089312504769	125.39603956813093	125.39603953006429	0.0	79.07602310302718	144.84626153033804	254.31261551936845	240.69848695783784
37.46961553516556	10.532589602441618	5.9118281566265125	38.053383587478265	4.195436580354681	102.96722788077571	102.96722788077568	102.96722788816191	102.96722797726625	14.353081296459465	14.353081324076157	14.35308141059511	14.353081504505838	14.35308152473084	14.353081455479753	117.59052809264335	117.59052801877883	117.59052802581698	126.82089320128844	126.82089315821375	126.82089316316808	126.82089314717675	126.8208931251028	126.8208931909738	155.65596279056598	57.70506827012892	249.4442462103152	255.0	0.039928112926162385	253.81487354433165
0.018240353653879993	28.793454474304497	255.0	0.0	204.3177098185135	64.81452555856546	102.96722788863181	102.9672278849807	102.96722790112165	102.9672279141569	102.96722788808646	102.9672279224389	7.686520698535446	117.59052802581698	117.59052798184655	117.590527993738	115.20137094405618	115.20137081853574	115.20137083728875	115.2013708466653	115.20137080201926	100.84460070555309	100.84460072393196	100.84460065041645	3.5893330247928077	57.70506827012892	57.705068295867875	114.21130806243679	18.528894424776297	175.7995653432706
10.071687961804031	9.128638733742918	2.3169287800721747	19.60849146492606	26.18146918721925	35.642129522906544	38.510499453436495	35.642129522906544	7.641790887951288	102.96722789036104	102.96722790112165	102.96722791293922	102.96722790293433	117.59052794864488	117.59052796327919	115.2013708493786	115.20137083752849	115.2013708256921	115.95614762048314	100.84460073261761	100.84460070621085	100.84460060550629	102.79109376835595	9.562413569130882	57.705067992886995	57.70506832058675	57.705068302334666	23.33660113708939	247.64006652368755	255.0
1.0975217117621696	10.003796550717567	9.075179795600462	12.716078713186306	0.005944852531712286	10.062662140590362	0.21399583092096464	0.0	255.0	64.2375798748107	0.0	3.5893330247928077	102.96722790112167	102.96722790293433	140.10294706507483	207.39913353164874	207.39913353083548	100.84460076068973	100.84460073261761	129.28064285334324	124.41934628616974	67.58034993286009	47.26998742799623	15.549952033243898	140.59270130226656	57.70506824643013	57.70506810807879	22.131328163347945	14.519694815120602	0.0
