254.5348985498758	254.9908016148148	254.8674957528703	253.92885290658603	252.3791397069798	248.69228306790865	242.55012080886945	235.6140350877193	252.45	226.66666666666666	254.51626612026743	250.44642857142858	248.93301766562124	226.66666666666666	205.77145911834288	153.0	153.0	234.68221574678324	153.0	244.89107142857142	208.63636363636363	234.85337340313095	246.18755493579533	246.18755493579533	211.34587077489493	253.36176180998328	227.4984777356835	254.8190431921274	254.81644404356686	254.4638037478278
254.78655942852112	254.98411325141217	247.81235993999937	253.46846847	249.2946243021978	242.55011856061114	208.63636363636363	244.70278957720453	234.23256180700997	253.8363987494286	253.86210572234674	245.555555565	219.68347726884986	234.71590895754778	234.71590895754778	194.3320775503907	254.18715846994536	227.94205668773498	238.96226415094338	220.5849677260781	174.18564799327004	227.81980462604525	217.68593400869347	251.07680358031627	234.75760643568157	240.99812742213584	254.36177376689713	254.59925318877552	254.81904319223403	254.81028535796312
253.92614981389738	214.2	250.8802657573578	254.745	205.50063994642045	244.70278956568674	222.48506847019	222.4850686341618	236.33255294663283	212.5	213.226417987237	243.77883430526128	251.32335870704384	236.73213752358907	249.22790644284828	170.49281398007514	225.38819181300232	221.15321589512496	232.7953284465827	245.7740638016021	219.86881311058733	218.5009671179884	241.21621624974435	204.0	231.7395308275751	239.97096690614327	252.97258254507278	253.97417109360688	254.69858114827446	254.51848828854767
0.0	214.2	205.50063994642045	166.86565449417816	140.51776056508493	239.24710424710423	222.55067571875	236.33255295140802	234.76843033942134	252.45	239.24710424710423	32.20677334161877	233.75	237.5562178828366	32.20677334161877	235.2379014543595	86.28131656263932	160.48968595047663	147.65767839029553	214.54789418444136	215.33856427482067	215.26622286655672	223.85251196054662	231.8938775510204	204.0	248.34850992547834	250.29255788374653	252.97258254525028	252.90630237401083	251.18896053840245
253.0145230459868	143.11277866835627	0.7945488945820216	174.1680696436964	185.81839911189653	218.07692307692307	216.3552273076305	218.07692307692307	223.3599511836918	204.12604268600649	243.94469618133596	218.07692307692307	233.75	221.3980447347213	226.666666695	250.44642857142858	138.16998792674127	207.6726057906459	207.6726057906459	197.9664475039774	232.79532844108394	232.7953284410238	224.999999989819	224.999999989819	246.499999983	222.90816326530611	251.4138005424063	252.97258254454002	251.1049906362012	254.7166666644
41.66405708648497	244.4141040085863	0.05692512682412598	223.82598596279084	218.85329791077228	0.0	255.0	223.35995093364	214.97510447523044	180.40490593529708	155.38232347959553	170.0	215.43636363636364	229.5	170.0	170.0	238.33532362544952	138.16998786581644	138.16998786581644	125.31451881600316	219.33613891285708	209.10215291902688	245.68148148148148	206.75675675675677	246.499999983	246.499999983	245.37244897959184	255.0	254.65947142203933	251.15154953278358
188.16737023883206	48.843385208029616	26.491879812759265	214.0580848472972	255.0	255.0	216.88321911100277	214.97510427386726	177.73261817755235	190.39140448125	214.46176166652586	226.5654624583643	230.96996893337936	230.96996893337936	127.75029446407537	128.48156925198595	31.595468722473413	163.85133427897551	163.8513342622248	187.92227350627957	161.17521964387018	138.16998792674127	192.32085008907043	192.32085009395104	209.21979862261412	190.53770949098413	66.30000000000001	255.0	240.95169889501074	251.15154953207804
153.4814370580971	247.7193853732553	16.51233744435524	255.0	255.0	255.0	255.0	205.38782924185716	176.39264427676412	177.7326183478025	141.5728043534688	188.27148027076876	115.13800424628451	230.96996893337933	198.30665385007	93.72383930849986	93.72383930849986	226.15965650036296	204.22818905882076	161.17521959531237	172.36501582715783	255.0	182.6737706698189	181.28846924833988	210.33898304147084	210.33898304796608	193.50732600531873	218.01128645254877	240.95169889293882	254.7166666644
142.32265028898897	197.27567090679162	47.01578029446404	176.53846153846155	176.53846153846155	164.1467626489764	205.3878286635066	205.3878291172826	205.3878292172967	255.0	205.44281910298474	188.27148027284625	221.69146782515617	115.13800424628451	158.5841275586995	115.13800424628445	171.37581692593636	171.3767439069254	208.4435826545536	208.4435826545536	178.24023695582332	175.63400576368878	178.95348837209303	182.67377061669418	184.60212582268758	200.104166663125	242.25	161.61971830985917	186.30872938368057	239.86845619567308
234.23618524900567	114.68607141323116	207.85095336761322	176.53846153846155	204.97444031354996	186.08927052513167	205.38782904907367	205.38782906727556	205.3878291172826	205.38782921729674	205.44281913425624	221.69146762003396	221.69146626726766	221.69146688584277	158.58412758263978	85.74572264538719	85.74572264538719	168.9802908650055	187.89530599064264	187.89530598433234	35.64070570534079	157.498742243837	157.49874225584858	160.441065495	119.70169048374848	178.15517472218505	141.66666669614983	148.63932291666669	179.44444444840724	115.362
231.5936903159385	33.22159894451579	0.4409503091125373	186.0892707540482	186.08927066430186	186.08927064011823	186.08927062205782	205.38782866350664	205.3878289526819	205.38782871494783	187.00000011219998	221.6914665711888	221.691466683954	221.69146658134395	221.6914665711894	216.99360940074223	216.99360940074223	108.84490541848135	206.25349014916287	187.89530593372731	187.89530596563577	98.1203553221446	95.79409208235703	95.79409209683269	26.00169105986876	119.70169051519494	122.80799999999999	139.18950850661628	186.30872938368057	253.35199091626598
143.39732333320867	129.10400481476464	176.53846153846155	158.4227432318428	111.03336653105953	186.0892706280264	144.2829755256315	144.28297533279516	186.08927055606267	186.08927069116817	187.00000011219998	211.30225739947713	92.48219957004497	92.48219960759644	102.60249437334988	102.60249414750118	102.60249437334855	102.60249582356843	102.60249498974446	160.31694566706835	147.82028115330462	147.82028115815692	147.82028120681701	147.8202811861367	147.82028112363054	116.52727272727273	148.63932291666669	151.8196996996997	151.67758736559142	253.97417109360688
142.32265028898897	194.2674012294443	147.6310923283741	204.3177098185135	144.11410336529963	144.11410340721858	111.0333662293194	111.03336626875262	111.03336632989942	111.03336638018945	111.03336647378092	170.000000085	233.75	147.90297637883913	159.94318529233203	159.94318530434063	158.3759489111818	102.602493517679	102.60249440091812	102.60249393999646	147.8202812518008	147.82028117542012	147.82028115614747	147.82028117542012	147.82028116183312	142.71108343711083	115.546875	0.86412303194993	254.745	71.2785098885087
121.10018410161732	147.6310923283741	107.17971883816682	107.17971883816682	144.1141032644678	144.11410327768795	144.11410327768795	144.11410328091796	111.03336626875262	111.0333663370954	173.4	107.77568139329088	107.77568139329088	59.654365381983894	59.65436531780537	147.90297638575083	201.96860082248213	90.42476905840692	89.91231498324638	110.37313432835819	121.01694911957773	147.8202808771971	147.82028115815694	147.8202811843251	147.82028116183318	90.3125	18.65853658536585	254.04078152966326	33.70335860390901	180.27906976744185
0.44125885509492946	115.96296906511068	107.17971883816685	107.1797188156749	107.17971887636946	107.17971912280291	144.11410324130787	144.11410330412826	155.84667300204057	214.46176166652586	106.15025159395381	174.36191973458108	117.1639783401535	195.3456346821946	195.3456346180161	127.5	117.84534065721445	82.18059900788924	110.37313430109157	71.6743969109805	71.67439709659092	110.88589669587171	110.88589671908204	147.82028112363054	147.820281370064	85.00000001370967	83.15217391304344	211.03246918460565	71.2785098885087	145.71428571428572
0.44125885509492946	115.96296901402161	107.17971887636946	107.1797188438525	107.17971884184306	107.17971884184308	107.17971882457988	90.7683814765256	144.71115653267736	99.28118069423047	99.89644180086799	119.43127222844916	148.34590517393252	66.8575583858264	66.85755808361554	127.5	66.85755815722385	66.85755815722382	66.85755791756506	95.05681469565934	110.88589675869216	110.8858967322854	110.88589672231203	110.88589673553221	110.88589663470037	71.4	83.15217391304344	18.65853658536588	74.55015093557105	6.181725523003365
115.96296904753169	115.96296906071595	115.96296904852375	107.17971882457988	107.17971879318299	107.17971884669538	107.1797187481992	89.8200828333323	113.62154825533378	113.62154824876876	92.96047912728216	90.99103382795874	66.85755757481974	85.32356850731861	85.32356855315155	84.8451409372274	84.84514096495812	95.056814707668	84.69401565332481	72.4929316929665	97.36363636363637	60.24120602540921	110.88589659278142	60.01374461965409	73.66666666666666	90.3125	96.57725676815721	53.87413263170333	250.38653682206504	38.555918967161716
115.96296904753169	115.9629691060764	115.96296907390018	162.98028395262065	107.17971881386333	113.58358117148879	94.17630576011123	89.82008287961261	113.62154822797555	86.18105086297959	89.88545447522304	113.62154827286884	113.62154825040022	113.621548282692	90.76838151070098	83.26141089729501	83.2614109379052	126.5997322288369	84.69401567378483	72.49293171592981	60.24120578057648	49.61217078270326	49.6121710473181	49.61217128505217	49.61217133649339	69.0625	94.99424144864417	155.35728574377856	169.9684849352161	81.24235144375004
115.96296906071595	115.96296906511068	115.96296906770797	113.58358112940113	113.58358108567359	113.58358110739746	113.58358106339014	101.60840371915955	85.81104566837172	79.57382311928222	89.88545447522304	89.88545447522304	113.62154819181683	113.62154825788971	91.31636311232825	91.31636310303006	91.31636310710189	126.59973228176062	91.31636309664916	49.55718086574379	49.61217103387773	49.61217088271738	49.61217093272447	49.612170950926355	49.61217075814284	69.06249999999997	94.99424143016324	236.09477942467356	71.69768965965531	74.55015093557105
115.9629691060764	115.96296901402161	115.96296904852375	186.08927052513167	113.58358104276599	113.58358098542956	113.58358093136809	94.17630574645165	81.25488489351429	101.60840363507845	101.60840366447457	101.60840365810301	101.60840368721793	101.60840368721793	101.6084036679319	89.88545447522304	91.31636304872583	91.31636311116716	91.31636311116716	49.55718089701523	49.612170782703316	49.61217088271741	49.61217093272447	49.612170950926355	49.61217133649339	94.99424142021834	94.99424141781807	27.152140493379846	250.17671699088794	190.24844262142167
12.88781470953765	115.96296906071595	115.96296906770797	129.72825985365694	186.0892707540482	186.08927069116817	106.97070363400331	79.40891361306313	78.4559595419446	78.66595673073925	101.60840365810304	101.60840365810301	101.60840366020594	101.60840365810301	101.6084036854948	101.60840377456267	79.57382311928222	101.60840373607263	91.31636309664918	70.16039932991168	49.61217075814281	49.61217075814284	46.79337188992275	50.07242129804703	52.123651543437745	38.76194066017723	229.5	102.0	226.39957211370225	194.3107755104814
0.4409503091125373	25.912848012639188	115.96296901402161	129.7282598031119	129.72825974372608	186.08927062205782	186.08927055606267	68.91909276068188	75.83805742736902	183.3957052780994	183.39570536489657	183.39570544177798	101.60840364055471	101.60840365183009	101.60840366858176	101.60840367711899	101.60840369387068	101.60840373607263	101.60840371633284	60.51958098441719	60.51958072023504	73.57063521259366	60.519580537883115	38.625324945374985	44.5508820729234	12.789155309683593	229.5	102.0	171.11438013023206	41.412324077903634
138.33430901407223	255.0	93.46257287016451	115.96296907390018	129.7282597140332	129.728259716916	186.08927066430186	186.08927064011823	186.0892706280264	107.775681405	183.39570531334365	183.3957052442376	58.757844315568576	94.56626641599976	101.60840365810301	101.60840366858176	101.60840368721796	101.6084036679319	60.519580608460785	60.51958062467031	60.51958062467028	60.519580668063924	33.345911492444486	33.34591148499999	33.345911492444486	28.79972406958038	12.789155309683593	49.69552334048021	25.584053681496215	204.1128944290114
138.33430901407223	255.0	255.0	255.0	93.4625726648496	129.72825964854553	129.7282596249544	65.05992027179093	65.05992029427318	51.33682375942337	51.33682389214283	51.33682384170396	183.39570534373817	58.75784416171774	131.66093048637157	131.66093044809168	94.56626642176255	60.51958053788303	60.51958060846084	60.51958060297352	60.519580456053035	51.69562198053538	33.34591152749999	33.34591145552943	28.7997240133125	28.79972397248369	8.19095797599445	166.72131757232677	131.33818715607293	7.691091247347174
75.61056457254739	12.88781470953765	255.0	255.0	255.0	55.99879577556709	116.8300120732587	116.83001213418356	129.72825944343415	156.40890005499278	156.40890001298192	156.40890001298192	51.33682398414567	51.336823906146805	68.78349051199021	77.06552315774073	60.519580384912246	60.51958053788303	60.519580570358784	51.69562211252685	51.69562221917312	33.34591139999998	33.34591139618129	28.799723989481038	26.28525593050867	26.28525596160611	246.164632961593	238.29396898099776	64.40451582901659	93.51337593562167
178.37330573306713	138.33430901407223	57.90674862821123	255.0	49.812273030731234	57.85035053929602	50.21423435902486	55.73409312636696	174.36191973458108	8.036077909275093	8.036077986588992	156.40889995533882	156.40889989343628	156.40889998305687	51.33682371257174	51.69562185254273	51.69562209985423	51.69562203985467	51.69562206919613	51.695622047530804	33.34591139999998	28.7997240133125	28.79972406958038	26.28525593050867	26.28525596160611	0.0	79.07602310302718	141.90915081756776	148.50700889243458	0.6454847581302943
2.6745210995421473	6.235787429239224	94.11433633522952	20.222993288046553	20.060841885110875	54.31589388560684	54.31589388560681	54.31589389535671	54.31589391485633	8.036077587256642	8.036077909275093	8.036077865645922	8.036077906349789	8.036077922306077	8.036077904887122	40.24618127717383	40.2461812847495	40.246181261677236	28.799724052450358	28.799723997979697	28.79972398517853	28.799723989481038	28.79972397248369	28.79972397248369	255.0	57.70506827012892	0.0	110.21292534936174	162.24933202744586	254.1835138561808
0.9010585014138712	3.5982487618553876	34.24016530082338	194.2674012294443	204.3177098185135	17.88548184662571	54.31589394652224	54.31589389082896	54.31589389082896	54.31589389770511	54.315893948516674	54.31589392241128	30.53306325700217	40.24618129294612	40.246181216538105	40.246181254544325	22.81110501871501	22.811104907829986	22.811104907830014	22.811104907829986	22.811104912350004	23.853606967927334	23.85360693468158	23.853606885253384	3.5893330247928077	57.70506827012892	57.705068295867875	1.7417499143831492	12.85977552636831	110.21292534936174
10.130930952156604	11.586750877936993	12.398859970736822	18.894066118886855	25.380973118949782	35.642129522906544	31.180461642478406	35.642129522906544	20.060841885110875	54.315893933871564	54.31589389082896	54.31589389535665	54.31589391485633	40.246181277173804	40.24618116787059	22.811104902797297	22.811104906555926	22.811104908487295	19.98574247840034	23.85360693900023	23.853606912593506	23.85360686719048	76.46143961245701	1.0810466101290217	57.705067992886995	57.70506832058675	57.705068302334666	254.9955312814178	0.16147682975963562	255.0
1.091414986106372	9.915167694773828	10.225269312022277	12.398859970736822	0.38041786435411495	20.43363101134122	3.4206288731132304	20.548416842969345	34.24016530082338	20.548416842969345	20.548416842969345	3.5893330247928077	54.31589389082896	54.31589391485633	8.19095797599445	47.7196386531956	47.719638768875996	23.853606868190013	23.85360693900023	34.97077089322454	32.776706161891724	6.845748134234356	8.972437315186028	1.5673552840059415	1.0810466101290217	57.70506824643013	57.70506810807879	33.12640117277911	28.46940272653157	0.0
