254.1688067995013	254.68128252666668	250.44051563576278	251.0316910282258	249.5427108027709	239.44561298076923	228.46268034158103	131.6940789473684	214.2	236.86666666666667	252.41533362387898	232.23214285714286	238.850316592593	182.46666666666667	250.30134464243054	228.285714293	218.571428569	188.46647350252078	218.571428569	166.84285714285713	241.7532467631818	97.12548474789114	252.84067008452678	252.84067008452678	244.08210739182346	254.80129038327058	251.36605338412247	209.78815509692708	247.8355190305163	254.46287493674217
254.9946770618455	244.46360221651483	254.01555137481654	245.98484849	240.9465534423077	228.46268344971818	241.7532467631818	227.80645618212702	218.81492073075668	250.65900791167635	115.38537896888795	229.929449325	56.44703202705767	212.98295442444152	195.59659079795648	245.8209161182115	215.28688524590166	242.60829346395514	184.57975986277873	142.30299361525778	228.21591017595708	255.0	244.4537970380102	237.83890315667958	235.5115312519567	240.9661877690003	249.759755049004	224.5228163265306	209.7881551023252	230.02483488300274
254.57738088512153	252.20136054433334	247.87709498314535	238.68	231.39608952371393	227.80645612831674	200.0319651005114	200.03196537771353	210.98570351919759	99.609375	14.991996122441947	225.25425466690334	243.30113095334926	219.58452801112182	239.53043312314034	238.0613946357731	44.76744742927289	66.33551823023353	112.00465369282915	222.04901516366098	220.48739376028834	36.170212765957444	239.64987714727363	184.875	231.46390255724396	239.21852965523874	174.5221273965673	235.4946793452014	184.48444588652987	94.33032433552737
0.0	249.795918367	255.0	184.28441895100084	184.12953968973432	154.8024948024948	199.21875	210.98570346522686	210.14573217170147	130.05	0.0	86.20017951771874	191.25	71.42096608427545	86.20017951771874	207.0535336034094	183.23408030315167	231.27351007161707	209.34103515925813	214.6539939932136	215.02668556785838	179.35153115538182	36.449672830947264	137.45714287882652	184.875	212.42181784187966	115.0553010377983	174.52212736649676	200.81834013789828	253.97177419354838
13.937515386389748	7.229675228031084	252.24435978117026	1.0125810462250513	165.7670282474361	120.0	189.00880817544754	0.0	187.8254134681122	182.37459746714745	194.1496401007327	69.23076923076923	191.25	190.93403342362421	200.680473495	182.14285714285717	114.44017530910745	231.62026726057906	231.62026726057906	200.33834282543057	112.00465366717407	112.00465366028277	212.41258739038858	234.23076923170902	222.545454564	143.0544217687075	129.04994810941628	174.52212733830282	67.58590835960024	250.8694214844
4.2553931920146795	36.8787735510698	95.02796737443816	200.41207613820723	229.21270720078044	128.65740052916198	101.47470229499999	187.82541323663528	174.10004860802542	151.80333214142547	199.43417944271914	63.74999999999997	51.00000000000003	153.0	187.0	119.0	219.92958651988732	114.44017521114046	114.44017521114046	191.74062973095488	154.917028299378	217.94414724086153	112.78765432098766	211.0641891891892	231.199999983	231.199999983	192.03061224489795	247.57168866636323	175.6888185744043	253.2849323728149
227.04990510908172	97.18771410944416	199.22417251482824	35.58829175712836	101.47470222504387	101.47470222504387	175.75482425782087	174.10004868858294	148.49273619380003	159.375	157.13203535753348	199.06302779467273	206.67587159130136	206.67587159130133	209.0573383448493	115.01968646541388	79.6049158284396	149.04548156030896	149.04548157950737	188.6719179700001	181.58327859155384	114.44017530910745	70.88814739836141	70.88814745206025	200.2348992952626	213.6871508350044	222.9428571414	230.85798816568047	247.3309178502268	253.28493237296152
251.92991675348406	243.4157530889308	225.77984491357915	101.4747021675	101.47470221	101.4747022250439	101.47470226911383	159.32162677701433	146.840361280046	148.4927361475448	46.56753093422046	167.01570170816734	200.49893842887474	206.6758715913013	173.56441032806615	158.61905940532284	172.46429344057398	182.14231129272287	105.06644329624848	181.58327853526262	19.69630315877771	176.53846153846155	204.20503535856795	195.48863286616103	225.92449922522863	225.92449922644067	226.72893773402365	192.10888161614093	247.33091785022495	252.7786666644
223.99251649302025	197.27567090679162	224.06519932067548	0.0	0.0	131.8099275808608	159.32162735536485	159.32162690661318	159.32162693802755	101.47470254999996	179.53031898752346	167.01570162138788	190.87037626728363	200.49893842887474	197.21005402088088	200.49893842887474	37.811467611870455	170.74252429104968	177.0962131756337	164.02797633285007	81.8716413241767	14.697406340057654	87.55813953488374	204.20503531665403	154.714162597078	223.125	210.375	200.1006036217304	198.76451280381946	248.87019230769232
234.23618524900567	91.36451885950518	5.671405000219494	78.46153846153842	147.61923520769028	117.17854150809637	159.32162677701433	159.32162689090603	159.32162690661318	159.3216266868531	179.53031900832036	190.87037524646956	190.87037481012237	190.8703749762801	197.21005406278854	147.18295820603464	147.18295820603464	169.73445158568416	67.10465009018537	67.10465014082598	164.5866634421127	50.632232097937276	50.63223207697996	191.25	182.34484141025783	55.37201384771342	141.66666669614983	161.92057291666669	179.44444444840724	250.96995918384
20.1991966335205	160.1658222396881	6.346318546624218	117.17854127917988	117.17854122918652	117.1785412470974	117.17854124411568	159.3216261986638	159.3216267770143	159.32162668685308	205.69999992707	190.87037434344262	190.87037481012237	190.87037515777422	190.8703750673012	173.23817386449178	173.23817386449178	195.92003450669338	64.56852112065837	67.10465003719554	67.10465009191279	154.6161125450608	156.51124512640365	156.51124522712163	175.4916910960914	182.34484134295778	115.362	123.76417769376181	172.137451171875	237.56372845448362
254.89468185187738	12.897811970022104	78.46153846153848	210.3465862665374	31.60285966347766	117.17854125605282	114.79148236460404	114.79148275242576	117.17854122658358	117.17854138233633	205.69999992707	177.34036136061985	160.44430822970247	160.444308205201	191.16059472084132	191.1605953315883	191.160595204247	191.160597621279	191.16059674831914	159.1084160621271	174.51875212128442	174.51875219406912	174.51875212128442	174.51875216821878	174.5187521681433	58.109090909090924	134.47265625	81.30594594594595	81.22983870967744	235.4946793452014
101.13853947297022	89.85526494981661	0.0	71.99616450855797	109.8225224080592	109.82252248409787	31.60285905999737	31.60285917574501	31.60285926115742	31.602859210867422	31.602859356070468	137.30769218999998	127.5	181.13447937244092	154.80410892332202	154.80410892046677	141.8524798828834	191.16059281229957	191.16059517391193	191.1605952644188	174.5187520480381	174.51875208381534	174.5187521456999	174.51875220703204	174.51875219453075	39.05977584059775	57.62019230769229	210.83957529539123	167.53500000000003	230.90814518769977
155.944336610596	57.70016904383286	80.48124780546925	80.48124780546925	109.82252235361213	109.82252231011688	109.82252231011688	109.8225222947207	31.602859241267026	31.602859235853515	30.599999999999966	68.77433050451256	123.31856626171214	113.85871494833094	113.85871506543069	181.13447937647186	166.85177344105838	177.68550524720888	123.16219026976452	30.447761194029823	95.0847457275496	174.51875216814324	174.51875211192464	174.5187521579076	174.51875219453075	100.9375	53.211382113821145	169.82372320372474	215.8970257057761	180.27906976744185
6.3507592535486594	0.0	80.48124780546925	80.48124784209242	80.48124783185676	80.48124783185676	109.8225222947207	109.82252222312638	120.0480368434807	93.93366886594421	106.9745038512012	93.72383928884992	117.37722065870324	141.1412849345693	141.14128505166906	147.12613237628827	118.63248311424107	166.26210290252425	30.447761172727752	126.6720776638227	126.6720778806818	145.17747777687362	145.1774777052793	174.51875216814327	174.51875216814327	85.00000001370967	72.06521739130434	232.09529605843704	230.90814518769977	145.71428571428572
6.3507592535486594	0.0	80.48124783185673	80.48124785430014	80.48124788807533	80.4812478059309	80.48124791618466	13.644703790046833	21.55494761687791	99.24361320288361	99.97152232540074	115.04282948383323	122.76649052193446	151.0658100986301	151.06581035981856	147.126132328877	151.06581024782236	151.06581019368525	151.06580995301786	100.19589107953323	145.1774777052793	145.1774777052793	145.17747768988312	145.17747764638784	145.17747759194083	66.30000000000001	72.06521739130434	53.21138211382117	201.42729657638873	117.25331305925778
0.0	0.0	0.0	80.48124779296796	80.48124787871555	80.48124787871555	80.4812479519619	47.79444466514201	37.38788776518791	37.387887770900136	92.01242993577887	16.5316938212664	151.065810061969	33.890085506332326	33.89008556979667	6.676365173121042	6.6763652170787395	100.19589107667801	21.5073484927824	110.97471895908348	23.181818181818187	111.09287484683418	145.1774775159021	113.02353432551638	34.0	79.6875	44.65341373346257	196.36886940167156	248.70078717194554	50.61732046111845
39.252264797433156	0.0	0.0	102.32626188189792	80.48124783178119	14.05643554320855	43.8906769007894	47.794444682983624	37.387887732568004	86.18105086297959	87.89708904445689	37.38788775410157	37.38788776004347	37.38788779780785	13.64470382812732	6.131855966265277	6.131855960992965	54.03845207720363	21.507348443229404	110.97471885970612	111.0928750776722	95.67837331314692	95.67837322298567	95.67837331314692	95.67837380133622	31.87500000000003	117.17854127917988	185.74957497633895	180.60191037576413	81.24235144375004
39.25226460687247	39.25226473762433	0.0	14.056435562108334	14.056435543208579	14.056435559385278	14.056435553939195	24.24204343203536	86.00932846351267	92.96913151177463	87.89708904445689	92.01912809687695	37.38788775410157	37.387887758062845	29.452741658934684	29.452741647979934	29.4527416426545	54.038452091840355	29.45274169766128	75.46968099167967	95.67837306197248	95.6783730933868	95.67837310909397	95.6783732229857	95.67837322298567	31.87499999999997	117.17854122918652	118.1139157303572	206.2136674179663	255.0
39.25226467723496	39.25226466749447	39.25226478431094	61.54312464535451	14.056435543208522	14.056435536112929	14.056435537600919	43.89067690059656	81.28532434819144	24.24204343203536	24.24204339199312	24.242043334202435	24.242043378002023	24.242043378002023	24.242043421801753	87.89708904445689	29.452741638231657	29.45274167186915	29.452741652854115	75.46968101247651	95.67837306197248	95.67837309338682	95.678373109094	95.67837303020215	95.67837264463515	117.17854124411568	117.1785412470974	251.34643591865807	1.2659561325455968	46.253649306669104
52.98159042815382	39.25226460687247	39.252264706433294	91.30116214391177	61.54312464535451	61.543124840907666	96.00614652392849	78.40516344655347	78.68107030231391	78.6975578458437	24.242043334202464	24.242043334202464	24.242043374969512	24.242043334202435	24.24204339199312	24.242043509401014	92.96913151177463	24.242043489101178	29.452741610093966	53.06340143930785	95.67837322298567	95.67837322298567	46.79337188992275	43.565169595195755	23.090724423892937	85.04118233208195	76.5	102.0	44.243157012656894	0.34523326293953005
14.598502146010901	73.31590772120006	39.25226466749447	91.30116208594768	91.30116211121592	61.54312470324399	61.543124732188744	69.07371935852694	76.28637272980717	140.88034880794902	140.8803490046115	140.8803487818168	24.242043412001635	24.24204339399145	24.242043355947573	24.24204343203536	24.24204339399145	24.242043489101178	24.242043421801753	14.087336076747874	14.08733578527523	16.261566907962703	14.087335863921652	35.640705658338675	19.73599527903255	37.69180405654973	76.49999999999997	102.0	18.62680763477431	240.59879354807882
187.0810621177804	39.49999979999998	153.61353417775163	39.25226470771992	91.30116206480812	91.30116211146128	61.54312466606723	61.543124691208334	61.54312470377886	81.76161389999999	140.88034873599258	140.8803487539817	50.51737943427901	15.643130447866298	24.242043334202435	24.242043355947573	24.24204337800211	24.242043421801753	14.087335682597768	14.087335690347174	14.087335690347146	14.087335733740815	14.156918655948289	14.156918639999986	14.156918600575722	33.19275349477999	37.69180405654973	232.91689153432011	49.558480271417864	26.596159856783544
87.91144043345099	39.499999803047444	39.49999980000001	39.49999980000001	153.6135339769982	91.3011620952361	91.30116204366854	12.291562334354069	12.29156234987471	124.27950744937849	124.27950739990095	124.27950743676917	140.8803488350514	50.517379425324634	23.2324983486659	23.232498425630666	15.643130471592087	14.087335603559922	14.087335682597825	14.087335668650411	14.087335493802641	10.574285896177003	14.156918639999986	14.156918619033206	33.192753538756875	33.19275350674701	112.45529623877391	0.4119856233832877	250.79963365451997	193.8593575387914
18.837479875238017	52.98159042815382	39.49999980304747	39.499999803047444	39.49999979999998	54.60042123575798	140.55982469089258	140.55982478885954	91.30116204656039	114.85602758757113	114.85602756063295	114.85602764709745	124.27950745095634	124.27950733161441	68.93262080947986	78.90400868267835	14.08733547724296	14.087335603559922	14.087335635398972	10.574286062815844	10.574286183082648	14.156918639999986	14.15691844060629	33.19275354494485	22.121196310911955	22.121196195406753	110.04191316193445	80.34976333468265	245.96184567710193	167.08243754901986
217.19204673622562	87.91144043345099	31.87758955661829	39.49999982020208	50.0549463132773	63.58809709791427	55.07137841383732	55.94098978916364	41.65169310899307	24.493917145302447	24.49391722911915	114.8560276182759	114.85602754246827	114.8560276757589	124.27950730882375	10.574285802831724	10.57428588997098	10.57428598767487	10.574286019485157	10.574285997819828	14.156918639999986	24.681443625435435	24.68144357977107	22.121196310911955	22.121196195406753	0.0	79.07602310302718	1.7598753573861075	169.1507249876766	5.227655012313818
99.68002823642607	241.91075531566722	19.98147957153293	42.17991487397961	56.758671672870065	77.01582317040669	77.01582317040669	77.01582317905368	77.01582327067962	24.493917160107486	24.493917145302447	24.49391722911915	24.493917229213338	24.493917277973594	24.493917271168698	29.1813336686657	29.181333626159102	29.18133362762569	24.68144371676425	24.681443653017254	24.681443648267646	24.681443644163977	24.681443626457423	24.681443560586416	71.99616450855797	57.70506827012892	1.5542084591259595	244.19078624604646	109.57736717077705	106.38866888403439
241.0852001709567	218.4410585971122	0.0	4.496901491118507	3.603123976254068	55.84380916237194	77.01582316691565	77.01582318210032	77.01582318210032	77.0158231595683	77.01582320463237	77.01582326269636	58.04042123387288	29.181333596356808	29.18133360490583	29.181333598742327	22.81110501871501	22.811104907829986	22.811104907830014	22.811104907829986	22.811104912350004	10.126985817646414	10.126985816439031	10.126985821268534	149.46075717923594	57.70506827012892	57.705068295867875	6.993348122447969	27.198739957535565	110.61924454525348
10.116728996484397	10.112781136556748	12.413321178430664	11.747902429911989	33.15557391925674	0.0	29.687539641518896	30.374465792951497	255.0	77.01582317133969	77.01582318210032	77.01582320383102	77.01582319634772	29.181333380668747	29.181333533819043	22.811104902797297	22.811104906555926	22.811104908487295	46.781108191581296	10.126985827420071	10.12698580101332	10.126985672125727	206.5914137019854	255.0	57.705067992886995	57.70506832058675	57.705068302334666	71.61975669264251	3.20895572866786	255.0
1.113723152374689	10.016789904508414	10.408507896438977	12.203301727616406	2.6787698547820185	20.30910127236686	12.537951930644226	45.684891360443885	30.374465792951497	37.841467812178905	45.684891360443885	54.61283193544992	77.01582318210032	77.0158231963477	39.3350700344275	19.67254818682673	19.67254820404429	10.126985814024323	10.126985787809986	58.689745741749334	55.36578509777573	16.830239016551758	0.05998979773411861	3.8660302669552493	75.25205516395567	57.70506824643013	57.70506810807879	187.5408552446185	165.1040437361878	0.0
