253.91952043858794	255.0	254.99889772612414	234.94215004260272	166.7505029835765	208.4968603816106	209.78047642878408	253.22916666666666	255.0	244.8	245.55535494218896	182.14285714285717	255.0	199.46666666666667	190.56179082505525	255.0	255.0	251.0416846467137	255.0	255.0	255.0	248.51612294851515	254.935117934348	254.935117934348	237.64559312782347	254.99896422893133	248.05088789606074	254.99964011393686	254.95733170738666	254.08580542741092
254.08382014457234	255.0	239.90025592803104	255.0	202.38095236538462	209.78047544997034	255.0	149.31950419969326	184.94381632705023	242.16634353457653	38.0253929274713	255.0	150.62207146126588	208.63636351782026	139.09090901188017	178.72983510613105	215.28688524590166	120.51693325826065	250.55317324185248	254.22781791673862	216.4469760264053	223.16046023612304	198.0873767360847	244.20697752755254	234.20632134688736	240.8757796109047	252.26865969807977	255.0	254.9996401139373	254.99871533527696
254.7480638049634	255.0	239.32960894924378	255.0	237.78132198899715	149.31950432208026	175.8144709952261	175.8144703657905	123.13768108286484	248.359375	40.46768642371154	255.0	226.90282550034507	255.0	221.64862707854604	153.6840732721152	251.64889395629103	252.6495288816059	252.71791659202023	232.2872857904785	220.0105399473526	255.0	137.83783786438093	255.0	231.51474946014503	239.21540354991862	254.96910059875557	254.91746323835534	254.99937197635117	254.99999632424934
251.09549485182453	255.0	228.73161711203332	40.494060601926265	17.899555173205073	253.56103356103355	151.785714171875	123.13768111659559	130.5613821231341	255.0	229.62874962874963	250.1171180501614	127.5	248.02877697841726	250.1171180501614	255.0	255.0	144.04425027468483	254.52263581291598	213.28657604411737	213.84560109330377	221.6126628051686	254.74201251542468	250.62857142857143	255.0	251.891185262851	254.9612874825966	254.9691005987935	254.9250612244898	254.80898333054915
1.0926237974659898	10.64269656813022	43.98041723571788	134.85585927255926	219.49601381005436	249.23076923076923	135.5043849282084	203.0769230769231	95.21103898570729	161.36769446682996	153.63845489602977	235.3846153846154	127.50000000000001	255.0	255.0	182.14285714285717	255.0	251.02449888641425	251.02449888641425	201.3491298016204	252.71791659337467	252.71791659208878	178.84615384959972	244.78021975430858	255.0	251.35714285714286	254.93582038954636	254.96910059878266	254.9988865589378	255.0
5.825889231078463	27.72150557581287	1.5077644973100632	1.449528927518827	0.08262975159817643	120.75808965853332	76.76264897999997	95.21103893593786	81.43716475271506	126.5200393705224	227.2754797333158	233.75	234.9090909090909	255.0	204.0	136.0	194.33624567697626	255.0	255.0	174.08854955270715	232.45039883475903	254.47237494380855	255.0	251.06177605439188	255.0	255.0	249.53571428571428	247.57168866636323	255.0	254.0729329009695
13.633430997032235	241.11262624374146	123.22764541019001	236.78450780982354	76.76264890593558	76.76264894285057	79.15033104752473	81.43716454061868	122.90783893126888	110.07914236875001	93.93366886594421	165.75446217019876	175.86813945460818	175.86813945460818	112.49392541243725	238.9243199242951	234.04719678979154	142.30166682104726	142.30166679815122	187.73265542672817	255.0	255.0	253.51005132908304	253.5100513277398	225.9060402305527	235.05586591850482	255.0	230.85798816568047	250.26537757727382	254.07293290107833
0.0	3.2643599548432007	106.10965704658042	76.7626488525	76.76264889500001	76.76264888747806	76.76264886544314	68.30279935127308	121.11381480439042	122.90783894138715	220.1770338946926	132.97872894457447	100.33970276008492	175.86813945460818	255.0	255.0	255.0	198.60651119091185	255.0	255.0	252.09235408937016	176.53846153846155	217.90482202146717	255.0	234.83050846197645	234.8305084774576	248.06122449308103	254.57412880423757	250.26537757609123	255.0
35.30655983390656	7.0181090718321	247.82416329898228	156.92307692307693	156.9230769230769	104.87590347758206	68.30279935127305	68.30279935272208	68.30279949774572	76.76264897999997	52.32698606389249	132.97872890309546	155.218628609064	100.33970276008495	49.609687962634865	100.33970276008489	240.67268535101536	171.38065963643248	255.0	255.0	221.6126628051686	241.77233429394812	250.11627906976744	217.90482205468652	251.4105142161312	240.833333336875	255.0	252.14141994899396	254.99769422743054	253.1837606839423
85.75599778219996	71.85932003305388	127.52668908908406	235.3846153846154	49.47065746384234	61.54312464535451	68.30279935127305	68.30279940579757	68.30279935272208	68.30279949774567	52.32698610680197	155.21862920689077	155.21862893516214	155.21862905477184	49.60968795126962	130.99906696054796	130.99906696054796	170.68092493044983	239.49218799002065	239.49218796304098	255.0	249.22689921180614	249.22689921175774	221.37026646	238.94215631187686	253.568024023105	254.26292056958897	254.88932291666666	254.9603720736338	255.0
48.124184719030126	89.39968833518554	38.67583053029398	61.54312464535451	61.54312466606723	61.543124691208334	61.54312470324399	68.30279935127302	68.30279935127305	68.30279899539673	0.0	155.21862847253604	155.21862893516214	155.21862904386165	155.21862919639455	186.7801407139491	186.7801407139491	94.34381717740646	255.0	239.49218795929843	239.49218793172955	222.96672593660648	227.15344777908103	227.15344781340667	175.59694403163996	238.9421561964658	251.328	253.91540642722117	254.85243055555554	254.9324836427075
15.812349023318035	127.49966365355841	235.3846153846154	11.362587997374675	201.8661993465279	61.54312470377886	91.5713833726347	91.57138347008544	61.543124732188744	61.543124840907666	0.0	141.6690785639479	130.08527787244424	130.08527788731965	88.44082983444778	88.44082956317854	88.44082983444733	88.4408312846663	88.44082887754044	158.44457038805467	193.42183117588831	193.42183115326225	193.42183117588831	193.4218311845032	193.42183121557025	252.52727272727273	253.22916666666666	254.55483483483482	254.57565284178187	254.91746323835534
31.113146560089973	4.496901491118507	127.27672631889337	255.0	67.12310946854345	67.12310964205554	201.86619904478775	201.8661990415468	201.86619904478775	201.86619904478775	201.86619906885218	255.0	127.5	227.16553758670076	45.01360702646133	45.01360702740942	138.49033344174165	88.44082956317905	88.44082915179553	88.4408293608254	193.42183109470824	193.42183112210827	193.42183116727344	193.421831245325	193.42183115004366	249.41095890410958	251.73076923076923	215.57168592501432	255.0	105.58706695023267
71.8686417420682	222.0369719422112	61.578168742931666	61.578168742931666	67.12310952684203	67.12310948843756	67.12310948843756	67.12310948730058	201.8661990415468	201.86619900696724	204.0	80.80183696608975	140.9605332114484	98.35159649945732	98.35159668701806	227.16553759594683	131.9034946264759	77.49606073486459	0.0	235.97014925373134	224.74576268769033	193.42183096913678	193.42183115326225	193.421831162966	193.42183125706833	249.6875	237.03252032520325	76.50283506837624	61.63304238336849	255.0
22.288712711422306	96.45412770699764	61.57816884995634	61.57816883703401	61.57816878442978	61.578169030863194	67.12310944769047	67.12310941162855	255.0	93.93366886594421	106.26808391803843	255.0	114.90369478199844	156.6484033129819	156.64840350054266	181.11572048870366	117.99999774677116	70.2278707886417	235.97014921709177	209.72301124447557	209.72301136363637	187.87689058837145	187.87689051269942	193.42183121557022	193.42183096913678	241.29032259435485	238.3695652173913	108.32822919624454	81.01100131220565	255.0
22.288712711422306	96.45412770872369	61.57816878442978	61.57816883272656	61.57816884673775	61.57816884673778	61.57816887789173	198.0218866830432	179.67131906345548	99.20701826071118	106.66319937544739	109.58355323982823	255.0	56.27189466241779	56.27189453658653	181.1157204709457	56.271894448301225	56.27189455657566	56.27189451998126	209.98639297259055	187.87689055230953	187.87689052590278	187.87689051156246	187.87689047315797	187.87689053145655	224.4	238.3695652173913	237.03252032520325	12.773044689726078	231.19964597889705
96.45412756255686	96.45412774373949	96.45412768478849	61.57816875467498	61.578168824111714	61.578168824111714	61.57816890529176	146.70148790646573	133.8394015784277	133.83940157447336	93.53244920801902	85.21071786538263	56.27189430114424	174.8943148411695	174.89431484159059	170.41829230688785	170.41829232966685	209.9863929735387	223.40319518340905	174.69282253367854	236.45454545454544	198.84120762401864	187.87689035794446	202.47558886955218	243.66666666666666	233.75	243.6374120026253	27.721193952879247	253.6155367715583	132.10141512851004
203.68556895391401	96.45412773265883	96.4541276335139	29.43217129121308	61.57816881549681	150.61481487220442	137.1878789286634	146.7014878820051	133.83940157006515	90.23540227061531	86.17444576780304	133.83940156019767	133.83940158146817	133.83940158679025	198.0218867464865	236.0403619996666	236.04036200704394	148.48362315139366	223.40319509039216	174.69282245648822	198.84120748401466	186.69720050225433	186.69720064872695	186.69720100460324	186.69720064872698	233.75	117.17854127917988	111.02700729866447	98.8305000893651	98.57694873568684
203.6855687211468	203.68556874069378	96.45412770074523	150.6148148617214	150.61481482929682	150.61481488194318	150.61481492238667	188.6522202936253	86.53671879418613	61.44897317968477	86.17444576780304	88.50219187467002	133.83940156019767	133.83940157437797	154.63662437755752	154.63662436193414	154.63662436870712	148.48362317487806	154.63662435100628	202.67301389319806	186.69720075342877	186.6972006472779	186.69720059420246	186.69720064872695	186.69720064872695	233.75	117.17854122918652	229.14552634522207	3.520410483905465	100.22164890045977
203.68556872776935	203.68556874050307	203.6855687532368	61.54312464535451	150.61481480784303	150.61481492489753	150.61481445092681	137.1878789279663	81.7674204489295	188.6522202936253	188.65222033019666	188.65222032712364	188.65222033971696	188.65222033971696	188.65222035231028	84.50391060456437	154.63662433927888	154.6366243542468	154.63662437326178	202.6730139361075	186.6972005022543	186.69720064727792	186.6972005942025	186.69720064872695	186.69720064872695	117.17854124411568	117.1785412470974	185.36692384712825	182.40934225016764	1.7844619139567897
1.804639302562009	203.6855687211468	203.68556870256197	0.0	61.54312464535451	61.543124840907666	66.40792581546009	78.35617463650502	72.90295770223537	78.18186938192991	188.6522202303217	188.6522202303217	188.65222034027852	188.6522204239256	188.65222033019666	188.652220280695	77.04570721689487	188.65222035207347	154.63662435100633	167.165892116461	186.6972006487269	186.69720064872695	195.87329081955008	181.38784067912516	233.39312226210578	196.39433893722526	255.0	255.0	169.68384328330757	204.47194833334743
2.5419014334901533	166.88213328978782	203.68556874050307	0.0	0.0	61.54312470324399	61.543124732188744	69.25239350186044	76.09625432666189	103.92497497203257	103.92497516510454	103.92497495495962	188.65222031378903	188.65222032472744	188.65222035582957	188.65222033566585	188.65222032472744	188.65222035207347	188.65222035231028	206.22209070886333	206.22209083007033	224.11688486243327	206.2220907626005	166.66540881011696	208.33176101264618	223.80340695470014	255.0	255.0	197.47747638037254	3.287065818830939
102.33335621475788	76.76264897999997	4.7036132375208695	203.68556877978776	0.0	0.0	61.54312466606723	61.543124691208334	61.54312470377886	255.0	103.9249749571677	103.92497490058904	193.7143975575725	183.78771570339828	188.65222032712364	188.65222035582957	188.65222033971696	188.65222030390933	206.222090789668	206.2220908493877	206.22209084938768	206.22209082769086	217.73735086019684	217.737350905	217.7373509155694	255.0	223.80340695470014	254.93148846961208	0.8264519670244965	112.99847104337024
55.57213740917237	76.76264894285057	76.76264889500001	76.7626488525	4.703613315688642	0.0	0.0	94.09310326190902	94.09310328825131	42.93835644794433	42.93835652167982	42.93835650956956	103.92497495759525	193.7143974112081	154.51233966405448	154.5123396819742	183.78771570896123	206.22209076260046	206.22209078966802	206.2220908276909	206.22209095127738	207.1987042114631	217.7373509475	217.73735089711187	255.0	255.0	112.45529623877391	53.31992435698692	107.94651495553828	20.918737184483177
2.7223351449136146	8.629038483830954	76.76264888747806	76.76264890593558	76.76264897999997	55.90992995767266	0.0	0.0	0.0	82.48307813705605	82.48307821019074	82.48307812372627	42.93835642690661	42.938356688998084	68.4376304429897	76.45171441389274	206.22209070886333	206.22209076260046	206.22209083007033	207.198703998075	207.1987039682543	217.73735082000002	217.73735095475897	255.0	181.8288396681171	181.82883971334007	254.82164328829936	220.83129734878796	40.634244265888526	146.24028848115864
48.12501290431476	36.059571905415794	10.476644371342672	76.76264886544314	49.16500608119924	77.79370361040915	47.902292793203316	55.41186578254283	255.0	205.17387690465551	205.1738773022177	82.4830780949047	82.48307815473382	82.48307814258743	42.938356354241165	207.1987037380909	207.19870394019983	207.19870394955132	207.198703998075	207.198703998075	217.73735082000002	163.68336180385927	163.68336183631212	181.8288396681171	181.82883971334007	165.75165402282317	255.0	71.86037136232895	244.31803419547435	12.780993002257105
127.49979976078154	34.33616714197234	13.478595774041764	74.55352775507623	129.19444777909052	133.58116297094966	133.58116297094963	133.5811629644599	133.58116295148034	205.17387711732832	205.1738771831373	205.17387718127458	205.1738771084482	205.17387714443487	205.1738772103445	133.3071658502879	133.30716582738125	133.30716582991604	163.68336204230079	163.68336181703896	163.6833617876328	163.68336180917606	163.68336179345025	163.68336185932128	71.99616450855797	255.0	54.05793290058131	175.7995653432706	12.427899879491804	12.780958217531008
55.49938239583625	127.51332617050055	0.0	4.496901491118507	255.0	81.91196553149484	133.58116302935755	133.58116296681408	133.5811629506731	133.58116299986585	133.58116296604422	133.58116298705227	0.0	133.30716582991604	133.30716581592793	133.3071658199678	164.4544600805407	164.45446025094014	164.45446023218713	164.45446022281058	164.45446024762822	167.96771023239515	167.96771021236952	167.96771029247202	0.0	255.0	255.0	178.60411443189855	157.26018981698797	6.602773631655566
10.071687961804031	10.799451978596096	12.20375505096439	19.243939957299318	26.12337582968459	36.933424087331275	29.872006842984888	36.933424087331275	4.195436580354681	133.58116296143376	133.5811629506731	133.5811629644599	133.58116295148034	133.3071658502879	133.3071657673783	164.45446015839843	164.45446020585632	164.45446021978034	136.6512578398619	167.96771018030807	167.9677102067148	167.96771023249016	13.10051519620339	82.91372115739233	255.0	255.0	255.0	0.0	12.781265991118431	255.0
1.0955623875019853	10.08552863834069	10.893443998034485	12.541478875903806	0.0	19.93247621946199	0.0	32.57536585338528	0.0	0.0	32.57536585338528	0.0	133.5811629506731	133.58116295148037	112.45529623877391	219.7224554090234	219.72245537462058	167.96771017231828	167.96771018030807	83.88284494231354	79.68897109402377	49.81095458550692	72.6963865625564	15.549952033243898	9.562413569130882	255.0	255.0	34.30021556882181	0.0	255.0
