254.33671289613656	251.47058823037037	254.77831295651796	228.44022561443933	233.9034205255436	198.84756792367787	165.4415428553774	208.02631578947367	191.25	253.86666666666667	254.23292011214755	218.57142857142858	208.38008514437027	255.0	220.69125486748408	239.888888887	238.0	230.84262297426818	238.0	224.03571428571428	242.12121211090908	245.88319225480762	250.91748560929992	250.91748560929992	221.91896274268618	254.48343259652276	236.72893887147362	254.3056245321867	254.83247116532397	254.438302715633
254.76614406158492	254.54343476676385	247.4674421731155	224.99999998333334	232.14285712912087	165.44154237809033	242.12121211090908	188.40565512754094	176.23652688082848	253.34225821728174	202.48871330234758	184.26563644499998	250.73650720517173	226.02272714430526	221.676136237684	210.18487027728128	170.46448087431693	220.54050650992036	230.36020583190395	217.41144900492978	189.91584554255323	228.10915806547698	216.65583677059345	249.59596833933898	234.43873069412865	240.95071020206655	254.00178201814043	251.24005102040817	254.30562453246884	254.89661087441428
254.75803927380122	254.10452674873332	240.33519555152336	223.125	229.62439512960856	188.40565523617548	129.04069473826678	129.0406948590928	163.07422630245503	175.3125	250.92637282102186	172.01349346585016	249.92296075301513	180.83165373088156	247.41889131906856	188.78022053284025	231.40097562360802	223.97378123719787	219.90155718839478	242.6675824355396	219.97781657282815	232.6402321083172	226.14020271798245	234.6	231.9788532874454	239.35279091972237	250.0288148870824	252.59371513264168	254.1320818309216	254.8067533513338
0.0	253.86666666666667	232.0556224250264	144.34863421450058	192.27312912860538	216.82952182952184	140.62500007812497	163.0742263911996	166.75280581614516	48.44999999999999	200.3950103950104	49.1750815597328	170.0	204.1677286742035	49.1750815597328	167.53572160857945	255.0	178.70098416539696	255.0	215.59572942382928	216.38238112810345	232.36496211429946	232.13585028310382	236.12653061441327	234.6	248.6541179300876	251.02551487991758	250.0288148878231	253.60310648342812	254.85970914638537
236.18440411172838	230.67775784767184	167.35224942532017	64.36201600982676	128.61910097011318	185.76923076923077	123.46556281922915	166.15384615384613	133.2954545000129	122.72933132776768	107.83372089676732	176.53846153846155	170.0	129.95867553294187	146.54064268500002	133.57142857142856	192.49284997443672	222.8173719376392	222.8173719376392	200.5280018892073	219.9015571870185	219.9015571863254	220.6730769130917	228.84615383195268	197.625	255.0	249.3173959623793	250.02881488608153	252.88108153966328	242.090625
30.81611864483679	251.3396937282351	114.6586925010073	249.67637068361884	199.67366285317743	210.22575025941316	76.76264897999997	133.2954545636312	117.5503946141992	86.09981771749898	110.47783173665593	127.49999999999997	170.61818181818182	127.5	238.0	255.0	234.40223417262146	192.49284999538864	192.49284999538864	141.6308278487437	220.30576170490664	216.07876771699873	203.6222222222222	230.8783783783784	204.0	204.0	231.40816326530611	254.88393263541192	244.648329218107	254.63003445591565
27.299839793967834	235.46846582187558	8.776389542585605	67.72157336469962	76.76264890593558	76.76264894285057	116.81229668948572	117.55039426598398	82.62711821972854	100.08930380625003	134.02854290821654	220.38503191846024	225.60062133241283	225.60062133241283	145.71249653020035	127.27454294541572	45.31078572609201	154.82294118580032	154.82294117427978	188.28010074645488	203.26587369078408	192.49284997443672	234.53785863264733	234.53785863135423	234.8909395579042	233.72032122578602	245.3666666661	253.49112426035504	252.7933277631893	254.63003445586696
42.701674213241546	233.0107938358009	197.4802987652954	76.7626488525	76.76264889500001	76.76264888747806	76.76264886544314	101.8424724691881	80.91868051514206	82.62711859953316	100.05556928287305	135.9556992523526	133.00424628450108	225.6006213324128	129.96640764383005	189.15928311094783	192.9247767852395	218.90880157118457	166.14116330828432	203.26587366380753	185.55593671038247	235.3846153846154	233.82925465518676	192.49284997443672	244.1949152419305	244.1949152542373	237.46031746091546	253.7583930210363	252.79332776395256	244.8
19.08422034967822	73.48680440396228	244.31126862948125	117.69230769230771	117.69230769230768	65.60196020435626	101.84247304753862	101.8424724654179	101.84247243197976	76.76264897999997	121.00787865556009	135.95569916948907	214.6500474865526	133.00424628450105	144.31272012348288	133.00424628450108	175.5187330310801	170.16976353385311	140.96053312202145	134.04287944641496	185.6261238269022	200.98703170028818	208.95348837209303	233.82925469167472	247.67451882323144	243.046875	209.1	239.09456740442656	253.81944444444446	253.5633263221154
11.956250934632976	31.16894159644437	216.11623270370544	137.30769230769232	81.5453138437218	94.99424144864417	101.84247246918812	101.84247248213703	101.8424724654179	101.8424724319797	121.00787867944089	214.65004705433554	214.65004595167636	214.65004658475013	144.3127201656767	99.78831059855455	99.78831059855455	170.00002848360637	167.79403246148334	167.79403247438952	205.43690889016185	210.73956062384704	210.73956062347594	225.8192041575	224.75591392173519	238.56641738232312	246.47936177887618	247.91666666666666	253.44246398022892	254.63607407403
14.843580646556973	210.61804064484159	156.4922853919697	94.99424144864417	94.99424143016324	94.99424141781807	94.99424142021834	101.84247189083754	101.8424724691881	101.8424724319797	124.66666655446664	214.65004664202007	214.6500463683627	214.6500462734234	214.6500462800915	208.62722390423113	208.62722390423113	126.57381736853876	140.53894404723957	167.79403241503852	167.79403243256155	202.24721374149715	206.83299078112412	206.8329908123791	47.059105620059285	224.75591393295917	248.472	245.23865784499054	253.319091796875	252.67737889064335
29.599443493425696	250.98811319505316	137.30769230769232	120.83724370173806	73.33433497254356	94.99424141164548	58.54413096834065	58.54413113688602	94.99424140600541	94.99424149254489	124.66666655446664	203.17074864727647	161.9725719013243	161.97257193053446	120.13557884606104	120.13557958696094	120.13557932946736	120.13558029627956	120.13558008149727	159.6155621658716	217.72258425750653	217.72258427912107	217.72258431101886	217.72258428055915	217.7225843492572	227.8	246.03515625	245.2227027027027	244.99315956221199	252.59371513264168
6.396183250485137	50.33831008208182	90.53745299102215	40.333365616098604	59.71395605784636	59.713956029792655	73.33433436906324	73.33433458545571	73.33433457022335	73.3343346708034	73.33433454776932	88.69565218500003	84.99999999999997	167.5205116693698	122.81622533212982	122.81622538377829	141.66968974140087	120.13557958696094	120.13557862403891	120.1355791876743	217.7225843266644	217.72258424405302	217.7225842701288	217.722584244053	217.72258429537334	217.21046077210462	225.88341346153845	194.59893887347934	69.10499999999999	250.79799677346526
19.731644655449884	108.33134455917761	37.277415704626634	37.277415704626634	59.71395609964043	59.71395606211931	59.71395606211931	59.713956078905284	73.33433458545571	73.3343345728936	122.40000000000003	255.0	189.1592832044682	71.00908145348845	71.00908182496417	167.52051167706634	193.31066625601045	106.72506150578656	171.26503192769985	167.46268656716418	211.77966099167625	217.72258410282373	217.72258427912107	217.7225842496838	217.72258429537337	212.5	29.02439024390239	202.40427716738344	240.13081480405387	180.27906976744185
156.60178767589392	64.64853780580447	37.277415704626634	37.27741575031624	37.277415650742824	37.27741589717624	59.7139560392952	59.713955987076986	71.07984296095484	59.264070933906396	106.24982245954538	74.68777074986073	118.0712007958191	183.99091817503586	183.99091854651155	134.95313137578574	117.83717717716263	97.3852803804244	167.46268653563712	182.55681807809273	182.5568181818182	195.286044012923	195.28604392109472	217.72258434925718	217.72258410282373	208.38709678790323	205.1086956521739	91.03949430583205	250.79799677346526	145.71428571428572
156.60178767589392	64.64853775452465	37.277415650742824	37.277415729871194	37.277415720878935	37.27741572087896	37.277415755946976	94.61421708507311	95.06925363172851	99.52342180588346	99.46155929601389	108.39856658279857	83.83898091297831	80.79601371045106	80.79601361175378	134.95313145768517	80.79601364698212	80.79601353870788	80.79601342507831	132.18377461622168	195.28604396070483	195.2860439342981	195.28604393788072	195.28604390035954	195.28604394215364	214.2	205.1086956521739	29.024390243902445	126.79730458680291	241.61132702278923
64.64853741862933	64.64853778186273	64.64853780176057	37.277415755946976	37.27741568898114	37.277415742493474	37.27741567333561	83.70746905714489	74.21763243453174	74.21763244017936	91.8321933872507	95.52424903477004	80.796013396662	175.22233392742137	175.22233395266653	106.23223092822468	106.23223095923444	132.18377466787018	138.74658353625034	133.77061512504343	176.1818181818182	168.34069969128467	195.28604397020734	172.12576649939905	187.0	207.1875	134.1627562982619	187.20691064801298	159.56834548338355	232.60789695840117
79.55480077005168	64.64853783384575	64.64853785368791	50.65940492819834	37.27741571944085	68.74857795978747	79.6198575530089	83.7074691177379	74.21763242205404	84.0952556144434	110.20681453349508	74.21763240343853	74.21763245575963	74.21763248220986	94.61421711767687	95.38087288406723	95.38087288711327	91.97036706553561	138.74658343882376	133.77061507803217	168.34069960330325	153.1575275680203	153.15752753081188	153.15752756802027	153.15752810916246	175.3125	255.0	59.28675747115935	199.08039546882586	81.24235144375004
79.55480067913831	79.55480064883383	64.64853777026994	68.74857795498306	68.74857795978747	68.74857799106414	68.74857806322626	82.76384760461158	86.42840000623266	88.20431658293188	110.20681453349508	255.0	74.21763240343853	74.21763243831924	99.01137137439116	99.01137136182678	99.0113713541298	91.9703670470004	99.01137140117447	133.9921213205591	153.1575275680203	153.1575275345821	153.157527517863	153.15752753081188	153.1575275308119	175.3125	255.0	236.3868253650945	4.980095874369368	153.21763052366597
79.55480050350016	79.55480067359403	79.55480071713092	36.55815588547094	68.74857795978747	68.74857792508351	68.74857768692232	79.6198575174349	81.33943170064032	82.76384760461158	82.76384761143407	82.76384764933192	82.76384763362267	82.76384763362267	82.76384761791348	110.20681453349508	99.01137132096429	99.01137138225803	99.01137136324303	133.99212134443988	153.15752756802027	153.1575275345821	153.15752751786303	153.15752753081188	153.15752695246138	255.0	255.0	195.31770034402342	0.753084222025052	20.898490361422205
160.36885391609667	79.55480067913831	79.55480064592066	50.47419256012688	36.5581561143874	36.55815625268963	69.72655747008602	78.60219308407287	79.28157148217497	78.76959668412454	82.76384764933192	82.76384764933192	82.76384760405861	82.76384764933192	82.76384763245429	82.76384758649505	88.20431658293188	82.76384768924572	99.01137131360716	150.01816136310663	153.15752753081188	153.1575275308119	145.97573516777598	144.5817610598382	155.47681147249148	154.4411469574843	25.5	102.0	76.39670487536966	193.8337443126046
131.24308211199946	0.0	79.55480067359403	50.47419256494885	50.47419251779655	36.558156103447885	36.55815609797804	69.8831805331063	76.4819019010454	172.40321743545888	172.40321730174855	172.40321722527824	82.76384758986075	82.76384761825645	82.76384763190131	82.76384764665218	82.76384761825645	82.76384768924572	82.76384761791348	108.09544210995892	108.09544217349196	147.95000479632105	108.09544204838599	153.0	132.88840838813314	20.084538169667013	25.5	102.0	192.20953553190563	160.36885391609667
0.0	11.668160204999992	63.62202594699505	79.55480058822485	50.47419255326227	50.47419254218718	36.55815606810825	36.55815606335727	36.55815606098176	49.06892248500003	172.40321722259225	172.40321715521912	57.98807088148166	84.35785172544652	82.7638476493319	82.76384763190134	82.76384763362267	82.76384761791348	108.0954420523968	108.09544204838599	108.0954420483859	108.09544211347645	119.4728761127266	119.472876165	119.47287616809913	118.02504267863137	20.084538169667013	173.9881816056435	254.0991869616885	112.37014891423351
3.287065818830939	11.668160130836014	11.668160120000039	11.668160077500005	63.62202597043378	50.474192533217405	50.47419242349184	85.36968345521771	85.36968351085423	62.594717671956715	62.594717782184034	62.59471780048983	172.40321732167354	57.98807098627495	63.73885049704376	63.738850529772975	84.35785173015313	108.09544204838599	108.09544205239683	108.09544204838599	108.09544193727262	117.09508484533549	119.47287616499997	119.47287614964162	118.02504270578888	118.02504272311089	167.58900253029617	184.37670534354933	0.6482842827868751	17.640617416528386
1.5119554869714875	160.36885391609667	11.668160075463504	11.668160093920989	11.668159949999989	55.90659455677931	62.50715002556325	62.50715000461136	50.474192234410054	145.04760347183355	145.04760378206834	145.0476036091393	62.59471770375703	62.5947178554072	69.09578648250917	75.72074345609477	108.0954421099589	108.09544204838599	108.09544202361573	117.09508473183763	117.0950847078899	119.47287616499997	119.47287605386788	118.02504270278556	108.65767926963093	108.65767927332047	16.58696474180286	224.94665921734165	45.27756308032315	250.90399433723468
97.16220133529279	3.287065818830939	46.35001554723016	11.668160135903463	47.82565704074602	50.86577077588484	54.78327328606426	56.94414981139272	13.085759023430995	12.742629783297645	12.742629979987413	145.0476036091393	145.04760356507893	145.0476036563726	62.59471762510509	117.09508460184557	117.09508477661274	117.09508475370512	117.09508477516832	117.09508479683365	119.47287591	110.266552784563	110.26655280642512	108.65767926963093	108.65767927332047	0.0	79.07602310302718	70.57681540081583	71.18218386695719	211.02719372359
222.71261266865736	1.1193144955083199	1.0177287133659263	28.527464209185524	0.0	66.7355188935789	66.73551889357887	66.73551890272532	66.73551899535016	12.742629663516027	12.742629783297645	12.742629859044257	12.742629871486258	12.742629973943764	12.742629915580608	111.00151888920234	111.00151886209704	111.00151886306014	110.26655274083873	110.2665527647797	110.26655277363196	110.2665527632958	110.26655276032798	110.26655282619905	204.3177098185135	57.70506827012892	12.789756826698436	255.0	141.33705386812676	13.412412053297828
18.370725719643787	35.22632435283157	64.2375798748107	8.190895078656808	6.562921269940745	56.807944370692184	66.73551888559282	66.73551888021973	66.7355188963607	66.73551890480914	66.73551888791226	66.7355189038013	113.8456755451987	111.00151886306014	111.00151884854435	111.00151885128847	95.60594728036634	95.60594724158656	95.60594724158656	95.60594724158656	95.60594724796164	85.46352163795305	85.46352162776381	85.46352148610944	220.97746225803277	57.70506827012892	57.705068295867875	241.88978840110036	162.7924955949078	234.4736838672404
10.077507921155188	9.21846380321196	12.846762680655786	18.71208565770246	26.272983563103423	64.2375798748107	30.210216536679837	27.01249382867556	7.641790887951288	66.73551891788199	66.7355188963607	66.73551890272532	66.73551892101824	111.00151888920234	111.00151880052238	95.60594727675269	95.60594722367748	95.6059472317722	96.36750739472873	85.46352158676393	85.46352161317063	85.46352153409441	130.04808610065737	57.682052275129564	57.705067992886995	57.70506832058675	57.705068302334666	159.23651710718565	195.6355474454944	255.0
1.0945640443923992	9.965572367173309	9.159865252581795	12.628754144563146	21.2046876724163	21.271896435047466	49.42360683236319	255.0	27.01249382867556	64.2375798748107	255.0	82.77595861339341	66.73551889636067	66.73551892101824	61.04660656008079	73.2923875106666	73.29238764609849	85.46352160738536	85.46352162637402	131.40978029652595	126.54667499753864	59.9568925260551	26.929385614186117	13.794844934529749	140.59270130226656	57.70506824643013	57.70506810807879	95.5294928594798	219.21536367363498	0.0
