254.86861446492114	239.0625	254.07433122341203	207.43310086345525	141.0965794654021	172.00990979567308	157.03184939941258	208.02631578947367	48.44999999999999	250.46666666666667	254.45868414237088	37.946428571428584	174.0661680678385	226.66666666666666	254.7384451911027	234.22222222599999	228.555555548	215.97809427341616	228.555555548	218.93571428571428	224.09090909863636	248.15686543156647	253.26970625458486	253.26970625458486	247.7119562590761	254.85746459456885	252.28595416727632	254.33710279108453	246.35886077214468	254.3283414301492
254.99561296211743	254.27864068500642	254.12133358340543	191.25	175.13736263736263	157.0318473892379	224.09090909863636	137.86757999944018	153.67052984707894	253.73205650679336	194.79992003446	137.93492716499998	226.93544952044806	222.54545441900825	212.11363624311724	253.98518164951406	54.46038251366116	154.5206263795385	216.65523156089193	242.07202555760412	232.37125660466063	227.41115747725644	245.27109127498827	229.79212887545015	234.46095207720614	240.95205531777844	248.00735470381352	249.89947959183672	254.33710279112168	254.97199044857413
254.14022619093754	253.30699588533332	209.4134078305883	69.10499999999999	0.0	137.86757999113675	121.15630576184958	121.15630463647912	112.32153342194371	175.3125	250.18460290270207	120.71585441534859	251.02065135835406	144.15719613821744	248.82949334170726	253.04195444990597	216.50049321163294	223.7648504711184	220.44925720613878	216.31375123245255	218.84608209768192	247.7659574468085	202.0577395666931	250.7499999915	231.3065333060479	239.45107710248172	250.18025447918635	249.19682259488084	254.37975882427602	254.9917323860558
140.2177684328748	252.2576131692	255.0	102.0899244289009	190.45372531445227	154.8024948024948	113.83928582812501	112.32153332798188	120.48803139139076	48.44999999999999	47.78883278883279	254.6948198781351	21.25	183.7677286742035	254.6948198781351	127.5	213.39539764868636	251.24339425557415	228.5302901021629	215.7216660234405	215.32093476248914	240.79597174356732	247.27805498090368	242.7877551042092	250.7499999915	208.2199940060927	250.97334591270618	250.18025447884443	254.41514146890617	254.92885044642858
57.69104879474838	228.27063183890277	20.191392712652657	87.65702481186065	75.39650379984184	120.0	95.65081965925128	33.46153846153845	85.68993500715928	116.17974324937842	102.59941309575248	81.9230769230769	21.25	85.11739788627409	103.248979545	37.946428571428584	238.6071141877596	234.08129175946547	234.08129175946547	200.3314945545931	220.4492572049509	220.4492572042241	215.5594405402462	232.41758239717566	213.272727282	242.27891156462584	251.11811186660677	250.18025447715593	254.741396061948	248.1719008224
7.014608878664092	165.97555619336163	233.61517584928617	250.99015939814734	253.33601230696416	61.60052600975979	11.668160204999992	85.68993509566226	72.76761673686312	79.99472249121291	82.82011816419276	127.49999999999997	148.36363636363637	25.5	221.0	170.0	237.43941275139846	238.60711411181077	238.60711411181077	198.7533394511555	149.76603432366412	235.95067228677132	221.75555555555556	242.6520270212838	222.214285707	222.214285707	243.55102040816325	251.866181156122	250.66590946502058	254.67892275990377
22.27008888159577	28.61265826785234	237.57791427491554	91.30080526054337	11.668160093920989	11.668160130836014	70.23398049151251	72.76761679051842	76.61787387123672	77.79764846250004	13.843390520179213	225.1416735236259	229.73765964791164	229.73765964791164	245.35685894983234	247.7581609809896	241.01384312986661	194.9092348849058	194.90923491153634	189.81348162774896	213.79736408382172	238.6071141877596	236.3522011914095	236.3522011907852	248.49664425360794	248.65413915637356	250.4666666661	241.42011834319527	253.048236452614	254.67892275987595
0.17778382018059347	211.4471507267525	212.41094594427	11.668160077500005	11.668160120000039	11.668160075463504	11.668160135903463	60.57374546210869	74.95924586945344	76.61787370241768	100.05556928287305	83.3040946347736	243.0891719745223	229.73765964791164	95.77823143583032	172.88219842890075	182.2103487028524	173.90360650496189	159.10217489038843	213.79736404783296	218.35065186365105	196.15384615384616	235.7916784142308	224.40695067628167	245.2754237255171	245.27542372881356	250.99686028881683	254.09486851143035	253.04823645242763	250.7846938788
2.0417682982473764	22.27008888159577	47.97670406327663	19.61538461538464	19.615384615384613	60.1128413123908	60.57374488375814	60.57374514153892	60.57374520537542	11.668159949999989	39.800553016851666	83.30409458656527	220.063249387458	243.0891719745223	71.42185113068842	243.08917197452234	175.205734562705	171.64053028992737	163.56501133552078	151.84742098965268	199.19567713669193	216.05187319884726	225.69767441860466	235.79167837570506	249.06636024088382	247.03125	235.875	253.1187122719316	254.501953125	254.15715144230768
55.47162870051389	23.023871633217738	113.40726221119743	78.46153846153842	42.82964098048916	7.957619221915365	60.573745076541684	60.57374510962069	60.57374514153892	60.573744954200976	39.80055302660631	220.06324858269835	220.06324783489072	220.06324797454312	71.42185114916285	146.61377078323267	146.61377078323267	170.5391878680847	168.56514101897153	168.56514102772826	220.99999998557502	213.6047291631729	213.604729164964	234.41667693	241.4811123558131	240.46954076850983	252.61186264308012	251.015625	254.7688899332013	254.919407407386
8.143582134410423	85.79278236109576	81.31186602888627	7.957619221915365	7.95761931294922	7.957619278776036	7.957619295839606	60.57374488375814	60.57374517293343	60.57374495420092	40.07142861550713	220.06324693834216	220.06324783489072	220.06324815074078	220.0632480241299	173.74503199168993	173.74503199168993	241.82919231064943	162.9275647308443	168.5651409811835	168.565141009816	227.2015566767335	231.11553243530653	231.11553262436533	142.3356056299312	241.4811123806067	254.898	253.91540642722117	254.501953125	248.97709158006887
24.370211063214043	45.77102299210455	78.46153846153848	21.054035327410418	73.33433497254356	7.957619261689416	53.91618090536275	53.91618117913171	7.957619332801727	7.957619309846791	40.07142861550713	209.3977533604641	114.47859025712145	114.47859034733386	240.48529993709028	240.48529995766722	240.48529993708965	240.48529993709028	240.4853017873839	159.16950123093756	220.9175883457678	220.91758842525763	220.91758839928016	220.91758840404836	220.9175884142785	237.38181818181818	251.015625	249.6518918918919	253.97177419354838	249.19682259488084
58.54367085689901	103.19355321156286	13.619868011328208	6.562921269940745	44.332876986434485	44.332876865485645	73.33433436906324	73.33433458545571	73.33433457022335	73.3343346708034	73.33433454776932	58.285714395000014	21.25	185.38345178019114	89.91773833865793	89.91773831178548	142.4730993718092	240.48529869802286	240.48530055164022	240.48530062092573	220.91758830656002	220.91758830753048	220.917588394512	220.9175884307472	220.9175883849756	220.44956413449563	248.87019230769232	150.22626462218986	69.10499999999999	247.65866607160248
175.1443243389884	57.70016904383286	34.08241172204907	34.08241172204907	44.33287694083478	44.33287696595113	44.33287696595113	44.33287697266172	73.33433458545571	73.3343345728936	102.0	107.77568139329088	161.8871652522563	113.29599151106268	113.29599183072793	185.3834517848053	199.92246642253122	235.44240500240053	200.5547440053071	171.26865671641792	216.10169491195776	220.91758841427847	220.91758834311315	220.9175883921279	220.91758827795093	223.125	253.6178861788618	205.61261864520205	249.76025176083706	107.93023255813952
22.288712711422306	8.731528031414541	34.08241161502437	34.0824116078721	34.08241158572153	34.08241158572153	44.33287697266172	44.332877016183886	43.73207455275477	13.843390520179213	106.47151036222994	13.085759023430995	116.17042451873101	141.7040081692721	141.70400848893732	142.760368407486	118.14525637983118	229.51656828845648	171.26865670363668	215.4855371730196	215.48553715056818	210.6671229838161	210.66712302733828	220.91758841427847	220.91758841427847	230.32258064516128	238.3695652173913	95.77283033760685	131.0287088604345	80.14285714285714
22.288712711422306	8.73152804552069	34.08241158572153	34.082411605488005	34.08241165688682	34.082411574742366	34.08241169246952	94.31791663444744	77.30725391540136	99.57677405245266	98.08064032727941	108.82852452536096	57.617517464798766	224.87896325591493	224.8789633166341	142.76036833883927	224.87896349251906	224.8789633842447	224.87896312932742	165.0822616882145	210.66712302733828	210.66712302733828	210.66712303404887	210.66712305916525	210.6671230135655	249.9	238.3695652173913	253.6178861788618	201.42729657638873	233.62994741956135
8.731527656174563	8.731527937604568	8.731528106632453	34.0824115692528	34.08241160071984	34.0824116542322	34.08241169343998	66.73200571649829	68.85067077308307	68.8506707737283	92.44038571526815	96.12931267363032	224.87896336217364	123.41630383871498	123.41630380225789	155.48423078021173	155.48423081015093	165.08226166134207	142.74091078864356	195.69231483521236	180.8181818181818	205.58585496236958	210.66712313451438	209.03328949089848	204.0	223.125	233.94596467258955	172.33781079859745	7.803715833884382	148.0333534196103
39.252264797433156	8.731527857851972	8.731528219034516	25.26873617948894	34.08241159595164	54.431305929031595	64.5893442943325	66.7320056975203	68.85067074263472	89.0776319473481	86.17444576780304	68.85067072807459	68.85067077954278	68.85067080353141	94.31791666808269	137.21659984475056	137.21659983740943	119.9050116498498	142.740910652036	195.69231475788203	205.58585519964902	194.42625504579905	194.42625482706657	194.42625504579905	194.42625511624186	223.125	145.77907817165195	234.5890954361921	223.46442459238918	0.0
39.25226460687247	39.25226473762433	8.731528023705607	54.431305929990884	54.431305929031595	54.431305919446345	54.43130589835724	83.41397215872377	85.94239255500324	91.20133690567161	86.17444576780304	77.04570721689487	68.85067080912663	68.85067076238667	115.56652179365088	115.56652179022981	115.56652180163113	119.90501163951868	115.56652181759165	215.19944697339372	194.4262547946246	194.42625485846108	194.42625489037934	194.42625492345832	194.42625453789134	223.125	145.77907808376273	219.16056619600712	170.2108443760402	248.62582479382831
39.25226467723496	39.25226466749447	39.25226478431094	7.957619221915365	54.431305929031595	54.43130603027768	54.431306131485	64.5893442954175	81.43158402856713	83.41397215872377	83.41397216559977	83.41397220188514	83.41397213765154	83.41397213765154	83.41397217021989	77.04570721689487	115.56652178904332	115.56652180983804	115.56652180983804	215.19944698314836	194.4262547946246	194.42625485846108	194.4262547647921	194.42625473067483	194.42625511624186	145.77907805172396	145.77907803167864	207.98748051069146	15.167674747981096	222.61352047951453
84.91559138168168	39.25226460687247	39.252264706433294	30.644055298813527	7.957619221915365	7.957619309846791	2.4373836103261795	78.34459163502581	77.00276392940893	78.93943705866118	83.41397220188514	83.41397220188514	83.41397215833155	83.41397220188514	83.41397216559977	83.41397213855464	255.0	83.4139722221768	115.56652181759168	155.40548312640993	194.4262545378913	194.4262548270666	175.67319539066807	164.84388540055681	175.59455790936673	205.54548176662632	25.5	51.0	27.837306724680786	216.12741491099177
81.31186602888627	0.0	39.25226466749447	30.644055290351872	30.644055324982986	7.957619295839606	7.957619332801727	69.6721808421589	76.0853947348701	180.76891512438226	180.76891506968775	180.76891513001118	83.41397213017379	83.41397213043524	83.41397218622782	83.4139721587238	83.41397217247581	83.4139722221768	83.41397217021989	111.98172627136361	111.98172603742839	153.00000002280788	111.98172607192404	218.93755419788152	191.25	252.35151888297193	25.5	51.0	16.84708594835547	205.89625858704557
8.629038483830954	11.668160204999992	8.871177735903473	39.25226470771992	30.644055342298543	30.644055378554583	7.95761931294922	7.957619278776036	7.957619261689416	31.030933170000026	180.76891499718383	180.76891496868848	222.31393130758767	92.80921666603044	83.41397220188509	83.41397218622782	83.41397213765157	83.41397217021989	111.9817260154893	111.98172598513682	111.98172598513676	111.98172600683361	140.97470202809137	140.97470201	140.97470202809137	136.9749573213686	252.35151888297193	63.161288316069346	29.1728080128255	208.66742976897828
55.57213740917237	11.668160130836014	11.668160120000039	11.668160077500005	8.871177778949487	30.64405528247616	30.644055394245157	92.7130650626026	92.7130650591044	207.32259545371164	207.322595433652	207.32259541113896	180.76891509820342	222.3139312154804	81.05824643874197	81.05824648026928	92.80921669705941	111.98172594174318	111.98172591557184	111.98172594174324	111.98172580349319	122.19346575184767	140.97470196749998	140.97470199117632	136.97495729421115	136.9749572768891	238.4120983124766	198.15978655733085	56.81813388445792	64.15937160687346
2.4369717027945796	0.0	11.668160075463504	11.668160093920989	11.668159949999989	53.23001588601571	16.392885812240365	16.392885888189255	30.644055266138793	153.64530319222723	153.64530345397716	153.64530328104814	207.32259544583684	207.32259534359986	69.23371811834224	76.53603649123906	111.98172567185867	111.98172581156234	111.98172588755213	122.19346553533109	122.1934656084176	140.974702095	140.97470186782567	136.97495729721442	181.8288396681171	181.82883971334007	6.2759917347307805	208.50752707548415	225.9578586598104	83.57043522465213
5.943122846636982	8.629038483830954	36.509923510299444	11.668160135903463	49.23382249156339	47.85236083778392	54.09227130684798	55.47292647482314	13.085759023430995	250.34776767879842	250.3477679176648	153.6453032234051	153.6453032320283	153.6453032845048	207.3225953600085	122.193465405339	122.19346538081493	122.1934654566825	122.19346549200034	122.19346547033504	140.97470184	136.97495729421115	136.9749573213686	181.8288396681171	181.82883971334007	69.94802710171192	37.54600569256246	254.53653088241458	153.93970890589821	200.58367579974043
120.76904078167092	2.5603864612070026	17.915986951774954	37.33487681101883	56.758671672870065	80.59109209351794	80.59109209351791	80.59109208960257	80.59109215610377	250.3477677945152	250.34776767879842	250.3477677967217	250.3477677733193	250.34776779892815	250.34776782057966	117.59052809264335	117.59052801877883	117.59052802581698	136.97495739156977	136.97495727444158	136.97495728063237	136.97495729721442	136.9749572768891	136.97495734276015	110.95474892207613	25.94767772596174	50.830326632411726	125.19123819261998	187.8129104082218	138.3750946023041
17.311535786337657	52.96232241981238	42.768578068619036	103.19355321156286	6.562921269940745	64.81452555856546	80.59109205442417	80.59109208664555	80.59109208664555	80.59109212912998	80.59109210872501	80.59109214496593	157.0304988521435	117.59052802581698	117.59052798184655	117.590527993738	131.38610735744498	131.38610735400354	131.38610733525053	131.38610735400354	131.38610736139333	145.1774777375935	145.17747768988312	145.1774778807246	220.97746225803277	25.947677583643525	25.947677551569484	252.23254277035113	7.366195129345215	110.61924454525348
9.375761873953536	9.452674500704632	12.282274718255792	18.962938508112416	26.10110175172761	64.2375798748107	30.219265292181888	64.2375798748107	197.41229054437125	80.59109208664555	80.59109208664555	80.59109211437985	80.59109215610377	117.59052794864488	117.59052796327919	131.38610732501658	131.38610732802087	131.38610733914504	147.39917137232862	145.17747770527933	145.17747767887255	145.17747759194077	130.04808610065737	255.0	25.947677562684618	25.947677562684618	25.94767752696606	225.36577355914758	245.77786193252317	255.0
1.0709223907225862	10.001357156053189	9.375761873953536	13.22770200462196	57.43429866976885	22.831236547079044	95.35988340198199	255.0	42.768578068619036	39.19820460146647	45.684891360443885	220.97746225803277	80.59109208664555	80.59109208177182	238.4120983124766	196.29182541724873	196.2918255560498	145.17747759446235	145.17747770527933	139.2758370320375	134.4296314774864	87.8367206863125	87.15864968796473	102.93129475931858	0.0	25.947677529339302	25.94767733279764	92.79196255068067	254.2170172318753	255.0
