254.8932756874288	254.94403292740742	250.34424668385637	252.97619047619048	249.69818912572416	245.19230769230768	237.72877204288858	187.8015350877193	232.05	163.2	254.77022268594143	232.23214285714286	225.54729029612332	214.2	217.68138723791793	187.0	204.0	188.0000773958328	204.0	181.23214285714283	224.09090909863636	167.53588865344915	246.08170026699622	246.08170026699622	204.20588355382307	253.33215580535122	222.66134738479485	240.36686889850492	217.22714345967694	254.4522073927663
254.99911505876833	248.82664654701165	254.68315950886728	251.22222220333333	247.52747252747253	237.7287748976797	224.09090909863636	236.44946444718227	227.65982066500402	254.33746792057744	153.66310351554728	209.61547842	186.2306637621419	219.06818169371127	229.49999986960228	206.9298446264219	247.6844262295082	230.31899315491086	176.41509433962264	141.51299423028263	167.004334421021	227.2544422318513	250.5263542943755	251.73366175145634	234.64840106485013	241.57742489930104	254.46855529874392	233.66001275510203	240.36686889470357	250.66425655976676
254.58089060287293	236.86666666666667	247.30726256948859	248.115	229.62439512960856	236.4494645137094	214.14908396195085	214.1490823676206	223.37545132103116	152.734375	116.32693867016934	201.34954891522494	252.839452580339	201.39267706534588	251.31288761783418	184.90599958906924	137.1168628769792	129.0147480540762	157.00733849125834	246.84104819038856	218.79523111719246	144.02321083172146	241.21621624974435	223.125	231.57094020235914	239.18670789119835	217.06341465813716	230.719912071808	234.1935124258314	226.41549688654973
140.2177684328748	244.8	231.79632520868742	254.92929079114637	246.1036836910064	124.73566973566975	212.5	223.3754511660466	221.90993267187935	232.05	200.3950103950104	244.14409749193032	191.25	158.5874614594039	244.14409749193032	223.96238838409027	151.5506128388792	174.80940517966138	189.1833567689626	215.28588317257456	215.20156439899046	206.1259427775092	132.2666993076582	189.42857142857144	223.125	156.9786211997913	192.28916291914976	217.06341466082566	238.13877551020408	252.97619047619048
208.65888685864488	65.810129487213	91.28803945274075	51.86293047033115	143.9696437708455	93.46153846153848	204.51425377672183	166.15384615384613	204.386363726641	195.6419187975705	225.23260069979256	135.0	191.25	160.70789364769362	174.31640625	232.23214285714286	168.76303735680287	207.38864142538978	207.38864142538975	200.17587550197638	157.00733845968924	157.0073384642921	233.65384614327357	213.46153846341804	242.25	161.32653061224488	203.42709874260356	217.0634146475353	195.7170371092348	254.3625
0.07071498598796211	228.59815052573805	196.86347371437657	13.245474255730528	153.08950918284177	76.50363507848638	133.33408022999998	204.3863636198027	192.68559348961392	168.96694188744607	73.66237103381826	106.25	123.63636363636363	178.5	102.0	153.0	243.37749554789994	168.76303734071263	168.76303734071263	118.36953665953533	99.57756543443253	235.95067228677132	187.0	206.75675675675677	238.000000017	238.000000017	231.58163265306123	251.866181156122	236.86666666666667	252.26891043889722
236.75735366740943	30.01872524352416	174.69768234948793	77.29153778670101	133.33408004696048	133.33408012079056	194.68216283801056	192.68559331546936	166.00539324721348	176.20066659375001	157.13203535753348	234.76371270251798	238.0117362789092	238.0117362789092	141.76410614210798	235.60869058785443	210.31086397062876	199.73977042373596	199.73977040869252	187.7468807387064	193.9894295267911	168.76303735680287	100.79704831357864	100.79704831331242	210.50335566937864	216.35824022044193	178.5	241.42011834319527	244.09684093206016	252.2689104380104
9.75087831949304	17.292587304237145	172.4904653735042	133.334079975	133.33408006000002	133.33408006541805	133.33408006795173	179.74546374846506	164.52293660607006	166.00539288143887	81.25765782058014	163.8465394510554	129.03397027600852	238.0117362789092	151.77615932590805	140.96053311301793	123.31856622189565	228.8366554922055	117.84751707329238	193.98942953254456	81.23903618108614	196.15384615384616	192.29372650952416	224.40695067628167	217.54237288018385	217.5423728842373	205.49450549601096	181.3491155412019	244.09684093150602	253.8666666678
249.76306920068768	141.80186548151391	17.43780797974071	117.69230769230771	117.69230769230768	150.99856767232285	179.74546317011448	179.74546368606113	179.74546379449447	133.33408022999998	180.6504485355497	163.8465394251769	231.1387682684591	129.0339702760085	163.7437827515234	129.03397027600855	80.29165648573803	168.65347483433516	189.1592831213825	197.98026656101072	125.6913990378516	108.39337175792508	68.02325581395345	192.2937265185314	143.57943118992958	212.5	235.875	198.817907444668	147.421875	245.19230769230768
254.22331618658734	254.956844355803	84.83277751093257	58.84615384615387	173.19886057295872	117.17854150809637	179.74546374846506	179.74546363184447	179.74546368606113	179.74546354332	180.65044859676115	231.13876746192724	231.13876667969598	231.13876693773528	163.7437827627666	84.36912301853957	84.36912301853957	170.12255073899175	101.52137645478595	101.52137649489168	115.33074784631978	73.89569008888142	73.89569008950104	176.20066646625003	158.7544656636548	75.06265899049407	114.63059313215399	111.56249999999997	150.85495619482396	232.05
238.0235807211671	123.25461399113155	49.942872519631464	117.17854127917988	117.17854122918652	117.1785412470974	117.17854124411568	179.74546317011453	179.7454634592898	179.74546354332	155.8333334735833	231.13876697160197	231.13876667969598	231.13876670568948	231.13876660967344	217.77235746903278	217.77235746903278	122.61265123013303	123.31856622567344	101.5213763932162	101.52137645161	132.2691794778671	132.31345263126912	132.3134526127297	95.51928838298781	158.75446579892628	75.072	123.76417769376181	147.421875	237.3191489962356
248.85524447058503	254.17829901318956	58.84615384615384	171.59806963565023	57.89956527410712	117.17854125605282	132.00851921026307	132.00851926286285	117.17854122658358	117.17854138233633	155.8333334735833	222.6828551378755	114.47859025712145	114.47859034733386	116.19694053714082	116.19694029198502	116.19694053714011	116.19694198735934	116.19694119018908	159.66132846944487	159.33941957516845	159.33941957851988	159.33941957516845	159.33941958855155	159.33941962984875	48.93939393939394	111.56249999999997	69.17417417417417	69.10942300307218	230.719912071808
249.76306920068768	89.85526494981661	90.53745299102215	110.95474892207613	127.5	127.5	57.89956527410712	57.89956531029941	57.8995653746872	57.899565424977226	57.8995655426331	111.5625	191.25	147.56783204608013	159.94318529233203	159.94318530434063	141.39538880522952	116.1969396621634	116.19694057897934	116.19694014244473	159.33941961531764	159.33941955285547	159.3394195617854	159.33941955285547	159.33941953501926	53.79452054794518	48.527644230769255	91.33284619619315	248.115	243.686949518726
15.327001024634228	42.40528844360006	95.66058046498071	95.66058046498071	127.50000004560282	127.5	127.5	127.5	57.89956531029941	57.89956534406261	81.6	93.72383937307688	57.477849466180345	58.5696240036244	58.56962425886849	147.5678320534409	214.47960989752437	103.03223583209245	148.8355049372947	45.67164179104478	86.44067795181701	159.33941938341525	159.33941957851988	159.33941955509388	159.33941953501926	63.75	221.1382113821138	15.91660620543712	244.70808939663974	107.93023255813952
6.3507592535486594	64.64853780580447	95.66058046498071	95.66058044490612	95.66058037015128	95.66058061658472	127.4999999603899	127.49999990879438	93.38755667849912	157.13203535753348	106.47599197081328	115.33074784287777	115.60822900020096	196.43037574113148	196.43037599637557	109.29591573635912	119.17992110738149	93.92622636133837	45.671641787636446	103.52789242413189	103.52789262784088	127.50000009120562	127.5	159.3394196298487	159.33941938341525	65.80645161290326	72.06521739130434	184.08760494569833	243.686949518726	80.14285714285714
6.3507592535486594	64.64853775452465	95.66058037015128	95.66058043821462	95.66058042148009	95.66058042148012	95.66058044714453	31.898496264002944	60.45797929505159	106.71326818162339	99.58382067574118	114.21098378185636	102.46634199467582	77.57738843274947	77.57738851858281	109.29591583430357	77.57738836749633	77.57738847577065	77.57738814149263	95.05681469565934	127.5000000396101	127.50000001320336	127.5	127.49999995439717	127.5	40.79999999999998	72.06521739130434	221.1382113821138	221.29466968959895	16.893569361848677
64.64853741862933	64.64853778186273	64.64853780176057	95.66058044714453	95.66058042483155	95.66058042483155	95.66058038468233	47.546280483172836	43.6605302208913	43.660530231460086	92.39765137775194	80.81217805051364	77.57738787761369	41.225809690793994	41.2258097163018	36.310227939277695	36.310227926198564	95.056814707668	32.72253403439893	83.35459308062846	32.45454545454547	89.12168287244847	127.5	90.04125316909543	28.333333333333343	63.75	83.4019303643498	191.06755032829415	128.39055585248093	252.40814534855065
28.24036914114933	64.64853783384575	64.64853785368791	126.71829849754218	95.66058041144845	41.54828580543574	40.151947579652784	47.546280449617456	43.66053020630457	61.06211464643181	87.89708904445689	43.660530178117625	43.66053022558245	43.660530270678464	31.898496356297358	29.050809296670366	29.050809328972264	92.25551319681196	32.72253401423998	83.35459302607819	89.12168281742882	75.25453645667997	75.2545365407102	75.25453645667994	75.2545368298855	26.5625	145.77907817165195	28.36398058455123	191.6150276022018	0.0
28.24036940028509	28.240369389527643	64.64853777026994	41.54828566788416	41.54828571962054	41.54828575863374	41.54828594013287	40.05028133436613	85.94391549707834	91.66930596161589	87.89708904445689	83.17434355779187	43.660530178117625	43.66053020976082	51.64944917789083	51.649449163268855	51.64944917493477	92.25551316228317	51.64944925658992	74.34955140323885	75.25453645667997	75.25453631393884	75.25453636815556	75.25453625153497	75.25453625153494	26.5625	145.77907808376273	37.10668675380131	171.2475980581354	153.21763052366597
28.24036923126951	28.24036935081861	28.24036947036771	117.17854150809637	41.54828567671291	41.54828565573956	41.54828589183987	40.151947565077734	81.31484291223168	40.050281334366105	40.05028133766757	40.05028136577721	40.05028135817528	40.05028135817528	40.05028135057347	83.17434355779187	51.649449168404146	51.649449160701266	51.64944917971627	74.34955146445026	75.25453620550553	75.25453631393887	75.25453624256832	75.25453625153494	75.2545368298855	145.77907805172396	145.77907803167864	209.68478645631563	0.001563936690246237	246.80002624632925
75.06047345752779	28.24036940028509	28.24036939066832	67.94115627676061	117.17854127917988	117.17854138233633	93.9506096350456	78.26517738117451	75.68236478043761	77.97521122488146	40.05028136577721	40.05028136577721	40.050281323250175	40.05028136577721	40.05028133766754	40.05028133536973	91.66930596161589	40.05028142956317	51.649449169022574	47.67748038260481	75.25453625153492	75.25453625153494	35.354023881044014	34.16352203737546	19.13759923875827	63.30253837082324	178.5	51.0	63.1366426653465	217.4192641490517
49.942872519631464	9.870999779467041	28.24036935081861	67.94115633996458	67.94115632947734	117.17854124411568	117.17854122658358	69.3437265433634	76.18826444567074	199.81847658234352	199.81847674324717	199.81847674467835	40.05028123546373	40.05028134096898	40.050281347571854	40.05028137640667	40.05028134096898	40.05028142956317	40.05028135057347	21.74724183471281	21.74724169761845	22.958443821961396	21.747241764286883	21.288639563990728	16.357198730297455	200.40818430463455	178.5	51.0	239.69007056858462	239.08100158428996
26.309043505451484	133.33408022999998	106.0395362245975	28.240369368012608	67.9411563242337	67.94115634324541	117.17854122918652	117.1785412470974	117.17854125605282	63.75	199.8184767083361	199.81847667683803	184.92425146723895	35.44467984467195	40.05028136577715	40.05028134757188	40.05028130977436	40.05028135057353	21.74724164339915	21.747241590712406	21.74724159071235	21.747241634106047	11.668160130836071	11.668160119999982	11.668160075463504	18.94991464273724	200.40818430463455	9.056689370979996	79.4753870688611	245.60987810785062
87.91144043345099	133.33408012079056	133.33408006000002	133.334079975	106.03953607338104	67.94115624053893	67.94115619041906	27.430857944121527	27.430857961627254	59.97348115315327	59.97348124249183	59.97348129749682	199.81847673895317	184.92425133941623	52.58686519119999	52.586865255223756	35.44467984829902	21.747241503925153	21.747241543481636	21.74724156901567	21.747241560524202	15.057214445965485	11.668160077500005	11.668160093920989	18.949914588422274	18.94991455377823	39.3350700344275	64.07598849837427	234.48533331934243	188.0859378809869
45.65680118419124	75.06047345752779	133.33408006541805	133.33408004696048	133.33408022999998	56.04703034197237	86.23696264319713	86.23696265928734	67.9411564762151	174.5115460587678	174.51154606287906	174.5115461493436	59.97348137364409	59.973481246752385	69.83071864486726	76.7206353394788	21.74724123520781	21.747241503925153	21.74724154774225	15.057214591457551	15.057214727609193	11.668160204999992	11.668159914413224	18.94991457247187	22.121196310911955	22.121196195406753	24.688473836648882	48.954925307704144	27.064084536115644	255.0
205.19376549532478	26.309043505451484	97.09141162478628	133.33408006795173	49.90906888663196	41.90989276213972	54.207348557535084	54.3992706572449	115.33074784287777	173.56360598391893	173.5636061693511	174.511546062879	174.51154609037485	174.51154610222753	59.97348110630165	15.057214331473432	15.057214437128408	15.057214533955403	15.057214548126808	15.057214526461536	11.668159949999989	18.949914588422274	18.94991464273724	22.121196310911955	22.121196195406753	69.94802710171192	37.54600569256246	116.3510364138543	110.40377202342745	124.17927763635291
78.59798409248381	131.88453732223127	44.91782213597409	3.5797630552328314	96.27562641868838	54.123165318069056	54.12316531806903	54.123165315439564	54.12316538451256	173.56360596946936	173.56360598391893	173.5636060484079	173.56360601356414	173.56360602656054	173.56360602838672	25.889113242851835	25.88911319972553	25.889113206142298	18.949914783139548	18.949914581818632	18.949914561264706	18.94991457247187	18.94991455377823	18.94991455377823	110.95474892207613	25.94767772596174	6.798371577039518	255.0	126.8672197799167	254.5118460133502
173.8802340241562	183.94061282226392	30.374465792951497	89.85526494981661	110.95474892207613	72.13765542223041	54.1231652674023	54.1231653170297	54.1231653170297	54.12316529159952	54.123165342459856	54.12316535941335	85.46758721613247	25.889113206142298	25.889113178162404	25.889113187412732	16.79294900166647	16.792949015802208	16.792948997049223	16.792948987672702	16.792948889186903	8.346681550390713	8.346681579797519	8.346681462170437	31.451129933216095	25.947677583643525	25.947677551569484	1.1517802802791266	7.7398589200142	15.5639372242822
10.113968758760905	9.340324397411678	12.899458193685575	18.538563500774387	24.570910206947076	32.57536585338528	29.914484729848482	32.57536585338528	7.641790887951288	54.1231652632265	54.1231653170297	54.12316534021687	54.12316538451256	25.88911309885333	25.889113081066796	16.79294895583817	16.792949014462863	16.79294897270421	33.73227413051805	8.346681587196684	8.346681560789932	8.346681431349225	157.14576639789462	191.9817856261043	25.947677562684618	25.947677562684618	25.94767752696606	141.95688175478995	66.89441421922487	255.0
1.0701956338749028	9.516659766985441	10.285890596208333	12.899458193685575	8.762465230030074	21.742031287779838	27.53605546692171	64.2375798748107	30.374465792951497	64.2375798748107	42.768578068619036	31.451129933216095	54.1231653170297	54.12316531018067	39.3350700344275	39.938033168570996	39.938033150829796	8.346681638611017	8.34668154758657	43.81750968128409	41.167440957502464	10.632105633036218	1.6081190789036555	4.410732003783693	140.59270130226656	25.947677529339302	25.94767733279764	254.5116592971763	247.6435894947209	255.0
