254.38401164057512	254.74300831777776	254.98896352416165	254.8557275765649	252.14141995896796	253.53218204627404	253.159116480408	253.22916666666666	244.8	250.46666666666667	253.9916516007585	250.44642857142858	242.08466068832425	250.46666666666667	213.1493408545901	244.8	231.2	246.23893009622955	231.2	245.4375	245.72727272727272	225.9863833923981	250.62509500175133	250.62509500175133	222.72509141225487	254.42695598891618	237.11775651573146	254.92793424999024	254.93494886814477	254.35875427910372
254.3983688158747	254.986552734375	242.80091326689086	246.90476189666666	247.52747252747253	253.1591183174847	245.72727272727272	246.6590531808567	247.28582448102088	252.94957087830582	253.54082484575278	234.92711374499999	176.19832353082163	250.3636362213843	236.45454532019627	202.08747187568582	240.60109289617486	234.32185535955892	247.49142367066895	240.16016807075752	190.6572758160216	227.64378647908686	204.4958396681412	249.44425061788044	234.87937958684424	241.06604140138955	253.9784960148074	254.64140625	254.9279342500036	254.9524198250729
251.79919113374442	254.592	253.49401436708354	252.96	237.78132198899715	246.659053258888	246.90379765725513	246.9037956405524	239.6192713175412	248.359375	178.2084926137187	231.1701077369887	248.8628883689701	224.58366556516214	246.09640767391662	179.2629324651104	236.65914500411165	236.74467431380583	238.82002864176653	242.48613753852206	219.47252512337434	233.42117988394585	223.98648648439098	191.25	230.84377017949888	241.85534422197412	253.90317493254148	254.77058319039452	254.88515308273574	254.87983704598457
140.2177684328748	252.77866666666668	228.73161711203332	118.05665671408778	109.36961834806166	253.56103356103355	242.85714278125	239.6192713540905	238.15504136654266	191.25	229.62874962874963	64.41648110748622	233.75	245.18787255909558	64.41648110748622	209.5655888854286	223.31653253572753	169.17511823077552	234.84232160970444	214.74732524121876	215.0142440238389	227.15193494076783	235.54667607728456	240.42857142857142	191.25	251.11741848220566	253.5690467563994	253.9031749326539	254.16734693877552	229.09910678667435
250.1203410000778	84.7890559669361	91.28803945274075	74.82403242635175	252.71822022880767	249.23076923076923	240.48549594930154	203.0769230769231	228.5064934857202	235.826866830968	91.23016631762948	235.3846153846154	233.75	199.65188644026745	208.163265405	218.57142857142858	121.77710222084417	221.6815144766147	221.6815144766147	200.33547891192023	238.82002863834023	238.82002863790945	178.84615384959972	244.78021975430858	169.999999983	248.92857142857142	253.2172330429542	253.90317493226965	253.4565202429397	226.6666666644
96.7167791715249	206.59772102087953	250.32453964693067	163.6773551470053	0.2255920037673036	23.706614730324475	178.23735127499998	228.50649349956907	221.2252906267285	225.91176621015185	178.10267674559077	233.75	229.03636363636363	204.0	221.0	221.0	231.7156839521222	121.77710222249158	121.77710222249158	142.44329293348525	229.1405306098105	194.3263464665393	232.96296296296296	232.60135135135135	218.571428586	218.571428586	241.33928571428572	247.57168866636323	253.09556470050296	230.11043733915756
221.5214766172622	244.47938048037832	240.0939451538155	193.7217117985826	178.23735113097945	178.23735116789447	222.9941369533123	221.22529026154103	224.74576256901753	225.4295554875	214.46176166652586	216.2643762721554	221.99171556782878	221.99171556782878	136.15855596317886	132.9296909575546	56.570951838643964	156.71123274741856	156.7112327775786	188.81638702306083	176.93578088880872	121.77710222084417	206.6135801242971	206.61358012375135	220.77181204349466	131.7737429793048	219.3	230.85798816568047	202.40510861780854	230.11043733988316
141.39691653318886	0.011761529331238307	77.59131796373327	178.23735102	178.23735110500002	178.23735111252194	178.23735113455692	212.81956816212735	224.15803243690445	224.7457626356794	220.1770338946926	219.57969711425972	123.43949044585989	221.99171556782878	180.19123899619797	177.0962131565541	204.00000001316815	218.50687949120748	205.61946232171283	176.9357808768877	191.66649240201318	176.53846153846155	117.44351513908788	157.55865663070597	151.27118640551566	151.27118644067798	205.49450549601096	197.0715847315416	202.40510861278636	249.7959183636
227.35091460223916	210.84315739670626	234.7911654708892	156.92307692307693	156.9230769230769	218.7583921311562	212.81956816212735	212.81956772222435	212.81956781979835	178.23735101999995	202.6730139361075	219.57969709518542	209.99311957754645	123.43949044585986	173.23340512593919	123.43949044585986	197.11217587354525	171.48349836427332	158.61905933014486	107.77568129361032	194.0433409121232	167.18299711815564	219.7674418604651	117.44351518448761	160.0617638541412	141.66666663125	191.25	166.75050301810865	204.38368055555557	199.78632479086536
224.0102766769382	130.3515093114414	255.0	235.3846153846154	213.7876293926265	186.08927052513167	212.81956777656035	212.81956767343732	212.81956772222435	212.8195675686239	202.67301389319806	209.99311937234182	209.99311889126233	209.9931189181794	173.2334050973751	99.16928023072805	99.16928023072805	165.94295572042586	199.27709980693385	199.2770997976338	159.58773664140898	173.57789703169547	173.57789703315092	101.00229624374998	105.96091685382197	183.4411950347149	148.8605619146722	168.22916666666666	186.52294317075626	250.002
217.02366104935504	251.2291672666491	0.869056209377959	186.0892707540482	186.08927066430186	186.08927064011823	186.08927062205782	212.8195670054263	212.81956758377683	212.8195675686239	200.3571427970357	209.99311898205875	209.99311889126233	209.99311894029162	209.99311934398818	209.01307150159454	209.01307150159454	117.0519061146841	180.0370461916593	199.27709975963893	199.27709974676964	86.59611518203414	83.73952273879658	83.73952290558512	38.66056913565882	105.96091705012881	163.2	131.59735349716448	179.44444444444446	254.68581204549642
109.4881828266956	87.48997993205398	235.3846153846154	185.27784796227215	201.8661993465279	186.0892706280264	202.4776632151077	202.4776634772198	186.08927055606267	186.08927069116817	200.3571427970357	197.93129814125808	179.79384352011627	179.79384349480335	110.68851552086403	110.68851594554653	110.68851600427055	110.68851697108255	110.68851682107504	158.8522338683478	82.75040754781318	82.75040754383454	82.75040760132558	82.75040758974865	82.75040757049138	131.36363636363637	141.66666666666666	167.7027027027027	167.54572292626727	254.77058319039452
249.76306920068768	194.2674012294443	127.27672631889337	155.65596279056598	194.62310946854345	194.6231096420555	201.86619904478775	201.8661990415468	201.86619904478775	201.86619904478775	201.86619906885218	145.714285605	170.0	165.90722733735345	119.0044434755807	119.004443464416	143.52013873634047	110.68851531572435	110.68851621893509	110.68851583561394	82.75040745957017	82.75040753050612	82.75040754155268	82.75040753050615	82.75040752903158	148.1095890410959	130.25841346153845	48.214853119884	223.125	30.994925776126195
249.13915882980672	222.0369719422112	172.24959247096842	172.24959247096842	194.62310948123923	194.62310948843754	194.62310948843754	194.6231094873006	201.8661990415468	201.86619900696724	193.8	161.8871652522563	161.8871652522563	70.49706017838162	70.49706026904221	165.9072273408041	187.82974557614173	97.89869513386273	114.68187449728651	125.59701492537312	99.40677964783109	82.75040707762446	82.75040754383457	82.75040751166628	82.7504075290316	106.25	38.69918699186991	247.63360439227293	18.36638238986143	107.93023255813952
0.8696643137298281	96.45412770699764	172.24959247096842	172.24959248833375	172.24959242950865	172.24959292237554	194.6231094873006	194.62310950283418	129.0647925905609	134.02854290821654	106.27973350278933	140.9605331234972	115.70220415677508	184.5029397309578	184.50293982161838	181.11572048870366	118.63562396202451	89.13209906326082	125.59701491600023	61.818181686467	61.81818186647723	60.37689049716582	60.37689051269942	82.75040757049132	82.75040757049132	90.48387096774195	77.60869565217388	249.76003876495713	30.994925776126195	80.14285714285714
0.8696643137298281	96.45412770872369	172.24959242950865	172.2495924584473	172.24959245616543	172.24959245616546	172.24959246949388	117.81042360022252	167.44715694248214	99.30500960810431	103.89199863939498	115.52722889793822	129.32239813758468	73.16318938016215	73.16318936706563	181.1157204709457	73.16318947653284	73.16318947653284	73.16318892008329	135.99555653558397	60.37689051269942	60.37689053910617	60.376890511562465	60.376890518760774	60.37689053145655	102.0	77.60869565217388	38.69918699186994	12.773044689726078	44.58781479189466
96.45412756255686	96.45412774373949	96.45412768478849	172.24959246949385	172.24959239867445	172.24959245218682	172.24959254042986	119.33963207004555	115.57763149190811	115.57763149676154	90.04087918997308	91.91029508725103	73.16318928670884	153.86557583192968	153.86557590011628	107.7838579267133	107.7838579187856	135.99555652441933	98.18561324349142	83.35459308062846	101.99999999999997	51.591720661279425	60.37689035794449	51.121052111349826	85.0	84.99999999999997	69.72215203772791	218.2844849077934	251.9346233930298	135.08864052896217
203.68556895391401	96.45412773265883	96.4541276335139	174.80554684086482	172.24959241025135	137.0525172159779	119.74391736625347	119.33963204229084	115.57763149988531	87.45453339598498	88.91492119126411	115.57763145657304	115.57763151546729	115.5776314839309	117.8104236536459	101.6879834387189	101.68798342186676	113.0807865866459	98.18561332048333	83.35459302607819	51.59172061332697	42.18043243137609	42.18043241622317	42.18043243137609	42.18043299457369	79.6875	117.17854127917988	89.26081183715948	125.71728022757105	0.0
203.6855687211468	203.68556874069378	96.45412770074523	137.05251726549173	137.0525172159779	137.05251723894162	137.05251718584134	114.50998730949144	86.63867353498958	85.2687776917058	88.91492119126411	93.41781133187663	115.57763145657304	115.57763149583587	108.8495270252844	108.84952702949982	108.84952703364911	113.08078658055294	108.8495271379459	52.32698610680197	42.18043243137609	42.18043227777565	42.18043232656271	42.18043222343965	42.1804324162232	79.6875	117.17854122918652	118.89739932251399	252.34232464281948	100.22164890045977
203.68556872776935	203.68556874050307	203.6855687532368	94.99424144864417	137.0525172159779	137.05251727551723	137.05251702654056	119.7439173107278	81.54058213194281	114.50998730949141	114.5099873189308	114.50998730006356	114.50998732672963	114.50998732672963	114.50998735339573	88.91492119126411	108.84952701496886	108.84952703676532	108.84952703676532	52.32698606389246	42.18043218020165	42.18043227777565	42.180432200975474	42.18043222343965	42.180431837872646	117.17854124411568	117.1785412470974	178.21706130508926	39.25490706130603	10.152421503250594
43.773118886396276	203.6855687211468	203.68556870256197	100.0521093628353	94.99424144864417	94.99424149254489	116.6457439866058	80.35462713761922	75.9418984859822	78.1401068924902	114.5099872032616	114.5099872032616	114.50998731678916	114.50998739686545	114.50998731893077	114.50998730992592	85.2687776917058	114.50998738627479	108.84952705037855	55.81096625281987	42.180431837872646	42.18043212704791	50.1790711629514	46.79337187680525	60.914572365789496	32.23400763370353	127.5	51.0	196.3957308954975	0.28982466669208407
28.619742957029302	166.88213328978782	203.68556874050307	100.05210938679087	100.05210941070834	94.99424142021834	94.99424140600541	69.71499771663204	77.52084971180753	165.61415829558476	165.61415812898295	165.61415821195098	114.50998730520823	114.5099873283701	114.5099873472488	114.50998735153198	114.5099873283701	114.50998738627479	114.5099873533957	71.60549619214567	71.60549593447925	77.48222439103321	71.60549604303992	57.47784931542034	52.06461653457404	27.025327816892087	127.5	51.0	180.201211827513	11.534791858763072
208.37615823282135	76.76264897999997	120.71554507172695	203.68556877978776	100.05210942266703	100.05210941790725	94.99424143016324	94.99424141781807	94.99424141164548	88.063313895	165.61415807843738	165.61415801213445	61.65161717856944	110.0663164847966	114.5099873000635	114.5099873472488	114.50998732672963	114.5099873533957	71.60549592045058	71.60549591285908	71.60549591285906	71.60549591285908	39.499999803047444	39.49999980000001	39.499999803047444	35.504254961359834	27.025327816892087	67.67331239623414	44.569789159414995	30.654507113799923
112.82603105762448	76.76264894285057	76.76264889500001	76.7626488525	120.71554512950968	100.05210944544314	100.0521093404594	55.713880383767645	55.71388040395789	56.40011342792758	56.40011350600207	56.40011345413512	165.6141580895648	61.651617044079046	97.4166233191448	97.4166233157566	110.06631651784136	71.60549591285906	71.60549592045058	71.60549591285911	71.60549597656546	54.75439969617301	39.49999980000001	39.499999803047444	35.504254954320515	35.504254918553016	61.04660656008079	224.3609670542653	93.2862465208998	243.60530470147037
249.8511933037531	43.773118886396276	76.76264888747806	76.76264890593558	76.76264897999997	56.11110875130265	133.22289777915583	133.2228977775084	100.052109528051	138.27557357720488	138.2755735814394	138.27557366790393	56.40011352523169	56.40011373005325	52.97341565752069	102.32817734749338	71.60549559264072	71.60549578267819	71.60549593447925	54.75439952798797	54.75439963190257	39.49999980000001	39.49999959871187	35.50425495635278	24.170689129225508	24.170689059891117	243.7033180955068	4.2035801132442145	95.02349192161392	155.29175831337625
27.499758616531295	112.82603105762448	10.476644371342672	76.76264886544314	49.79231112428468	65.35977704942465	55.977504045458176	58.124602659205294	74.68777074986073	17.307062908502644	17.30706315937084	138.27557363908238	138.2755737231777	138.2755737028154	56.400113334224415	54.75439939799594	54.75439951437889	54.7543995535535	54.75439952798794	54.75439952798797	39.49999980000001	26.708404509648176	26.70840451494348	24.170689129225508	24.170689059891117	69.94802710171192	37.54600569256246	84.79286638986696	213.7110335585238	0.03190205239525312
0.758994995668786	0.3505585876224586	112.51268876329485	74.55352775507623	129.19444777909052	65.61902927341762	65.6190292734176	65.61902929500692	65.61902926385369	17.307063086950564	17.307062908502644	17.307063038427714	17.30706308785696	17.307063151162367	17.30706317753416	30.89480370706437	30.89480371287982	30.894803697724228	26.708404650731012	26.708404509661875	26.708404507000466	26.708404511961646	26.70840451656113	26.70840451656113	71.99616450855797	25.94767772596174	22.433592500768157	175.7995653432706	219.5269662879444	247.63486710497372
0.9385514708262974	4.779041853624534	27.01249382867556	50.33831008208182	40.333365616098604	48.29974628515657	65.61902930210931	65.61902927263324	65.61902927263327	65.61902928094037	65.61902932889004	65.6190292803094	50.167992010853965	30.894803728993082	30.894803715787504	30.89480368982683	24.655831024596864	24.65583106947588	24.65583106947591	24.65583106947588	24.655831049647475	28.2558618823592	28.2558618789904	28.255861892465447	82.77595861339341	25.947677583643525	25.947677551569484	221.44393668137914	101.60571545019928	6.602773631655566
10.142954961339143	10.547761206454169	12.899458193685575	19.77675746636217	25.46243654233905	27.01249382867556	28.78606809998118	34.24016530082338	4.195436580354681	65.61902929415459	65.61902927263327	65.61902929500692	65.61902933818561	30.894803563065892	30.89480360391758	24.655831007777067	24.655831043384836	24.655831045472382	16.482439950232504	28.25586187997797	28.255861879977914	28.255861730315672	13.10051519620339	82.91372115739233	25.947677562684618	25.947677562684618	25.94767752696606	248.5653402831893	89.18892530478666	255.0
1.081852616077697	10.08552863834069	10.679563879935131	12.57408934054672	1.717721788267255	21.02161815896386	9.330597207651039	32.57536585338528	34.24016530082338	0.0	32.57536585338528	14.214236831995947	65.61902927263324	65.61902933818561	8.19095797599445	32.37397077665872	32.37397078216728	28.255861872252922	28.25586187997797	8.777006892118663	8.168565427284165	1.5955374778533837	11.983179055864923	0.3586278653239958	9.562413569130882	25.947677529339302	25.94767733279764	10.521561488441847	123.77247604615059	0.0
