254.7668993775076	254.3781435762963	254.9443427938179	254.66650444628456	252.2635814544531	252.25546059194713	250.36136040471504	249.78070175438597	244.8	244.8	250.061088019055	250.44642857142858	242.08466068832425	236.86666666666667	254.6876047921425	244.375	246.5	239.83373253138126	246.5	238.60714285714286	249.20454545454547	90.13886738257477	240.9765209367338	240.97652093673378	251.73375070432806	251.71136931499325	254.111306071535	254.63692701363308	254.8736528323684	253.96058614644724
254.68996355100066	254.93225400874636	246.29759608485688	242.40740742	251.67887668406593	250.3613599444253	249.20454545454547	248.36699438276986	242.97599153417468	247.5944319836407	253.54082484575278	234.92711374499999	150.62207146126588	243.4090907707903	246.88636349608728	253.83165924575604	195.66256830601094	229.65648830934504	242.02401372212694	234.78604134379503	243.5486203465464	227.45211207115233	213.32314267159325	204.20476144566308	234.6418802353702	240.9706008143122	234.6487511478763	253.94617346938776	254.63692701369897	254.7602957951194
254.76734804562636	254.55729166666666	251.67597766108048	252.96	227.54798063576987	248.3669944114864	238.9022836921903	238.90228377337058	242.57291162490188	239.0625	236.24170813913926	231.1701077369887	236.85204948107534	224.58366556516214	232.33160686208743	252.738339839737	240.41383250700355	237.13641950020485	226.8390907536168	186.07620024292203	220.72321213243094	240.20309477756285	237.77027028633583	229.5	231.70490789700978	239.3549592340704	251.77401306773197	254.32563406551316	254.42141261506524	254.96925318741933
140.2177684328748	254.71666666666667	224.93448351310875	175.83195172284138	166.81291121311847	246.13899613899613	236.11111114062498	242.5729115954659	241.25236245831292	91.79999999999998	250.75883575883574	162.6610049539986	233.75	248.02877697841726	162.6610049539986	198.33333331997687	189.73070362959643	250.73374899346175	213.47432148338766	213.78742029775037	215.0255060222105	218.5383239731392	242.80428024352955	230.0204081632653	229.5	249.51423734103693	253.62699604942608	251.77401306799328	252.55301957517702	243.11827956989248
0.0	191.34613902459444	243.666085624979	74.82403242635175	185.8990793403503	230.76923076923077	232.44453637529375	241.15384615384616	233.26704547499418	223.56065549779683	232.10702080130147	236.53846153846155	233.75	199.65188644026745	208.163265405	159.375	181.28846924833988	195.2728285077951	195.2728285077951	200.76087536883048	226.83909074606916	226.83909074637552	231.92307691258267	216.3461538363644	173.39999999999998	234.18367346938777	249.76084812623273	251.77401306686312	254.37831502603942	228.888
0.35306148527254777	225.14983263911634	70.06858879792512	251.8604487723358	254.92516956875056	56.458053262308425	178.23735127499998	233.2670454863546	227.0908154458565	207.83955348798995	16.281576732957717	212.5	234.9090909090909	204.0	204.0	187.0	208.83343587534435	181.2884691954601	181.2884691954601	220.89191197443245	223.16342107417515	163.20430599052312	194.55555555555554	215.3716216216216	153.0	153.0	208.16326530612244	254.88393263541192	240.6724279835391	244.61575832030627
202.53734648940704	254.98398836955693	78.06742915199939	170.74463091007814	178.23735113097945	178.23735116789447	228.6788450582478	227.09081560592492	206.0169491620655	212.50000010625	214.46176166652586	184.01380421052633	192.9444252675181	192.9444252675181	244.17289280007202	139.80316288103103	135.16487945102557	181.10657710571712	181.1065771071325	187.70947672320477	176.93578088880872	181.28846924833988	206.6135801242971	206.61358012375135	219.74496640608305	179.49720670140368	232.05	253.49112426035504	226.3741346383385	244.61575832060902
250.66432234966862	29.749704371199243	118.4261427963097	178.23735102	178.23735110500002	178.23735111252194	178.23735113455692	219.895372239123	205.09986336721607	206.01694898906206	190.8199153710995	195.87894934831223	241.64543524416135	192.9444252675181	180.19123899619797	208.44358262185	202.9483429658414	137.49087747381566	190.34569950483348	176.9357808768877	206.73547765977594	235.3846153846154	150.78202414192464	107.57693860302297	183.68644065379203	183.68644067796612	164.39560439680875	210.3803699523622	226.37413463560506	214.2
74.95494257996509	190.011495133538	0.6020586203861171	215.76923076923077	215.76923076923077	196.68928691005368	219.895372239123	219.89537204815213	219.8953721434029	178.23735101999995	204.07715374598615	195.87894924697804	174.5446981728928	241.64543524416135	162.27303808474974	241.6454352441614	197.8746609705555	172.04090260714082	93.72383933791295	110.75021661338337	175.18899877276715	204.29394812680115	193.60465116279067	150.78202413306406	175.22550990521586	170.0	153.0	164.18511066398392	179.44444444444446	222.30769230769232
238.64859563673588	222.0248138852853	248.34073059457432	196.15384615384616	221.88642687311972	186.08927052513167	219.89537204633947	219.89537200052672	219.89537204815213	219.89537214340294	204.07715375241426	174.54469788131163	174.5446976024586	174.54469790647534	162.2730381179472	174.75504241635235	174.75504241635235	169.39521208883104	178.04901613816048	178.04901613280177	178.49999998557502	173.57789703169547	173.57789703315092	127.5	91.6946695854287	188.48139930761434	137.9812695109261	141.66666666666666	175.72924708804672	252.9345
73.56011045137842	118.0185753276829	0.869056209377959	186.0892707540482	186.08927066430186	186.08927064011823	186.08927062205782	219.89537108242192	219.89537194994773	219.89537164105403	140.250000014025	174.54469765873858	174.5446976024586	174.54469796789562	174.54469802066797	145.47155575022526	145.47155575022526	240.24296988277047	130.84955361793453	178.04901608668652	178.04901608781816	74.79178091852685	71.58002900272305	71.58002901353967	234.02710692978698	91.69466959000778	175.03199999999998	139.18950850661628	179.44444444444446	254.07575087827587
109.4881828266956	12.166062746244933	196.15384615384616	108.78550413765765	164.1671677880119	186.0892706280264	177.13649757979863	177.13649770470403	186.08927055606267	186.08927069116817	140.250000014025	160.6598903568962	205.29143435232794	205.2914343925163	238.7484566967954	238.74845773540957	238.74845766360693	238.74845959723308	238.7484580883911	159.33903790494566	113.53949195986908	113.53949196720342	113.53949195986905	113.5394919796596	113.539492085923	124.04848484848483	141.66666666666666	159.98174174174173	159.8319892473118	254.32563406551316
74.95494257996509	194.2674012294443	194.24785373032108	155.65596279056598	174.0645796934601	174.0645797798785	164.16716718453165	164.16716729272787	164.16716728511167	164.1671673354017	164.16716740492876	145.714285605	106.25	134.09662532488616	149.17488765764668	149.17488768738963	141.46750175977763	238.7484571055874	238.74845769527005	238.74845810080097	113.53949201924067	113.53949190784365	113.53949194007853	113.5394920310604	113.53949190049744	153.38107098381073	123.00480769230768	243.66918763287148	124.44	49.587670047521414
22.88267054234109	169.76514915475138	141.4605080995026	141.4605080995026	174.06457962641534	174.06457957526098	174.06457957526098	174.06457959977377	164.16716722720582	164.16716728644678	204.0	123.31856626171214	140.9605332114484	142.82928874036958	142.8292887897398	134.09662532310443	150.33976393741136	233.20477206420105	114.68187449728651	125.59701492537312	112.37288134384517	113.53949183948953	113.53949196720345	113.53949193018326	113.53949190049741	84.99999999999997	113.33333333333331	237.8629890224991	7.376539125523777	107.93023255813952
0.44125885509492946	167.27740032441693	141.46050809950256	141.46050806981674	141.46050816051047	141.46050816051047	174.06457956016368	174.06457947295218	129.0647925905609	76.05555890942463	106.34883601269303	140.9605331234972	110.34839915827905	112.17071121026021	112.1707112596304	113.37981529985746	117.50476655353518	226.80694583498396	125.59701491600023	52.15909087945508	52.15909090909088	80.9354205270478	80.9354204002262	113.53949183948953	113.53949183948953	82.25806451612902	83.15217391304344	155.62270980151766	49.587670047521414	80.14285714285714
0.44125885509492946	167.27740033679703	141.46050791407703	141.46050805992147	141.46050803279653	141.46050803279658	141.46050809215635	118.74822915504242	179.67131906345548	99.51404332668434	92.24086916322355	117.44375140205685	129.32239813758468	221.6291138053904	221.62911405060575	113.37981532809462	221.62911395592994	221.6291140642042	221.62911391342158	105.82511231261034	80.93542043983632	80.9354204134296	80.93542042473902	80.93542037358463	80.9354203065399	112.20000000000002	83.15217391304344	113.33333333333331	50.806252099826764	250.89573517120812
167.277400676434	167.27740033956917	167.27740029528698	141.46050796893962	141.46050804013095	141.46050804013092	141.46050798075933	100.12237782038858	96.60471721865815	96.6047172207004	90.61599801755392	91.91029508725103	221.62911395237967	103.14292878420966	103.14292875685635	124.25090935747264	124.25090940843455	105.82511234235332	98.18561324349142	52.91246305110354	106.63636363636365	43.23672285145136	80.9354202201215	42.5967442308704	79.33333333333334	84.99999999999997	146.21449586234235	11.971634463698479	16.220807867961213	131.87300619088992
139.03703095246834	167.27740037830705	167.27740029411245	186.66158461210168	141.4605080203404	150.61481487220442	101.33796076897164	100.12237783417177	96.60471720772563	85.33022114357715	89.88545447522304	96.60471718004806	96.60471719540101	96.60471722959068	118.74822925397154	119.78215000806173	119.78215001302519	65.47430117833369	98.18561332048333	52.91246298087228	43.23672269752447	35.10462785659706	35.10462805005227	35.10462835894597	35.104628917578054	74.375	255.0	128.18540449767673	45.63840994528417	0.0
139.03703093928408	139.03703093488934	167.27740032296032	150.6148148617214	150.61481482929682	150.61481488194318	150.61481492238667	91.85027842845739	66.3400234098138	83.17434355779187	89.88545447522304	88.91492119126411	96.60471718004806	96.60471721730067	88.35148491916445	88.35148492336475	88.35148492870235	65.47430121589778	88.3514850353454	50.92284624758574	35.104628107771504	35.1046279518479	35.10462799947331	35.104627953660525	35.10462776087701	74.375	255.0	244.40099466438815	254.99615293851252	29.93654701159801
139.03703089392366	139.03703092269996	139.03703095147625	48.26781203322804	150.61481480784303	150.61481492489753	150.61481445092681	101.33796072677532	80.50720398364558	91.85027842845739	91.85027841500857	91.850278382683	91.85027841365005	91.85027841365005	91.85027844461717	88.91492119126411	88.35148493214913	88.35148491897263	88.3514849379876	50.92284625401382	35.10462785659712	35.1046279518479	35.10462787388613	35.1046279536605	35.10462776087701	255.0	255.0	125.46663485740518	94.68013714882213	254.67807380726052
26.309043505451484	139.03703093928408	139.03703093229205	100.0521093628353	48.26781180431158	48.267811874670144	109.90596031845979	78.41483644826943	90.04949915521695	78.25387324038817	91.85027828588107	91.85027828588107	91.85027840913116	91.85027847948496	91.85027841500857	91.85027840974936	83.17434355779187	91.85027846880388	88.35148494777812	64.29101951709387	35.10462776087701	35.10462805005233	45.12100265651941	46.79337187680525	56.488583517530316	26.260855958389385	51.0	51.0	115.11601837772324	178.39871212980484
0.869056209377959	108.28624857065597	139.03703092269996	100.05210938679087	100.05210941070834	48.26781186617356	48.26781189710451	69.13873418980691	76.17469895341677	122.78587896600683	122.78587895907037	122.78587909161271	91.85027837466205	91.85027840155973	91.85027837466208	91.85027842845739	91.85027840155973	91.85027846880388	91.85027844461717	71.60549619214567	71.60549593447925	81.44066383343193	71.60549604303992	64.17547328370907	48.281656181718745	85.82266983291206	51.0	51.0	242.8910650980511	3.287065818830939
112.82603105762448	24.712053314999963	55.47249325867119	139.03703092609982	100.05210942266703	100.05210941790725	48.26781189348836	48.26781185407657	48.267811884079265	88.063313895	122.78587896303452	122.78587890348263	66.31053590121172	86.15972735290808	91.85027838268297	91.85027837466208	91.85027841365007	91.8502783962162	71.60549592045058	71.60549591285908	71.60549591285906	71.60549591285908	36.38021341302937	36.38021343499997	36.38021341302937	26.70840451494348	85.82266983291206	9.97269528220869	49.05879590954817	26.984113952786544
138.33430901407223	24.712053392938373	24.71205331499999	24.71205331499999	55.4724933262963	100.05210944544314	100.0521093404594	11.181458407991187	11.181458442120487	202.89920928271926	202.8992092156957	202.8992091944302	122.78587898041519	66.31053594044656	57.272935420874006	57.272935447645324	86.15972738068976	71.60549591285906	71.60549592045058	71.60549591285911	71.60549597656546	57.886889794061204	36.38021339249997	36.38021341302937	26.708404509648176	26.70840451656113	140.10294706507483	95.40965767628612	13.667352877847378	73.26507858376925
200.44494115063213	26.309043505451484	24.712053337565862	24.71205331910832	24.712053569999966	55.45141122291852	73.71153075166015	73.7115308045399	100.052109528051	98.68951438405159	98.68951460529317	98.68951443236412	202.899209214543	202.89920891487446	69.16021957528525	78.69125733049529	71.60549559264072	71.60549578267819	71.60549593447925	57.886889582299176	57.88688972611388	36.38021352000001	36.380213318083946	26.708404511961646	26.28525593050867	26.28525596160611	243.7033180955068	161.60915584923703	4.646116943324557	65.2596098369531
209.48593621582413	112.82603105762448	86.80475725718091	24.71205318218054	49.77533150631862	77.79370361040915	255.0	56.8357351219737	26.921066246994428	59.876191104212495	59.87619130625555	98.68951443236412	98.68951439536522	98.68951449348552	202.89920914216464	57.886889452307116	57.886889460769794	57.88688954921784	57.88688953896849	57.88688951730313	36.38021352000001	26.708404509648176	26.70840451494348	26.28525593050867	26.28525596160611	69.94802710171192	37.54600569256246	9.802860534088126	81.61665431810832	41.935446263683275
94.525755493005	9.525787648454354	131.86223310682064	6.5078368431094304	46.96371222022785	46.81733851433441	46.81733851433438	46.817338536837184	46.81733858184276	59.87619125402523	59.87619138269437	59.87619142719862	59.876191360897764	59.876191398800216	59.876191349999374	36.33629909442709	36.336299101266775	36.336299070783014	26.708404650731012	26.708404509661875	26.708404507000466	26.708404511961646	26.70840451656113	26.70840451656113	204.3177098185135	25.94767772596174	147.56129162967102	23.81396105688802	4.296393012132853	78.47308565057804
6.752187711844215	1.0149579609919783	255.0	0.0	0.0	28.474802431926605	46.817338460473195	46.81733852758967	46.81733852758967	46.81733850123459	46.81733855394472	46.81733854999351	50.167992010853965	36.33629910205187	36.33629903268741	36.33629906333047	21.91094009729676	21.910940010997336	21.910939992244323	21.910939982867802	21.91093999001714	26.02415924238136	26.02415926968058	26.024159342895075	185.3239164562707	25.947677583643525	25.947677551569484	8.543088246194685	128.5217465861324	57.48914993072401
10.134616739381585	11.936015078073268	12.450288105795977	19.77675746636217	25.520744352820202	255.0	30.39729939704526	34.24016530082338	83.83151515604055	46.817338559871644	46.81733852758967	46.817338536837184	46.81733858184276	36.33629909442709	36.33629903951413	21.91093994990416	21.910939984451687	21.91093998630683	13.328512010586792	26.02415925286593	26.0241592528659	26.02415918173051	30.704048922865496	20.283443501017388	25.947677562684618	25.947677562684618	25.94767752696606	181.85954990010055	200.3811786764922	255.0
1.1262282254003821	9.690371335146068	10.048429340672897	12.450288105795977	1.717721788267255	22.198303829214524	9.330597207651039	30.374465792951497	34.24016530082338	30.374465792951497	27.01249382867556	14.214236831995947	46.81733852758967	46.81733858184276	8.19095797599445	82.84461214868551	82.8446121829192	26.024159324278997	26.02415925286593	17.40611233440464	16.236915385252416	2.982107316744333	15.146323474100285	1.120885121827854	51.55725119257383	25.947677529339302	25.94767733279764	60.9340349575277	86.6764311122306	0.0
