254.3272176630355	254.97813786148149	254.60822234343198	254.7280809421803	251.7291247481619	252.6372926983173	252.3369975616812	244.0953947368421	244.8	244.8	247.97978903944374	242.85714285714286	249.84208242578225	91.79999999999998	235.06031825403363	212.5	136.0	225.7516837200365	136.0	233.14285714285714	220.22727272727272	139.8525659981883	252.66301680952728	252.66301680952728	242.24113376325107	254.77627064820226	250.6842039324222	252.84875430167526	252.85335371932575	254.27456853685737
254.9818757922165	254.83941690962098	253.03765089011608	252.63888887	243.24633698076923	252.33699480498038	220.22727272727272	240.76683079487978	244.1566516290421	245.03948604682446	144.28837102025375	246.969674895	226.93544952044806	243.4090907707903	212.11363624311724	226.31889015358794	251.9808743169399	242.90336458788522	228.90222984562607	205.45809443648096	225.46148680725878	228.31172894807852	238.17506901015213	240.27646597620003	235.93064719833228	240.91584251701198	250.5850853018199	253.1265306122449	252.84875430187975	252.56189750869112
254.59783033372983	247.91666666666666	252.8631284915246	252.96	0.0	240.76683087199456	244.30037072332783	244.30036949132847	229.9884509464388	227.109375	247.46376297244024	245.45837827670314	231.99066151779195	238.61765210519937	227.06449764857518	209.1716584217098	156.70012656384836	168.1892666939779	203.56183999949732	225.07941773632993	219.99363207906342	146.48936170212764	227.4324324477995	161.49999999149998	231.58698177635884	239.099179429822	244.43377899545206	252.30228646605272	251.39610314287702	238.35751686631596
140.2177684328748	199.46666666666667	224.93448351310875	250.80759908651416	233.12321788838855	246.13899613899613	237.955729078125	229.98845101806654	228.38523808794142	244.8	47.78883278883279	135.4236790775551	212.5	183.7677286742035	135.4236790775551	230.46261359241458	71.76591969684833	199.58184600672288	138.4226821567004	214.87391411759705	215.26215619747865	192.78628362463803	152.58529132135305	200.87755102040816	161.49999999149998	231.78275224501294	225.02752640227214	244.43377899622666	243.5127863390254	240.57650537634407
239.31044882870648	251.95102737430167	249.7843509100946	32.940503280077024	185.86440897902952	230.76923076923077	234.64119452436472	33.46153846153845	213.82812505206854	231.4770063045105	158.4546454921938	178.84615384615387	212.5	224.82993306655726	229.57063704	242.85714285714286	91.1840527907826	230.67371937639197	230.67371937639197	199.34043298901423	203.56183998394252	203.56183998568105	162.69230768494606	247.25274724650438	234.6	171.73469387755102	236.08084045584044	244.433778992525	213.66486732826306	253.368
194.34810134333577	184.79137774117825	212.11422465915288	158.21819637575177	31.528018681870776	184.66097042310378	178.23735127499998	213.82812507359017	203.6353001432221	219.4452345538241	40.21030329961141	191.25	148.36363636363637	204.0	204.0	51.00000000000003	201.45730590559327	91.18405274759539	91.18405274759539	187.34654039602162	182.85452547841794	228.15148063225556	234.85185185185185	229.72972972398648	247.714285707	247.714285707	244.59183673469389	170.3868912152936	253.40804755372656	237.31336377459087
248.3266890658553	142.15016315126363	226.99011218855583	1.6891279839787785	178.23735113097945	178.23735116789447	205.663905645329	203.635300130767	218.03693382303496	215.873879925	183.35567747190316	174.54092432691175	184.14221608560578	184.1422160856058	168.1952015484684	139.6130892321611	121.10205125397891	154.45978752260027	154.4597875237625	189.19726243090378	157.78452794620355	91.1840527907826	93.64798899457125	93.64798899971251	207.42281875714383	153.85474860120314	132.60000000000002	132.78106508875737	213.46951539746956	237.31336377451177
225.14983263911634	220.08724052819372	170.90437718651063	178.23735102	178.23735110500002	178.23735111252194	178.23735113455692	192.17876067701414	217.3274825013599	218.036933904479	164.95577479194338	210.00556939636317	156.10403397027602	184.1422160856058	201.5044668473055	80.80183697361036	150.8966859316828	186.75127942091802	180.34364442502738	157.78452785924406	97.15107212023227	78.46153846153845	131.08923371790874	211.88151867840145	165.10169487613618	165.10169491525426	221.64050235200835	80.4201257257414	213.46951539593886	254.7918367374
149.72678872942532	75.40191090668861	252.96936025806957	19.61538461538464	19.615384615384613	210.81337730670788	192.17876067701414	192.17876034741144	192.17876045176257	178.23735101999995	198.20641519284624	210.00556936244828	164.4540207274873	156.104033970276	198.20637039433313	156.10403397027608	112.50619391197134	171.8273606704648	211.89713300026386	182.8751083066917	137.52138711135024	10.28818443804036	172.67441860465118	131.08923373456628	56.91898874546962	163.625	237.9999999915	174.4466800804829	164.37391493055554	217.74711538461537
243.89406979826913	9.949143655973899	118.04276077524474	196.15384615384616	188.77602132941763	145.77907817165195	192.17876029144713	192.17876029523595	192.17876034741147	192.1787602005881	198.20641513156488	164.45402074762302	164.45402102340302	164.45402104749053	198.2063704045501	146.5511898273223	146.5511898273223	168.95471476635873	147.03095787989434	147.0309579120819	78.33081761569736	68.20811671977194	68.20811673103478	121.22784934125002	141.30732677279622	23.231566666029153	80.1942421162851	127.05729166666666	110.26835103303011	196.248
177.897878604587	236.07221653576315	214.0696611900298	145.77907817165195	145.77907808376273	145.77907803167864	145.77907805172396	192.1787595203131	192.1787600986636	192.1787602005881	220.3928572450393	164.45402117600497	164.45402102340302	164.4540211220417	164.45402117600514	173.80061535239435	173.80061535239435	149.87124656103552	183.32170637602087	147.03095783774006	147.03095788040173	116.69056785669781	115.53563865970506	115.53563852302952	223.40462838644987	141.30732674164983	39.16799999999998	32.176275992438576	71.67494032118057	251.60489123343572
251.196874481592	22.879770975198397	196.15384615384616	213.92228836119608	134.92552669983712	145.77907805534517	192.97378913521547	192.97378898784518	145.7790779917599	145.7790781263448	220.3928572450393	150.65783665986555	108.08888718536778	108.088887201832	143.5530982292056	143.5530988526954	143.55309919601757	143.55309967942412	143.5530996535697	159.62378332410913	94.8223102419428	94.8223102483737	94.82231029545514	94.82231028218936	94.82231036106381	20.193939393939417	50.358072916666686	29.421741741741698	29.394201228878615	252.30228646605272
163.5897593929645	138.4777707241397	13.619868011328208	155.65596279056598	179.17733442518784	179.17733467572378	134.92552639809696	134.92552647917762	134.92552649867702	134.925526548967	134.9255265408837	174.47368413	212.5	179.55999221836373	125.22725888973397	125.227258918633	141.27567639086772	143.55309696322882	143.5530985774337	143.55309863740808	94.82231036268249	94.82231019202865	94.8223102373712	94.8223103152454	94.82231022822785	16.004981320049836	20.02403846153848	253.04779961102753	252.96	253.08323059981964
113.85170691610602	169.76514915475138	160.17768977177218	160.17768977177218	179.17733442922633	179.17733440786424	179.17733440786424	179.17733440913332	134.92552647917762	134.92552649974633	102.0	26.921066422896786	140.9605332114484	113.23420146964742	113.23420149196446	179.55999221957325	140.58895284789662	129.11243410508501	85.30539153629084	41.86567164179101	30.25423724747921	94.82231011463034	94.8223102483737	94.82231020832916	94.82231022822782	74.375	89.83739837398375	99.78185273817539	148.5377202213716	107.93023255813952
214.21945206796659	8.731528031414541	160.17768977177218	160.17768979167082	160.1776898853697	160.17768988536966	179.1773343695233	179.1773343651401	160.88554189423417	183.35567747190316	107.67534356522853	140.9605331234972	120.07318679821515	141.76579850803552	141.76579853035258	192.65275142798774	120.1710320156067	118.56579483636693	41.865671619636885	88.48880611449502	88.48880601988637	75.8226656348599	75.82266559086665	94.82231011463034	94.82231011463034	43.870967755645154	16.63043478260869	3.755056558403396	253.08323059981964	80.14285714285714
214.21945206796659	8.73152804552069	160.17768963893622	160.1776897626288	160.17768975162627	160.1776897516263	160.17768980797132	48.68577178954044	77.30725391540136	98.84093128344492	99.92594240867314	110.2816152552505	151.90162119235669	101.13620598504113	101.13620609694047	192.65275142242194	101.13620615136301	101.13620615136307	101.1362059553689	129.77274108136697	75.82266563047673	75.82266560407001	75.82266559213576	75.82266557077367	75.82266557481216	20.400000000000006	16.63043478260869	89.83739837398375	50.806252099826764	33.101549386564784
8.731527656174563	8.731527937604568	8.731528106632453	160.1776896847546	160.17768970454486	160.17768975805717	160.1776896373175	76.94427096713287	86.47818152792527	86.4781815257316	92.56251519136464	77.75888586201827	101.13620618086512	46.07448715596968	46.07448719689387	37.29105837092999	37.29105839341943	129.77274111026605	29.887578761291508	102.89508402659274	9.27272727272728	75.30236199846703	75.82266532427624	75.62467867282137	11.333333333333343	26.5625	41.07771163880389	10.38327851655751	100.76270546851032	211.44041921769198
139.03703095246834	8.731527857851972	8.731528219034516	143.45977619667798	160.17768971781064	54.431305929031595	77.66797978515402	76.94427094464683	86.47818149869357	99.07540700677819	94.71404886627016	86.47818154149653	86.47818151471412	86.47818155715694	48.685771891218366	36.23129140940645	36.23129142005999	123.58752267790709	29.88757878607845	102.89508403978289	75.30236192070251	62.8212397994119	62.821239901336355	62.8212397994119	62.821240479686935	10.625	36.5581561143874	190.9299216003292	39.841963379254	0.0
139.03703093928408	139.03703093488934	8.731528023705607	54.431305929990884	54.431305929031595	54.431305919446345	54.43130589835724	66.91755384040812	85.71193218594726	88.62632061061524	94.71404886627016	86.73433490062484	86.47818154149653	86.47818152364161	58.9470660233529	58.94706604372658	58.947066034573766	123.58752264648649	58.947066144582664	56.79358486843512	62.8212397994119	62.8212396525885	62.82123970476408	62.821239708552866	62.821239901336384	10.625000000000028	36.55815606810825	248.28943176992655	32.30470555132729	248.62582479382831
139.03703089392366	139.03703092269996	139.03703095147625	145.77907817165195	54.431305929031595	54.43130603027768	54.431306131485	77.66797981222206	81.90303667694519	66.91755384040812	66.91755382490405	66.91755377351862	66.91755380921808	66.91755380921808	66.91755384491762	94.71404886627016	58.94706604958745	58.947066040796216	58.947066040796216	56.79358480715376	62.82123954823746	62.82123965258853	62.82123970476408	62.821239708552866	62.82123932298586	36.558156103447885	36.55815606335727	0.8445321432513424	83.57999474344712	7.592239351237339
149.9919158334981	139.03703093928408	139.03703093229205	136.11272018028114	145.77907817165195	145.7790781263448	114.30246911641271	78.17221653614669	80.34985295203151	78.45046272483515	66.9175536767167	66.91755387032055	66.91755381491609	66.91755387032055	66.91755382490402	66.91755381951467	88.62632061061524	66.91755388692042	58.94706605701538	15.604574966209299	62.82123932298586	62.82123961216115	22.970038164002574	13.64639528334763	7.534740318687881	51.01316473153838	204.0	51.0	104.82964852394772	86.67776647184212
16.65437612199284	60.66363235609373	139.03703092269996	136.11272005624153	136.11272003523146	145.77907805172396	145.7790779917599	68.9317454010359	75.66515809994252	112.64099283467783	112.64099296850793	112.64099275537953	66.9175537503647	66.91755380939995	66.91755377839172	66.91755384040812	66.91755380939995	66.91755388692042	66.91755384491765	19.789598029329966	19.789598040961238	6.425598461837097	19.789598127316168	10.412592267435485	6.440057775081698	66.16387543540932	204.0	51.0	60.186412200630116	205.89625858704557
64.58380336909639	178.23735127499998	159.1656342110451	139.03703092609982	136.11272002472646	136.11272004127105	145.77907808376273	145.77907803167864	145.77907805534517	111.70237081499997	112.64099282530879	112.6409927673561	66.17847448369633	57.684188777165986	66.91755377351859	66.91755377839172	66.9175538092181	66.91755384491765	19.789598037084204	19.789598040528972	19.78959804052886	19.789598062225792	4.520835628027754	4.520835585000015	4.520835572655244	22.71499815704317	66.16387543540932	207.24166632547033	46.94314500590227	226.3278738398725
33.88220377222501	178.23735116789447	178.23735110500002	178.23735102	159.16563401364454	136.112719971766	136.11271999321133	20.38174782075251	20.38174786268729	79.49774312677658	79.49774312166048	79.49774306327913	112.64099276994904	66.17847448953935	100.98189790939497	100.98189788112242	57.68418878341177	19.789597997135303	19.789598037084147	19.789597997135388	19.789598052592623	4.127078064499841	4.520835585000015	4.5208355911127	22.71499820309748	22.714998188637082	21.479235177439392	41.79519123371125	222.88086218927856	235.78857345436646
251.2589846097809	149.9919158334981	178.23735111252194	178.23735113097945	178.23735101999995	55.97481610052006	163.8159472092174	163.8159472524046	136.11271976325085	89.90075658358504	89.90075668533731	89.90075659887285	79.49774315029529	79.49774331965395	69.67819095440035	76.39526772237701	19.789598029329966	19.789598127316168	19.789598040961238	4.127078166376833	4.127078358973193	4.520835585000015	4.5208355192459635	22.71499818472529	4.491809202336668	4.491809174345093	41.741498562291895	32.043457468073115	212.02548620701356	2.8342049579002833
13.595800642508834	33.88220377222501	6.965011641926225	178.23735113455692	49.85523497424575	47.85236083778392	52.28138060744453	55.69153807679109	140.9605331234972	44.79416296919047	44.794163069306705	89.9007565124083	89.90075654828183	89.90075657259419	79.49774298622188	4.127078166376833	4.127078211736489	4.127078260815438	4.127078209707463	4.127078231372849	4.520835329999983	7.245872308201513	7.245872360195989	4.491809202336668	4.491809174345093	69.94802710171192	37.54600569256246	154.17223261324563	48.59986380213914	78.12088520336141
209.48233116391378	95.17322235590072	66.10357715930175	82.96948977859213	46.96371222022785	75.73969100968642	75.7396910096864	75.73969101839538	75.73969103581342	44.79416292929449	44.79416296919047	44.794163069306705	44.79416304571154	44.794163108532985	44.79416308397194	7.8981248829504125	7.898124884437095	7.898124896409911	7.245872355886149	7.2458723133454725	7.245872358041055	7.245872313969414	7.245872315217213	7.245872249346178	6.562921269940745	25.94767772596174	159.9173474865956	125.19123819261998	247.19628766395746	252.1793677010707
56.688653428565374	9.516717339892097	32.57536585338528	138.4777707241397	155.65596279056598	196.55360670958635	75.73969093130549	75.73969100329228	75.73969100329228	75.7396910128806	75.73969105826782	75.73969105187564	27.42969990839248	7.8981249276787935	7.898124885180437	7.8981248866326155	10.621385935804	10.62138584698468	10.621385865737693	10.62138584698468	10.62138581705409	3.2339267475797158	3.2339267471941753	3.233926566325124	14.214236831995947	25.947677583643525	25.947677551569484	27.34637203223491	42.68299073628393	57.48914993072401
10.14007252466061	9.638702020143938	12.335634641305887	18.156002412456957	25.13735817361942	34.24016530082338	30.067483215685343	34.24016530082338	197.41229054437125	75.73969100329228	75.73969100329228	75.73969101839538	75.73969103581342	7.8981248829504125	7.8981248026032915	10.621385900900378	10.621385879126933	10.621385858436014	26.729191370498	3.233926777837098	3.2339267514303742	3.2339266996214917	52.10880364579657	20.283443501017388	25.947677562684618	25.947677562684618	25.94767752696606	200.3811786764922	0.7341261326895676	255.0
1.095043348217473	10.098493034561471	9.539002770038536	12.353748687435512	0.2750347166196434	19.48010005803127	2.755932010396407	27.01249382867556	32.57536585338528	39.19820460146647	27.01249382867556	14.214236831995947	75.73969100329228	75.73969103581342	21.479235177439392	17.968775279565563	17.968775504414566	3.2339267464230943	3.233926738227069	11.589561035458814	10.79424717213601	2.567543900695256	4.532693493619888	0.5824076127130127	0.0	25.947677529339302	25.94767733279764	170.68369306599584	0.3530612206520516	0.0
