254.7699958120416	254.65020575851852	254.68933930548417	254.2253904749904	253.33249494399723	249.97678580228364	248.00635665568132	223.77741228070175	244.8	214.2	254.06679248662397	250.44642857142858	247.79681131670256	253.86666666666667	190.15627606722614	225.25	240.125	227.94305148224234	240.125	193.8	249.20454545454547	241.76478383234368	246.39736836887775	246.39736836887775	216.53983549822348	253.41991858496868	231.31259876045726	221.1739977578858	245.97378026615988	254.46353072669748
254.99580668542393	251.4748800000227	254.14455535474647	245.55555553666667	250.0572344478022	248.00635925732885	249.20454545454547	238.27902197545242	237.04284315448098	253.06979282869162	125.1068990231906	243.788927295	186.2306637621419	212.11363624311724	236.45454532019627	178.31968487347208	195.66256830601094	239.75716421595118	206.15780445969125	209.1699161253251	180.3059212270998	229.48216420466974	245.45581119854106	250.44895724067686	229.5333066166021	240.9900630371775	254.24692431813222	240.312	221.17399776583096	222.57544303261184
253.28094293234096	251.52916666666667	246.45251396609842	252.96	237.78132198899715	238.27902212159285	233.36842889259154	233.36842694414727	226.1380872553576	195.234375	35.38777171605528	241.68110773302539	249.18304102572216	234.4979633384058	246.4923456670128	153.25529600185448	103.04959928752783	133.088897992626	125.24073746210703	244.71203073439412	220.16591477446633	116.8955512572534	251.06177607135552	191.25	231.37905738158292	239.55783077460993	188.67551677604678	245.59976019584008	199.06253835812086	194.06442660271912
140.2177684328748	254.13229166666667	0.0	161.8238552919001	205.95955653050663	47.78883278883279	226.888020921875	226.13808732797023	224.59542435381692	91.79999999999998	229.62874962874963	201.29563461239707	233.75	158.5874614594039	201.29563461239707	205.92522718482917	242.4261912861046	143.62773288021725	247.00028243140787	214.78453269355407	214.82239056736623	163.7522975089364	96.92025037222396	126.7714285714286	191.25	207.18466069221338	196.25064828030168	188.67551678072033	190.51934693877553	249.75399754992318
239.31044882870648	0.14888094036874122	20.366172762852074	6.998209945489094	187.25776088494086	33.46153846153845	221.4888813904986	203.0769230769231	208.27414773124886	216.43487004519602	253.6774063504819	146.53846153846155	233.75	217.34852904642935	223.23529413	159.375	121.77710222084417	208.24053452115814	208.24053452115814	200.5571524071733	125.24073741961053	125.24073742616787	242.30769229672816	190.38461537600068	225.857142879	235.57142857142856	139.5337497260574	188.67551675748481	156.8043846335898	251.6693877576
1.429078307139548	44.55097825387446	23.755991279330004	144.67809400117162	116.81591740072696	146.21833077083824	178.23735127499998	208.27414775567374	197.1615495777624	197.59426830885485	150.27358893593203	148.75	123.63636363636363	204.0	153.0	238.0	232.50556938395403	121.77710222249158	121.77710222249158	131.46777136841553	148.53262795677855	163.20430599052312	29.340740740740728	137.83783783783784	196.714285707	196.714285707	80.14285714285714	215.18889394629042	55.305485139460444	248.08064071928342
254.78692907628846	210.78907171244367	168.39170378697037	1.6891279839787785	178.23735113097945	178.23735116789447	199.1878028736796	197.16154963011786	195.43109839910883	197.02533307500002	214.46176166652586	217.46768158738485	223.04798066965827	223.04798066965827	112.11753355390002	199.26626264764133	155.05204715663325	181.43498512562672	181.4349851504091	187.53703937023982	164.75976784548004	121.77710222084417	78.6967716986355	78.69677169842768	207.42281875714383	219.79249799713978	224.4	181.06508875739644	233.53269739407972	248.08064072000553
158.25078754703324	247.993620627023	131.5077130119403	178.23735102	178.23735110500002	178.23735111252194	178.23735113455692	184.79074447824598	194.34393320715662	195.43109796849794	120.06994374246716	159.4461369057118	99.97876857749472	223.04798066965824	194.68623947527936	193.4116488052154	167.90091845388486	223.59642191856756	130.0760231170492	164.75976782629772	56.42002582749103	117.69230769230771	164.56337299831506	107.57693860302297	195.72639222431403	195.72639225305085	186.41287284427773	117.68820084513564	233.53269738715997	241.67755102019999
58.272673671037325	91.33462903326352	253.80472881487626	156.92307692307693	156.9230769230769	184.3854706092963	184.79074447824598	184.79074409630422	184.7907440356314	178.23735101999995	218.41628369321552	159.44613689821045	211.34993188502372	99.97876857749469	188.15489307147652	99.97876857749469	83.38469322664653	171.60917212019228	133.08668178069433	168.79426600052776	74.17332687938952	133.7463976945245	21.97674418604649	164.56337304049626	86.2209135184732	192.767857144375	153.0	133.40040241448693	96.08384874131946	236.19358320384615
249.78912661220716	7.645637929729872	240.01959572459023	19.61538461538464	179.53919335481257	186.08927052513167	184.79074409267895	184.79074412664065	184.79074409630422	184.790743784457	218.41628363030586	211.34993137184938	211.34993119430536	211.34993079255037	188.154893010418	87.42706050574208	87.42706050574208	169.6460053377458	76.5834584552031	76.58345848604279	166.66540880784868	56.57638772429988	56.57638772477421	151.81331395874997	151.98540326711608	23.231566666029153	89.15712799167534	68.95182291666669	121.25574838038335	251.328
231.35320779582963	108.46433156228792	170.76845414907436	186.0892707540482	186.08927066430186	186.08927064011823	186.08927062205782	184.79074332154494	184.79074389989546	184.79074378445694	200.3571427970357	211.34992976871646	211.34993077761902	211.34993096406544	211.3499308545042	216.0328490839352	216.0328490839352	93.9921566301347	15.118547798678492	76.58345835655328	76.58345843480058	126.14868862146761	125.70481466230885	125.7048146427708	235.10976991963838	151.98540327470604	91.79999999999998	115.68998109640833	96.08384874131946	252.09141677670627
254.22331618658734	52.031053237594165	19.615384615384613	238.7496879259326	90.83283281546838	186.0892706280264	164.21412505811054	164.21412538074486	186.08927055606267	186.08927069116817	200.3571427970357	199.4473395754926	205.29143435232794	205.2914343925163	88.09936995887551	88.09937023591314	88.0993704422817	88.09937140909403	88.0993708085129	159.85229685458546	127.68513489279141	127.68513489847325	127.68513489279142	127.68513491060294	127.68513485746068	20.193939393939417	68.95182291666669	29.421741741741698	29.394201228878615	245.59976019584008
58.272673671037325	194.2674012294443	127.27672631889337	155.65596279056598	152.52193518913452	152.52193532614024	90.83283251372825	90.83283270727216	90.83283271488833	90.83283281546838	90.83283285715942	165.00000011999998	106.25	148.5762889481777	209.98639297353867	209.98639297259055	141.0187099716931	88.0993683464466	88.0993698236868	88.09937020939174	127.6851348392014	127.68513491897957	127.68513487497988	127.68513491897957	127.68513483935679	16.004981320049836	20.02403846153848	20.430390292635025	124.44	253.08323059981964
234.44000109264312	13.619868011328208	127.31486505361852	127.31486505361852	152.52193518038223	152.52193513179623	152.52193513179623	152.52193514175093	90.83283264175009	90.83283271355319	81.6	189.1592832044682	93.72383937307688	60.98591903424921	60.98591889619689	148.5762889592142	189.4085829098159	77.1866688245081	95.04494877888163	34.25373134328353	47.54237286377477	127.68513485746065	127.68513489847328	127.68513486607412	127.68513494638147	37.1875	153.41463414634148	121.33822833304006	148.5377202213716	107.93023255813952
16.666029681899147	96.45412770699764	127.3148651606432	127.31486513392589	127.31486514253936	127.31486514253933	152.52193514175093	152.52193503462422	150.2511818871568	76.05555890942463	106.16820241359585	140.9605331234972	112.1955868680862	194.01408110380314	194.0140809657508	83.6387000969325	119.45518798399132	69.94287786966763	34.25373134072737	97.51482204118477	97.51482209659088	102.47806496537578	102.47806485824907	127.68513485746062	127.68513485746062	49.35483870967744	66.52173913043475	253.83771515815633	253.08323059981964	80.14285714285714
16.666029681899147	96.45412770872369	127.31486514253933	127.3148651250201	127.3148651015267	127.31486510152676	127.31486508102043	33.382355528664476	60.45797929505159	99.83292342358087	99.65714692992361	111.44773415560013	144.39902807082842	56.02337607174624	56.023375851594125	83.63870014764348	56.02337580884438	56.02337586298154	56.0233757177962	45.01360702740942	102.47806485824907	102.47806485824907	102.47806486820377	102.47806481961774	102.47806481086548	51.0	66.52173913043475	153.41463414634146	248.62582479382831	180.9249314029169
96.45412756255686	96.45412774373949	96.45412768478849	127.31486508102043	127.31486510720858	127.3148651072086	127.31486516079862	79.69969649035812	50.23512443167414	50.235124452917574	91.53348246386733	61.06211464643181	56.02337547487676	105.98310163324601	105.98310166280817	26.76551183262646	26.765511794302057	45.01360702646133	24.28044092488298	66.99621489230333	9.27272727272728	83.55517430465292	102.47806467385979	84.22682954239772	11.333333333333343	37.1875	16.250312074067438	53.53530601042843	35.24460532443163	254.55410064655388
8.731527656174563	96.45412773265883	96.4541276335139	133.32929135564825	127.31486508939706	41.54828580543574	56.354006317522135	79.69969646351117	50.235124417541186	103.00532186166615	86.73433490062484	50.235124407378066	50.23512445588773	50.235124445807116	33.38235556941453	19.00233015803505	19.002330201389242	14.577563174913791	24.280441009920622	66.99621480553466	83.55517444793756	70.20925621554304	70.20925610010454	70.20925621554306	70.20925667845509	10.625	61.54312464535451	190.9299216003292	169.18405082924926	0.0
8.731527937604568	8.731528031414541	96.45412770074523	41.54828566788416	41.54828571962054	41.54828575863374	41.54828594013287	28.307774856181254	86.22745360046258	88.62632061061524	86.73433490062484	102.89366742805515	50.235124407378066	50.235124439717794	26.14369814511818	26.14369814351798	26.14369815821641	14.577563176055321	26.14369827198024	36.58371636969417	70.2092559643686	70.20925590369572	70.20925587335938	70.20925590732102	70.20925610010454	10.625000000000028	61.54312466606723	20.40490763681322	243.42181499921125	100.22164890045977
8.731527857851972	8.73152804552069	8.731528106632453	48.26781203322804	41.54828567671291	41.54828565573956	41.54828589183987	56.35400628782446	81.25260330218578	28.307774856181254	28.307774837494463	28.307774845671048	28.307774840297924	28.307774840297924	28.30777483492497	102.89366742805515	26.143698095410628	26.143698167571642	26.143698148556638	36.58371630678445	70.20925596436865	70.20925590369578	70.20925587335938	70.20925590732102	70.20925552175405	61.54312470324399	61.543124691208334	224.037198998347	249.83113403049788	0.0398883938849508
149.9919158334981	8.731527937604568	8.731528023705607	122.97877987995278	48.26781180431158	48.267811874670144	90.88499001751023	77.47447379667867	105.39429011544826	78.66382525038267	28.30777484567102	28.30777484567102	28.307774800120853	28.307774845671048	28.307774837494463	28.307774824178864	88.62632061061524	28.307774912241626	26.143698184412955	24.99631542116208	70.20925552175405	70.20925581092933	26.003240004039895	19.326099213019546	7.534740318687881	58.227618599090135	51.0	51.0	144.9370495630924	196.6887556356176
170.76845414907436	5.419299502783417	8.73152804552069	122.97877988597452	122.97877982763052	48.26781186617356	48.26781189710451	69.15926057667107	76.14957009961009	167.55606292037342	167.55606295510563	167.55606277555148	28.307774837488154	28.307774818807644	28.307774781434063	28.307774856181254	28.3077748188077	28.307774912241626	28.307774834924913	15.960473666170856	15.96047367555147	6.425598461837097	15.960473648019274	26.921066262410335	6.440057775081698	122.65719029592003	51.0	51.0	38.38743308534478	239.08100158428996
7.518509511807622	24.712053314999963	207.3801349155633	8.731528219034516	122.97877985750043	122.97877983624343	48.26781189348836	48.26781185407657	48.267811884079265	103.50742586999999	167.55606286523687	167.556062879021	121.2362726943461	17.570464966118323	28.30777484567099	28.307774781434063	28.30777484029798	28.307774834924913	15.960473672424655	15.960473691412886	15.96047369141283	15.960473713109707	4.520835628027754	4.520835585000015	4.520835572655244	10.383181051488805	122.65719029592003	248.26821358092002	11.894226510725133	73.7246003647013
64.58380336909639	24.712053392938373	24.71205331499999	24.71205331499999	207.38013494824222	122.9787798143887	122.97877971094258	75.8236239418703	75.82362393365912	42.74263185884132	42.74263193749411	42.742632033318785	167.5560628653101	121.2362725287654	4.863289214028612	4.8632892340636715	17.570464974395293	15.960473648019246	15.960473672424712	15.960473648019331	15.960473684932396	4.127078064499841	4.520835585000015	4.5208355911127	10.383180998872291	10.383180985995864	140.10294706507483	243.2679689045004	53.38227554721368	218.6932957437191
145.86352829220635	149.9919158334981	24.712053337565862	24.71205331910832	24.712053569999966	55.21005040503647	133.22289777915583	133.2228977775084	122.97877947692677	140.1952214587402	140.1952216948142	140.1952216083497	42.74263190036828	42.742631889273895	68.76971444264527	77.86914244478805	15.960473666170856	15.960473648019246	15.960473675551555	4.127078166376833	4.127078358973193	4.520835585000015	4.5208355192459635	10.383180984207769	20.132891641544603	20.132891540716486	85.2862134222878	52.55317699277177	230.64751286175382	215.51256144800146
30.672150554535108	7.518509511807622	180.7598131999786	24.71205318218054	49.885188826077126	41.90989276213972	52.28138060744453	56.912328328392704	26.921066246994428	90.94773947197405	90.94773943351964	140.19522157952818	140.19522155389112	140.19522160834822	42.74263181198978	4.127078166376833	4.127078211736489	4.127078260815438	4.127078209707463	4.127078231372849	4.520835329999983	10.383180998872291	10.383181051488805	20.132891641544603	20.132891540716486	69.94802710171192	37.54600569256246	249.84605002179634	215.84890183424477	170.99087557309466
251.2365638779412	250.55601542995075	52.933604553102214	11.570599833152727	197.41229054437125	54.70483763344839	54.70483763344839	54.704837643179275	54.704837736973104	90.94773935571183	90.94773947197405	90.94773943351964	90.94773943886648	90.94773951132746	90.94773942231271	12.903815491161453	12.903815397591387	12.903815387991841	10.383181196986584	10.383180983313707	10.38318097256402	10.383180984207769	10.383180985995864	10.383180985995864	3.603123976254068	25.94767772596174	0.008771680530429649	175.7995653432706	163.44694706224323	163.38849426881916
227.2960766539991	144.98258277955463	255.0	0.0	0.0	157.65802098999836	54.70483762020194	54.704837633232756	54.70483764937376	54.70483762401716	54.70483767473027	54.70483771315591	34.192399842667015	12.903815387991841	12.903815350806354	12.903815389046656	12.101974228427991	12.101974150752511	12.101974131999498	12.101974122622948	12.101974111182386	3.2339267475797158	3.2339267471941753	3.233926566325124	185.3239164562707	25.947677583643525	25.947677551569484	35.56676221911454	74.41351702139949	125.19123819261998
10.109780459249066	9.9359032400545	12.28172550929824	16.32927457636802	24.876618781010535	255.0	29.789166005830566	34.24016530082338	4.195436580354681	54.70483761709181	54.70483764937376	54.704837643179275	54.70483766264121	12.903815347162976	12.903815325454048	12.101974148082519	12.101974108108465	12.101974109133153	30.809925062301488	3.233926777837098	3.2339267514303742	3.2339266996214917	102.79109376835595	0.0	25.947677562684618	25.947677562684618	25.94767752696606	230.27077297838727	58.02851518555926	255.0
1.1006783047436386	10.494502936589953	10.133790263708505	12.28172550929824	0.5360213423215043	19.48010005803127	4.298189398792118	0.0	34.24016530082338	0.0	39.19820460146647	14.214236831995947	54.70483761709178	54.70483766264118	8.19095797599445	6.780563382372833	6.780563555869293	3.2339267464230943	3.233926738227069	23.347775568148393	21.814275880731117	5.453967135048487	2.633669246929969	5.292008729494768	9.562413569130882	25.947677529339302	25.94767733279764	215.68538240797682	67.44093390870208	255.0
