250.600848538952	239.45358939481483	254.99852462582783	232.62805697064613	230.88531189445527	204.95756177884616	179.58569351676465	249.78070175438597	232.05	226.66666666666666	253.4726488055928	242.85714285714286	230.52501640506503	214.2	241.52792757635314	246.5	248.2	250.61744380969964	248.2	248.85267857142858	248.04545454545453	244.24933030662834	254.98146226695658	254.98146226695658	236.02730788271413	254.99984150641686	247.01898958179706	254.98984583967234	254.98135041444772	254.4287360867656
252.9133363253058	254.99642745749247	232.11218964728275	192.03703704333333	236.11111113186814	179.58569253190717	248.04545454545453	188.40565512754094	181.69565013717292	252.1559585383006	55.68283505399455	217.16262978	150.62207146126588	243.4090907707903	246.88636349608728	234.0867398564837	138.99590163934425	206.26848236957503	250.22512864493996	251.4531194515993	213.39247505684028	228.1133173392719	183.41545026131334	245.15667032494906	235.31656552801783	240.54353267969373	252.62832297109222	254.85180564413264	254.98984583967453	254.99625462179873
253.78270285818874	254.71666666666667	237.43016759318124	248.115	227.54798063576987	188.40565523617548	142.88414157336632	142.88414110999736	163.07422630245503	239.0625	109.37352904337774	210.19907586593732	246.83224314549923	207.86861439896865	243.64047180465795	219.92624319725203	251.22362698297576	251.23924621056943	246.86437265238135	234.09059358523956	218.63007240628417	253.15038684719536	227.4324324477995	246.5000000085	231.49205857661798	239.07875604881556	254.70395476816236	254.9052388466086	254.98503751966373	254.99979360543824
140.2177684328748	254.81866666666667	224.93448351310875	56.458017721961966	59.97045321566924	246.13899613899613	147.5694445625	163.0742263911996	166.75280581614516	0.0	250.75883575883574	218.3857214368322	212.5	248.02877697841726	218.3857214368322	128.28948134813152	168.7186834373607	210.9693316969743	200.106038925663	214.9996168012432	214.91106208610987	239.15441153634862	253.0382789452031	248.75510204081633	246.5000000085	253.0068192817421	254.9174132962061	254.7039547682188	254.84706372344857	254.83041414650538
140.59791759160635	12.643329817525029	207.57916533137978	183.87045119770897	120.67044761024653	230.76923076923077	130.92779881369984	241.15384615384616	133.2954545000129	134.1405484334584	118.39518774231504	236.53846153846155	212.5	171.1723599180309	183.529411665	104.73214285714286	224.40695067628167	252.91759465478842	252.91759465478842	201.11537952653913	246.86437265172225	246.8643726507965	231.92307691258267	216.3461538363644	153.0	247.19387755102042	254.5743189102564	254.7039547681151	254.97846995072172	214.2
46.729738638726815	54.3766269830347	226.740911900818	48.551487895462515	34.2978626881588	209.5408696434548	133.33408022999998	133.2954545636312	117.5503946141992	97.23889770778857	137.23944723601204	212.5	234.9090909090909	178.5	170.0	153.0	227.04900166794235	224.40695052510378	224.40695052510378	169.91768328090308	238.00346943269875	175.27701890577995	236.11111111111111	229.72972972398648	127.5	127.5	241.33928571428572	254.88393263541192	253.6008230452675	254.52328458613306
10.064894911717829	165.91756715052298	39.802942762227104	247.66928806858547	133.33408004696048	133.33408012079056	116.81229668948572	117.55039426598398	93.64406787755675	106.24999989375002	183.35567747190316	209.28952374828384	215.83016914049017	215.83016914049017	181.65411837080717	202.0627221557886	176.6780761416174	105.90990127393178	105.9099012674692	187.3996955469725	190.187506685416	224.40695067628167	252.57458988506428	252.5745898843971	247.46979861619633	237.19273742685485	250.41	253.49112426035504	252.26068274051087	254.52328458614696
67.40616067247339	230.34378383405908	5.744873433764923	133.334079975	133.33408006000002	133.33408006541805	133.33408006795173	101.8424724691881	91.8705724101685	93.64406767122236	190.8199153710995	127.80500377202151	170.36093418259023	215.83016914049017	159.19502202289385	213.35867437267314	208.44358262185	201.81123828206526	215.4074885136454	190.18750666289884	240.1335613264482	235.3846153846154	229.98914697909166	126.96560730698769	242.03389830068946	242.03389830508473	233.75000000171246	254.73181289227566	252.26068274024928	191.25
28.29567016402234	22.27008888159577	144.37911632478625	215.76923076923077	215.76923076923077	75.92584050332957	101.84247304753862	101.8424724654179	101.84247243197976	133.33408022999998	114.76928846518888	127.80500369732482	202.1781827673889	170.3609341825902	122.25558733517366	170.36093418259026	234.6635836943489	170.65360850576076	74.68777076672924	93.72383933791295	215.09449938638357	243.97694524495677	240.69767441860466	229.98914702886458	252.36282677372614	241.71875	170.0000000085	241.14688128772636	254.71177842881946	253.33984375
55.47162870051389	108.90092301222427	6.119906112987621	196.15384615384616	81.5453138437218	145.77907817165195	101.84247246918812	101.84247248213703	101.8424724654179	101.8424724319797	114.76928845056449	202.1781826563605	202.17818294001728	202.17818259000848	122.25558725359323	126.14498093832546	126.14498093832546	163.34660309674584	218.39817277607472	218.39817277441628	220.78815994672573	246.3189669629381	246.3189669650035	223.125	224.75591392173519	253.03444714343095	252.61186264308012	252.23307291666666	254.7688899332013	254.91738
13.778630707606538	28.847102155408948	58.620452993504955	145.77907817165195	145.77907808376273	145.77907803167864	145.77907805172396	101.84247189083754	101.8424724691881	101.8424724319797	70.12500000701252	202.17818230305065	202.17818252333095	202.17818271976924	202.17818266498006	190.51766474109849	190.51766474109849	164.4708733767806	185.59779062311293	218.39817276622165	218.39817273939389	202.24721374149715	206.83299078112412	206.8329908123791	253.72827491996463	224.75591393295917	254.898	253.07183364839318	254.71177842881946	254.91796758243018
8.613431858723345	10.283300044224006	196.15384615384616	74.40710559785123	164.1671677880119	145.77907805534517	67.21464763784292	67.21464779728305	145.7790779917599	145.7790781263448	70.12500000701252	189.3524854941537	195.40053101052433	195.40053103478914	158.45301417678428	158.45301511475571	158.45301466019006	158.45301562700283	158.45301597696528	158.7013442419546	211.60522276114415	211.60522281385605	211.60522281465649	211.60522282072748	211.60522279987705	249.23030303030302	252.23307291666666	253.76660660660662	253.52906586021504	254.9052388466086
28.29567016402234	138.4777707241397	194.24785373032108	110.95474892207613	64.2420572854009	64.2420572957806	164.16716718453165	164.16716729272787	164.16716728511167	164.1671673354017	164.16716740492876	119.999999925	63.75	235.98855625964893	125.22725888973397	125.227258918633	141.09889638148687	158.4530132252892	158.4530148762952	158.45301462735566	211.60522283286946	211.6052226976288	211.6052228085855	211.60522282084554	211.6052227964435	247.6961394769614	247.13341346153845	207.5921440603999	0.0	156.321649120114
25.93985127551707	169.76514915475138	43.394777203556515	43.394777203556515	64.24205727280321	64.24205726514407	64.24205726514407	64.24205726544298	164.16716722720582	164.16716728644678	204.0	93.72383937307688	107.77568139329088	93.88924537684085	93.8892458170009	235.9885562561018	178.99241972203743	143.80659128780837	140.47083060851722	228.3582089552239	229.06779660797184	211.60522255344358	211.60522281385605	211.60522280555	211.60522279644348	228.4375	175.52845528455285	182.85516815663362	84.66536604084993	107.93023255813952
38.70289315363749	167.27740032441693	43.39477720355649	43.39477719445	43.394777200122945	43.39477744655639	64.24205726544298	64.24205724982582	101.9566260802207	43.382286616298956	106.83286264158895	115.33074784287777	116.57995375589985	161.11075418299913	161.11075462315912	113.37981529985746	118.79661690870532	132.7002216492432	228.35820893818223	182.55681807809273	182.5568181818182	190.7579427501742	190.75794273455702	211.60522279987705	211.60522255344358	230.32258064516128	232.82608695652175	227.61688225690972	156.321649120114	80.14285714285714
38.70289315363749	167.27740033679703	43.394777200122974	43.394777191414505	43.394777186143955	43.394777186143955	43.39477730237118	181.79961169612088	179.67131906345548	99.32916502292233	99.36397422308912	109.92258585779851	109.17605605815265	115.33085310373676	115.33085304324953	113.37981532809462	115.33085324864442	115.33085319450717	115.33085323314302	129.77274108136697	190.75794273455702	190.7579427081503	190.75794273485593	190.7579427271968	190.7579427145991	249.9	232.82608695652175	175.52845528455282	50.806252099826764	252.13530968328232
167.277400676434	167.27740033956917	167.27740029528698	43.39477717915446	43.394777185343514	43.39477723885585	43.39477716713051	143.23918436835407	131.13033902993516	131.13033902641715	72.52400882126645	82.60827464779788	115.33085299788422	143.5199211780132	143.51992117624062	215.00838223023635	215.00838229921132	129.77274111026605	212.1843649734846	124.71020143893585	231.8181818181818	168.34069969128467	190.7579427042194	172.12576649939905	232.33333333333334	228.4375	180.59289440214874	185.15270325481944	252.7986630742007	40.49498667573209
139.03703095246834	167.27740037830705	167.27740029411245	50.65940492819834	43.394777179272495	150.61481487220442	134.8318714466262	143.23918437139923	131.13033902138562	89.0776319473481	84.50391060456437	131.13033904669734	131.1303390270113	131.1303390032843	181.79961176194206	186.13269485284707	186.13269488100167	113.0807865866459	212.184364895542	124.71020139757763	168.34069960330325	153.1575275680203	153.15752753081188	153.15752756802027	153.15752810916246	217.8125	255.0	255.0	202.8620490947834	0.0
139.03703093928408	139.03703093488934	167.27740032296032	150.6148148617214	150.61481482929682	150.61481488194318	150.61481492238667	141.96842922586967	85.67413161932944	110.20681453349508	84.50391060456437	81.95209442485177	131.13033896564534	131.1303390335733	141.07227282642356	141.0722728226574	141.07227281834946	113.08078658055294	141.07227280220133	140.2307115494355	153.1575275680203	153.1575275345821	153.157527517863	153.15752753081188	153.1575275308119	217.8125	255.0	158.39067650802303	230.3461619837969	29.93654701159801
139.03703089392366	139.03703092269996	139.03703095147625	26.08351197377587	150.61481480784303	150.61481492489753	150.61481445092681	134.83187145918066	81.35138371363257	141.96842922586967	141.96842923757248	141.96842926406163	141.9684292371149	141.9684292371149	141.9684292585692	81.95209442485177	141.07227278597682	141.0722728409977	141.07227282198266	140.23071153481112	153.15752756802027	153.1575275345821	153.15752751786303	153.15752753081188	153.15752695246138	255.0	255.0	5.925799191220477	1.6938811374375007	89.64451080292807
3.287065818830939	139.03703093928408	139.03703093229205	75.09993909028893	26.08351197377587	26.083512183713026	60.28602076131972	77.94617212734275	77.70057374293904	78.78837460708618	141.96842916725967	141.96842916725967	141.96842923995783	141.96842916725967	141.96842923757248	141.9684292530767	110.20681453349508	141.96842929586262	141.07227280220133	173.68141747254353	153.15752753081188	153.1575275308119	175.67319539066807	172.6991038939973	214.7098920080412	154.4411469574843	0.0	51.0	253.89224799957861	3.7978767389267603
58.620452993504955	108.28624857065597	139.03703092269996	75.09993909893066	75.09993904797716	26.08351204227617	26.083512076526347	69.48114967011168	75.79759765441725	154.95227274437877	154.95227291522434	154.9522727225272	141.96842921662682	141.9684292492753	141.9684292726809	141.96842922586967	141.9684292492753	141.96842929586262	141.9684293069701	190.88899596203805	190.88899592435678	217.17547323375692	190.8889960897218	218.93755419788152	183.51582814125817	145.3288615897801	0.0	51.0	243.50798896574008	3.287065818830939
20.20113026226909	0.0	34.94001612292675	139.03703092609982	75.09993902250042	75.09993906359676	26.083511995047928	26.083512024797272	26.083512039671888	69.460246875	154.95227284208167	154.95227281765597	124.84110982697393	141.82883159621434	141.96842926406157	141.9684292726809	141.9684292371149	141.96842925856916	190.88899593691718	190.88899595954092	190.8889959595409	190.88899595954092	189.90551118798544	189.905511225	189.90551118798544	148.98466615174988	145.3288615897801	220.05228273131613	234.67765658068822	196.55920912156247
36.059571905415794	0.0	0.0	0.0	34.94001611305396	75.09993905025067	75.0999389460701	81.14856983245988	81.14856986789508	91.69015375047869	91.6901537589915	91.69015376909124	154.9522728648576	124.84110972847935	103.54960242762726	103.54960248849176	141.82883159727868	190.8889959595409	190.88899593691718	190.8889958944505	190.88899588667556	197.5652571959202	189.905511225	189.90551118798544	148.98466612221125	148.98466612819985	193.81768016709603	154.376858846847	207.55135553053194	180.40880673278204
0.31947665815110327	3.287065818830939	0.0	0.0	0.0	55.636312997234626	30.593049323718304	30.59304947489622	75.09993901021238	127.96135246782647	127.96135276311776	127.96135259018872	91.69015376802378	91.69015358363117	69.12095742275545	74.09754228316302	190.888995962038	190.88899582936006	190.88899592435678	197.56525719670802	197.5652572633368	189.905511225	189.90551127046035	148.98466612449994	162.66827563836955	162.66827565462836	241.87010810997606	55.88259038473598	22.012377369441282	151.09211821569
23.053027207102332	20.20113026226909	86.80475725718091	0.0	47.82565704074602	77.79370361040915	53.525551116670954	54.794579794068994	0.0	112.26750172440867	112.26750170536206	127.9613525325457	127.96135256778149	127.96135258648908	91.69015365677555	197.56525693672393	197.56525707996963	197.56525714109202	197.56525715337733	197.56525719670802	189.90551097	148.98466612221125	148.98466615174988	162.66827563836955	162.66827565462836	69.94802710171192	37.54600569256246	236.1453337482687	32.42345601641941	253.63640209775426
15.049916291779198	21.648804198996856	1.0177287133659263	6.5078368431094304	46.96371222022785	153.78016337536468	153.78016337536468	153.78016338028223	153.78016339011737	112.26750167798033	112.26750172440867	112.26750182630516	112.26750177636742	112.2675017730582	112.26750180234677	142.94740192553144	142.9474018564399	142.94740186449653	148.98466621480765	148.98466612264997	148.98466610744194	148.98466612449994	148.98466612819985	148.98466612819985	204.3177098185135	25.94767772596174	16.680383553029003	23.81396105688802	148.2137764908748	194.22855842419824
17.185818162635627	17.59493483708175	50.852469013865004	28.743041690255836	23.03024490733773	90.92686411933232	153.78016333110665	153.78016336804478	153.78016336804478	153.78016341979466	153.78016338085877	153.78016338940148	75.93774231549654	142.94740186449653	142.94740182189412	142.94740185533638	131.38610735744498	131.38610735400354	131.38610733525053	131.38610735400354	131.38610736139333	135.84668159599354	135.84668157979746	135.84668146217044	255.0	25.947677583643525	25.947677551569484	212.45284293058648	202.86651099807156	57.48914993072401
10.0601594849239	7.9965761220827005	12.570904146229196	18.790187844635227	26.272983563103423	50.852469013865004	29.721471317590982	32.57536585338528	83.83151515604055	153.78016336804478	153.78016336804478	153.78016338028223	153.78016339011737	142.94740163753448	142.9474018019588	131.38610732501658	131.38610732802087	131.38610733914504	96.36750739472873	135.84668154758657	135.84668154758657	135.84668158978968	30.704048922865496	20.283443501017388	25.947677562684618	25.947677562684618	25.94767752696606	77.33506504770244	50.42144389976315	255.0
1.0679656263461368	9.690371335146068	7.97334000451653	12.570904146229196	6.095402579939872	19.675797712995575	21.645485978878952	30.374465792951497	32.57536585338528	30.374465792951497	27.01249382867556	31.451129933216095	153.78016336804478	153.78016339011737	21.479235177439392	115.4000228128316	115.40002280250701	135.84668154740535	135.84668154758657	117.49755486647553	112.69487937073632	53.53994208832566	26.929385614186117	19.128822073425795	51.55725119257383	25.947677529339302	25.94767733279764	1.292527028427969	88.47369214142228	255.0
