254.46131077021988	254.42176871185185	254.89226432141288	234.94215004260272	234.55015806735918	208.4968603816106	187.40140499486637	235.6140350877193	232.05	226.66666666666666	245.97465324762425	232.23214285714286	198.58471151798096	244.8	230.8026764025682	209.66666666100002	221.0	236.04971346889985	221.0	239.7	224.09090909863636	229.15344702948002	251.96532394771103	251.96532394771103	242.50146034053796	254.6689406592567	250.8530725594124	254.92997381422785	254.89808712004645	254.2970530081232
254.61570549329772	254.94492000000568	245.28931964571404	242.85714287333334	236.85243326098902	187.40140579797836	224.09090909863636	188.40565512754094	184.94381632705023	242.6571526683196	151.3572522851768	170.386891185	247.40982989770743	232.9772725948993	239.9318180454933	221.41196700981033	247.6844262295082	193.98052762060496	238.8164665523156	244.30070602705388	226.12248407527892	228.08305975721981	210.62286141223194	239.972667781011	234.8832260485211	241.06948080738906	250.40550373228336	254.082	254.92997381422887	254.99278191124193
254.5558167580236	246.94074074086666	236.8874700970676	248.115	205.50063994642045	188.40565523617548	150.90315021558922	150.9031489402063	163.07422630245503	212.5	177.10058438635207	156.2812588956944	227.74838310284252	169.9062201518231	222.54306429237243	202.73059537544847	236.62066081472847	238.39000409668168	238.97977448098834	224.39777619596802	218.8266316083968	245.79303675048357	232.60135136706765	242.25	231.4681860555692	241.88433066014375	253.92399340442614	253.9556029242785	254.9190616215979	254.99523912485762
140.2177684328748	250.46666666666667	232.0556224250264	68.87343417360216	108.47793374964868	216.82952182952184	151.785714171875	163.0742263911996	166.75280581614516	232.05	239.24710424710423	155.00215766488876	191.25	226.9054470709147	155.00215766488876	199.35443798770262	189.73070362959643	192.9024234611295	213.47432148338766	214.75144717585243	215.2198130184897	241.52150357966605	248.64651998018354	247.22857142640305	242.25	250.09260987575897	253.80440452424264	253.92399340382244	254.7631564626588	254.80898333054915
0.011626476604135405	83.18730613866356	215.5608917350229	207.95324914565157	239.969856589211	185.76923076923077	135.5043849282084	218.07692307692307	133.2954545000129	140.7292632621722	125.47551125921876	204.23076923076923	191.25	115.25298757033195	132.781065045	232.23214285714286	211.88151867840145	227.26614699331847	227.2661469933185	199.95239106741258	238.97977447547754	238.9797744764632	233.65384614327357	213.46153846341804	235.875	245.28571428571428	253.8843840553874	253.92399340380283	254.82120861003995	253.565625
144.56812678456316	80.66689051725041	0.681999020542122	161.67132023781096	4.975636156743349	214.68798033407853	133.33408022999998	133.2954545636312	117.5503946141992	103.96962093034398	234.45293405368156	170.0	199.36363636363637	178.5	170.0	204.0	195.48476895307195	211.88151867035631	211.88151867035631	188.38430972462328	225.20856093274392	235.95067228677132	240.8962962962963	223.98648648648648	229.5	229.5	250.14285714285714	254.0714610832954	254.21994330132603	254.44519150440402
27.299839793967834	83.71730715469297	218.03886315476115	166.68555654616765	133.33408004696048	133.33408012079056	116.81229668948572	117.55039426598398	100.33292992901056	110.07914236875001	157.13203535753348	167.14907249931736	177.18847083189505	177.18847083189505	160.73564853368146	149.4869164917593	136.68495472826567	160.12536911020177	160.12536911873497	186.81898874269217	207.0110174314898	211.88151867840145	243.8881621906044	243.88816219049903	242.33557042913833	237.72695530394236	231.1999999983	248.96449704142012	251.88867669238482	254.44519150471012
242.10891645567224	0.4999538006053399	0.26945771065447843	133.334079975	133.33408006000002	133.33408006541805	133.33408006795173	101.8424724691881	98.53585984883108	100.332929707938	141.5728043534688	126.4216736498741	148.343949044586	177.18847083189502	119.22829252692966	161.8871652437	147.4825595389999	185.6974288137916	192.53801153947563	207.01101737186377	222.52149782853687	215.76923076923077	227.48808728734298	224.40695067628167	240.59322032257398	240.5932203361017	232.893772898904	253.7583930210363	251.8886766935487	252.45
35.30655983390656	51.618158923582286	97.98614080597963	176.53846153846155	176.53846153846155	82.35282164989036	101.84247304753862	101.8424724654179	101.84247243197976	133.33408022999998	122.45272380374797	126.42167362387099	156.6766506886148	148.343949044586	107.06825949727732	148.343949044586	200.36955452651625	170.9526622167792	174.3619196689565	185.16537386779095	210.48355037973923	226.3400576368876	217.32558139534882	227.48808722726685	247.67451882323144	240.833333336875	235.875	238.5814889336016	253.81944444444446	253.1837606839423
24.993650197396363	0.0	58.47589461135115	137.30769230769232	81.5453138437218	117.17854150809637	101.84247246918812	101.84247248213703	101.8424724654179	101.8424724319797	122.45272381926611	156.67665106925577	156.67665100994833	156.67665079166497	107.06825959925439	148.69236092829118	148.69236092829118	170.05768145139353	199.60469610006683	199.60469610703993	177.09621320415644	226.64766057353683	226.64766057971363	221.37026646	224.75591392173519	245.32440755121166	249.2212972605359	247.91666666666666	254.13008775957923	252.77866666644
213.5727836210273	1.1473080488415803	131.24308211199946	117.17854127917988	117.17854122918652	117.1785412470974	117.17854124411568	101.84247189083754	101.8424724691881	101.8424724319797	93.49999991585	156.67665093121803	156.67665059326163	156.67665083926823	156.67665129314742	171.8824682770944	171.8824682770944	141.9963109529719	195.02963693138054	199.60469608682277	199.60469607281192	202.24721374149715	206.83299078112412	206.8329908123791	113.00760557319947	224.75591393295917	242.65800000000002	250.66162570888469	253.81944444444446	253.56437795033756
5.4874420960425425	24.37347455721195	137.30769230769232	48.96890415112975	111.03336653105953	117.17854125605282	72.60375372197646	72.60375374586212	117.17854122658358	117.17854138233633	93.49999991585	143.07873193370057	114.47859025712145	114.47859034733386	135.58876641217216	135.58876687779716	135.58876641217137	135.5887664121715	135.58876785582788	160.2601371503016	207.71298696329617	207.712986960466	207.71298701680848	207.71298698774916	207.71298702737766	237.38181818181818	247.91666666666666	249.6518918918919	249.41820276497697	253.9556029242785
35.30655983390656	89.85526494981661	147.6310923283741	110.95474892207613	67.12310946854345	67.12310964205554	111.0333662293194	111.03336626875262	111.03336632989942	111.03336638018945	111.03336647378092	78.46153853999999	191.25	174.13052265983544	135.99555652441933	135.99555653558397	136.89559110575166	135.5887662479755	135.58876595304224	135.58876679772754	207.71298703665508	207.71298692701018	207.7129869745181	207.7129870502269	207.71298699696194	229.40473225404733	235.3846153846154	215.57168592501432	248.115	247.65866607160248
1.3110317576602313	108.33134455917761	47.28701300303808	47.28701300303808	67.12310952684203	67.12310948843756	67.12310948843756	67.12310948730058	111.03336626875262	111.0333663370954	153.0	140.9605332114484	107.77568139329088	115.3573944552864	115.35739461846299	174.13052266390866	133.26119394733027	121.40962934083899	181.19049270236283	190.29850746268656	211.77966099167625	207.71298702737766	207.712986960466	207.71298695337288	207.71298699696192	212.5	106.42276422764229	247.05204619672492	248.82598610733757	107.93023255813952
81.36876234820323	115.96296906511068	47.287013003038055	47.287013046627095	47.287012972622335	47.28701297262231	67.12310944769047	67.12310941162855	61.56445638467258	157.13203535753348	105.9259050134464	115.33074784287777	116.80895286911658	139.64260538153704	139.64260554471355	109.29591573635912	118.33214794483325	111.23442898926234	190.29850742945536	182.55681807809273	182.5568181818182	187.87689058837145	187.87689051269942	207.71298702737766	207.71298702737766	216.61290323951613	221.73913043478262	250.3358154596664	247.65866607160248	80.14285714285714
81.36876234820323	115.96296901402161	47.287012972622335	47.28701302548194	47.287013039534	47.287013039534	47.28701307298982	121.88616009341956	123.80324627575328	53.591687019705404	98.7543406204488	108.39856658279857	75.22955034141748	93.97108733661986	93.97108734654563	109.29591583430357	93.97108742131519	93.9710873130409	93.97108689137104	119.00444346441603	187.87689055230953	187.87689052590278	187.87689051156246	187.87689047315797	187.87689053145655	198.89999999999998	221.73913043478262	106.42276422764226	126.79730458680291	254.8669808380009
115.96296904753169	115.96296906071595	115.96296904852375	47.28701294977313	47.28701298319149	47.287013036703826	47.28701296334489	92.27787302710237	99.03329669036259	99.033296686147	92.55469086925382	102.66314776622559	93.9710872834556	134.51732244736598	134.51732242220632	144.95868424190823	144.95868421103356	119.00444347558073	163.68877216424102	122.82668041603898	194.72727272727272	168.34069969128467	187.87689035794446	172.12576649939905	204.0	212.5	206.03109584887028	221.5626728670893	5.470507216666078	92.22753543867631
79.55480077005168	115.9629691060764	115.96296907390018	50.65940492819834	47.28701301225087	93.74087836933353	93.87003855717191	92.27787301214485	99.0332966619975	86.79519548250519	77.04570721689487	99.03329670146968	99.0332966766826	99.03329671872774	121.8861601292763	144.54184698140784	144.54184699455269	153.03442065264764	163.68877211631292	122.82668036178524	168.34069960330325	153.1575275680203	153.15752753081188	153.15752756802027	153.15752810916246	191.25	186.0892707540482	125.92110285839703	116.21198231384395	0.0
79.55480067913831	79.55480064883383	115.96296906770797	93.74087823702345	93.7408782835183	93.74087831766212	93.74087847893952	114.91229232718825	85.77792885504937	91.20133690567161	77.04570721689487	255.0	99.03329670146968	99.03329668494493	132.7555203859543	132.7555204045795	132.75552039295076	153.0344206237308	132.75552049451107	132.54727618073386	153.1575275680203	153.1575275345821	153.157527517863	153.15752753081188	153.1575275308119	191.25	186.08927066430186	198.16315428829208	200.55552686080358	74.55015093557105
79.55480050350016	79.55480067359403	79.55480071713092	117.17854150809637	93.74087830497211	93.7408781932908	93.74087807358615	93.87003853496881	81.59788535346414	114.91229232718825	114.91229229462022	114.91229229870697	114.91229232529668	114.91229232529668	114.91229230348546	255.0	132.75552040510203	132.75552042333322	132.75552040431825	132.547276196252	153.15752756802027	153.1575275345821	153.15752751786303	153.15752753081188	153.15752695246138	186.08927062205782	186.08927064011823	7.752436964606574	50.09343827839547	135.77657115005547
84.91559138168168	79.55480067913831	79.55480064592066	43.42232135424791	117.17854127917988	117.17854138233633	58.57422566366219	78.46298941442097	78.02466517693622	78.15567560006636	114.91229220190502	114.91229220190502	114.91229229254495	114.91229239550887	114.91229229462022	114.91229230826391	91.20133690567161	114.91229236183156	132.75552040694376	150.01816136310663	153.15752753081188	153.1575275308119	156.06209183204982	150.89668593840264	175.59455790936673	154.4411469574843	178.5	51.0	251.55127812501047	233.62807509937258
131.24308211199946	25.912848012639188	79.55480067359403	43.422321298903825	43.42232129220122	117.17854124411568	117.17854122658358	69.49639985515051	78.63352491146208	105.26810725677953	105.26810755313247	105.26810716795609	114.91229228099718	114.91229230409272	114.91229228099718	114.91229232718825	114.91229230409272	114.91229236183156	114.9122923518864	133.37083584664026	133.3708357751527	168.78879625009324	133.37083565024176	135.39439815193208	150.08335391752095	79.91184424253075	178.5	51.0	238.7663683566572	84.91559138168168
0.0	133.33408022999998	21.782155851674673	79.55480058822485	43.42232128884996	43.42232133881464	117.17854122918652	117.1785412470974	117.17854125605282	42.82717502999998	105.2681072427616	105.26810718597116	73.303011074891	120.46197928677975	114.91229229870692	114.91229228099718	114.91229232529668	114.91229230348546	133.3708356990644	133.37083573702898	133.37083573702898	133.37083578042262	140.97470202809137	140.97470201	140.97470202809137	118.02504267863137	79.91184424253075	37.7266159239872	67.8238580597357	240.1724495818953
8.629038483830954	133.33408012079056	133.33408006000002	133.334079975	21.782155981680575	43.42232133109803	43.42232127879609	58.6759662897243	58.675966314799126	73.47289834415338	73.47289837410713	73.4728983893448	105.26810724225939	73.30301098493058	115.1724289077224	115.1724288796785	120.46197929199738	133.3708356502417	133.3708356990644	133.3708357153322	133.3708357036652	138.81078713777515	140.97470196749998	140.97470199117632	118.02504270578888	118.02504272311089	39.3350700344275	133.32784918066827	114.3243196849931	189.7661972576513
0.01478732535829863	84.91559138168168	133.33408006541805	133.33408004696048	133.33408022999998	56.20158745910547	43.11848132159855	43.118481329643686	43.42232103605028	83.61871655230436	83.61871681851656	83.61871673205201	73.47289837062391	73.4728986508174	66.84536979993956	75.96423218918562	133.37083524713532	133.3708356502417	133.37083562527647	138.8107867996062	138.81078697483974	140.974702095	140.97470186782567	118.02504270278556	135.66297745400024	135.6629774639744	28.555715745928325	47.45347680090225	28.25657156312124	164.46001005001722
8.912784419066185	0.0	97.09141162478628	133.33408006795173	47.82565704074602	54.53369803286128	0.0	50.64302909204616	115.33074784287777	55.241788304019366	55.24178817552806	83.61871670323055	83.61871661960424	83.61871675749492	73.47289825045021	138.81078679960618	138.81078675698973	138.8107868296064	138.81078679960618	138.8107867996062	140.97470184	118.02504270578888	118.02504267863137	135.66297745400024	135.6629774639744	69.94802710171192	37.54600569256246	52.08957765366989	242.5825405510683	126.96137905938812
71.62946038962261	14.293202970131546	1.0177287133659263	3.5797630552328314	0.0	71.52301809444339	71.52301809444339	71.52301809096858	71.52301815835091	55.24178808078537	55.241788025537545	55.24178817552806	55.24178819108249	55.24178820979921	55.24178827385498	111.00151888920234	111.00151886209704	111.00151886306014	118.02504291177755	118.02504272555842	118.02504271936763	118.02504270278556	118.02504272311089	118.02504265723985	155.65596279056598	25.94767772596174	32.25464278772668	110.21292534936174	228.81325689596315	230.30828399496002
1.0484151242417283	0.3008570307687819	30.374465792951497	89.85526494981661	110.95474892207613	56.807944370692184	71.5230180513847	71.52301808901314	71.52301810515408	71.52301811420861	71.52301809609955	71.52301811158455	127.70863952822012	111.00151886306014	111.00151884854435	111.00151885128847	106.52899130774793	106.528991213696	106.52899123244904	106.52899124182554	106.52899115689976	100.84460070555309	100.84460072393196	100.84460065041645	31.451129933216095	25.947677583643525	25.947677551569484	182.4006323969384	232.00366310848602	234.4736838672404
10.056721259435193	0.0	12.541478875903806	20.153980423092747	26.272983563103423	32.57536585338528	28.850595940721718	32.57536585338528	20.060841885110875	71.5230181266754	71.52301810515408	71.52301811574588	71.52301815835091	111.00151888920234	111.00151880052238	106.52899124645225	106.52899125938251	106.5289912252216	96.36750739472873	100.84460073261761	100.84460070621085	100.84460060550629	76.46143961245701	57.682052275129564	25.947677562684618	25.947677562684618	25.94767752696606	52.525627536606265	109.2603232298606	255.0
1.0706420553913176	9.516659766985441	0.0	12.541478875903806	30.25829258347335	16.075081572747962	62.503553802904236	20.548416842969345	30.374465792951497	20.548416842969345	255.0	31.451129933216095	71.52301810515411	71.52301808401901	39.3350700344275	147.16250159641748	147.1625015646925	100.84460076068973	100.84460073261761	109.37962480281968	104.66469316068867	49.81095458550692	26.929385614186117	20.213466001569486	1.0810466101290217	25.947677529339302	25.94767733279764	10.047475833429644	20.30716519882398	0.0
