253.6510322123074	238.5525321237037	254.98507961304446	223.1392809139785	223.55561939472392	191.5564903846154	189.43524680136093	223.77741228070175	232.05	236.86666666666667	254.17242491650015	242.85714285714286	247.3552965778438	214.2	239.66129765561757	229.5	225.25	245.29157486454815	225.25	243.525	246.3068181818182	238.96450523570422	254.23100006278378	254.23100006278378	230.5171593710342	254.9577672964588	243.48651847302466	254.78988966205765	254.79706047482293	254.1335013136943
254.80694523618976	254.976763125	248.1736572392196	190.23809523	163.46153846153845	189.43524403206987	246.3068181818182	137.86757999944018	169.91837982942536	253.241871231366	194.79992003446	243.10272	226.93544952044806	219.06818169371127	212.11363624311724	231.7963095591525	195.66256830601094	240.13488171526308	245.96054888507717	238.55550190899228	204.19853689858388	227.2978421637316	218.7910871394507	247.47951695530173	234.73609772520115	240.99130727277245	253.37470368612156	254.483625	254.78988966209593	254.80511160351548
254.59405300893786	252.45	197.81324822291901	248.115	0.0	137.86757999113675	153.0395424146456	153.03954267163766	112.32153342194371	195.234375	218.57011045827238	240.86645964388183	249.64792723177268	233.6605154985988	247.07248947004612	216.67402917608382	220.72549414410747	225.22736583367472	231.6314659088767	238.31671989292988	219.38347000085028	217.02127659574467	245.52364866523808	161.49999999149998	231.73484226718867	239.3551776900825	252.76015119459112	254.66960315742145	254.65351702693115	254.26147928361704
140.2177684328748	251.52916666666667	231.79632520868742	167.8914529950842	145.99603768531523	124.73566973566975	132.8125	112.32153332798188	120.48803139139076	91.79999999999998	47.78883278883279	99.03681839366163	212.5	183.7677286742035	99.03681839366163	126.49207916143004	202.3045123434918	207.48952097172486	221.4740390519798	214.48585072684676	212.80997228972976	216.44762376511557	219.01473552387407	231.68571428571428	161.49999999149998	247.9962058671624	251.3313915606358	252.76015119478348	252.86840816326531	254.88575268817203
9.573604056803077	153.4608785477214	15.542309006941252	87.65702481186065	222.51662250947396	93.46153846153848	115.188649190922	33.46153846153845	85.68993500715928	142.485285123472	127.50051925159576	65.7692307692308	212.5	215.83576840145	221.952	159.375	91.1840527907826	241.0857461024499	241.0857461024499	200.25479661089966	231.6314659029776	231.63146590298908	219.23076920931084	229.94505493959525	220.999999983	240.42857142857142	251.12069910146832	252.76015119399878	249.81958159908385	250.4666666712
186.78293978578884	242.72666452365326	0.01044016628233635	231.74146735848228	249.71548405888527	181.98702775662696	133.33408022999998	85.68993509566226	72.76761673686312	105.80120341223665	101.19060524968549	148.75	148.36363636363637	178.5	187.0	153.0	233.68484538480513	91.18405274759539	91.18405274759539	158.1353601641021	218.24482694110418	190.05282535826757	226.7925925925926	189.52702702702703	225.857142879	225.857142879	236.78571428571428	254.0714610832954	251.87977320530408	254.4218262036508
38.67055409012943	12.547353927405084	55.51653165577801	67.72157336469962	133.33408004696048	133.33408012079056	70.23398049151251	72.76761679051842	102.15716488071675	93.35971355625006	183.35567747190316	219.27688430819367	224.63237832240247	224.63237832240247	177.42940289437553	138.26970534362735	74.97554475997467	136.5768126025484	136.57681264488485	187.9019599181034	166.00164049436074	91.1840527907826	236.3522011914095	236.3522011907852	249.52348989101955	250.1920391062124	250.5375	248.96449704142012	251.77990460825973	254.42182620325136
182.40824423876583	252.34525018165095	247.69364062789307	133.334079975	133.33408006000002	133.33408006541805	133.33408006795173	60.57374546210869	100.35568370551405	102.15716493655688	120.06994374246716	72.4743481216343	165.8492569002123	224.63237832240247	193.37019958277142	167.90091845388486	174.36191968717029	209.79948331323948	200.906331234889	166.00164052803046	165.45984167570526	215.76923076923077	226.7817343895122	150.69541992462155	240.1815980690446	240.18159806542374	251.73076923261343	252.85450313820525	251.77990460916973	251.6693877576
11.564564116281815	22.27008888159577	189.6123926908059	19.61538461538464	19.615384615384613	84.12586100261737	60.57374488375814	60.57374514153892	60.57374520537542	133.33408022999998	102.24285530337872	72.47434807661966	213.39473496482378	165.8492569002123	189.2990866480891	165.8492569002123	177.4185998223944	170.9697492704439	168.79426600052776	161.88716519506778	177.8952474895027	221.19596541786743	227.09302325581396	226.78173435077062	244.45130709490456	244.375	186.9999999915	244.5674044282696	254.20912000868054	253.77403846153845
55.47162870051389	21.71080473312597	7.280461188281976	58.84615384615387	42.82964098048916	145.77907817165195	60.573745076541684	60.57374510962069	60.57374514153892	60.573744954200976	102.24285532052514	213.3947344609925	213.39473343405004	213.39473375427838	189.29908664240793	115.78792919558413	115.78792919558413	166.36995661077742	185.87835784472446	185.87835784555182	221.26667077351456	213.6047291631729	213.604729164964	228.59388542250002	241.4811123558131	238.56641738232312	252.61186264308012	249.57682291666666	254.7688899332013	254.92190625
207.98648440438026	14.619943914311477	105.84543431891385	145.77907817165195	145.77907808376273	145.77907803167864	145.77907805172396	60.57374488375814	60.57374517293343	60.57374495420092	220.3928572450393	213.39473345140055	213.39473343405004	213.39473375716474	213.39473345140084	198.0495536918443	198.0495536918443	159.8320199114101	170.1890992452919	185.87835780536415	185.878357815774	227.2015566767335	231.11553243530653	231.11553262436533	59.373760428092	241.4811123806067	254.898	251.98724007561438	254.20912000868054	254.61582640983804
24.370211063214043	229.14466819154785	58.84615384615384	216.75967079034305	90.83283281546838	145.77907805534517	74.0907600043902	74.09075983118632	145.7790779917599	145.7790781263448	220.3928572450393	201.7482517022749	183.2950436652515	183.29504370702864	153.6996167031252	153.69961775847986	153.69961766993737	153.69961815334372	153.69961818124108	159.89412394774604	206.62643255835997	206.62643261805385	206.62643255835997	206.62643260080242	206.62643260247103	237.38181818181818	249.57682291666666	249.6518918918919	254.31655625960062	254.66960315742145
66.37328461759796	138.4777707241397	13.619868011328208	110.95474892207613	54.911261124809386	54.911261242048965	90.83283251372825	90.83283270727216	90.83283271488833	90.83283281546838	90.83283285715942	163.2	106.25	199.07740432523727	176.93429828210856	176.93429823951303	179.47832230584027	153.6996164988355	153.69961750827895	153.69961786528955	206.6264325786626	206.62643250262855	206.62643258726735	206.6264326258453	206.62643264508205	217.21046077210462	250.40264423076923	180.55867481901163	124.44	247.65866607160248
92.43699732915013	42.40528844360006	48.37356746194263	48.37356746194263	54.91126113120325	54.91126115505844	54.91126115505844	54.911261147360364	90.83283264175009	90.83283271355319	102.0	93.72383937307688	123.31856626171214	84.63656835945883	84.63656840432176	199.0774043312248	191.81567069375487	139.07586756793495	96.88849597535727	171.26865671641792	203.1355932159437	206.62643235603758	206.62643253590937	206.626432601721	206.62643253805734	217.8125	62.19512195121948	252.32932726283974	240.13081480405387	107.93023255813952
58.66147145950404	8.731528031414541	48.373567354917924	48.37356739827902	48.37356739752897	48.37356764396239	54.91126118697045	54.91126120276883	148.24655155519116	76.05555890942463	106.42015361910688	115.33074784287777	117.00612564882911	170.36343159567824	170.36343164054117	137.25442073134028	118.9492830830157	128.1267026978617	171.26865670363668	215.4855371730196	215.48553715056818	200.08873879723117	200.08873885263966	206.62643260247103	206.62643235603758	230.32258064516128	227.2826086956522	200.9172606740031	105.58706695023267	80.14285714285714
58.66147145950404	8.73152804552069	48.373567397529	48.373567412732655	48.3735674640906	48.373567381946145	48.373567497371425	96.43373806974296	77.30725391540136	99.58776183697631	98.78209507508137	107.38215231735373	142.9838058848719	110.68253623594703	110.68253607627102	137.25442068186766	110.68253625711824	110.68253620298105	110.6825359108729	78.06570176048697	200.08873881302955	200.08873883943627	200.08873884494156	200.08873886879675	200.08873887519061	249.9	227.2826086956522	62.195121951219505	221.29466968959895	255.0
8.731527656174563	8.731527937604568	8.731528106632453	48.3735673741547	48.373567441640034	48.373567441640034	48.37356742133741	115.75842351111774	109.1598323810955	109.15983236938231	90.50441861990836	96.12931267363032	110.68253602704829	117.82587330771815	117.8258732816281	83.11066962136022	83.11066963297648	78.06570171789147	142.74091078864356	202.60805529554636	176.1818181818182	205.58585496236958	200.08873875795103	209.03328949089848	204.0	217.8125	38.24032920965695	28.61525748930444	227.95256353532267	163.82815112950954
28.24036914114933	8.731527857851972	8.731528219034516	25.26873617948894	48.37356739919758	54.431305929031595	113.51789797899431	115.75842351801947	109.15983237102955	89.0776319473481	81.95209442485177	109.15983234002115	109.15983235736942	109.15983239116144	96.43373807738502	77.58349367358059	77.58349373153641	101.96557934735233	142.740910652036	202.6080552346135	205.58585519964902	194.42625504579905	194.42625482706657	194.42625504579905	194.42625511624186	228.4375	186.0892707540482	176.24487887962425	101.61666483618441	0.0
28.24036940028509	28.240369389527643	8.731528023705607	54.431305929990884	54.431305929031595	54.431305919446345	54.43130589835724	99.51517677510185	85.92243011201779	91.20133690567161	81.95209442485177	61.44897317968477	109.15983234002115	109.159832378604	90.97528449638864	90.97528449664085	90.97528449118178	101.96557937626926	90.97528465590275	152.75714467947483	194.4262547946246	194.42625485846108	194.42625489037934	194.42625492345832	194.42625453789134	228.4375	186.08927066430186	189.00063668911326	155.78533611400087	248.62582479382831
28.24036923126951	28.24036935081861	28.24036947036771	48.26781203322804	54.431305929031595	54.43130603027768	54.431306131485	113.51789793478306	80.90083645140206	99.51517677510185	99.51517678330515	99.51517676106349	99.51517679057565	99.51517679057565	99.5151768200879	61.44897317968477	90.97528444230275	90.97528450479496	90.97528450479496	152.7571446966213	194.4262547946246	194.42625485846108	194.4262547647921	194.42625473067483	194.42625511624186	186.08927062205782	186.08927064011823	182.66207481889373	186.23909731004062	84.93421785583791
84.91559138168168	28.24036940028509	28.24036939066832	120.64041130737235	48.26781180431158	48.267811874670144	1.3109709203082502	78.81537736228671	78.27372937550183	78.53451778349213	99.51517666426153	99.51517666426153	99.5151767786914	99.51517685786541	99.51517680432539	99.51517678231042	61.44897317968477	99.51517685559335	90.97528448076812	139.99815771058104	194.4262545378913	194.4262548270666	175.67319539066807	157.6202664519784	175.59455790936673	205.54548176662632	51.0	51.0	16.149739132255263	15.812291697245769
105.84543431891385	5.419299502783417	28.24036935081861	120.64041141334576	120.64041135536274	48.26781186617356	48.26781189710451	69.07280952648964	76.82533565185537	170.5381401012275	170.53814004100724	170.5381398953467	99.51517676587443	99.5151767915084	99.51517680791497	99.51517681714239	99.5151767915084	99.51517685559335	99.5151768200879	111.98172627136361	111.98172603742839	147.95000479632105	111.98172607192404	218.93755419788152	199.48467075191937	44.45916824637976	51.0	51.0	58.943921668854244	205.89625858704557
1.804639302562009	24.712053314999963	163.76767778867602	28.240369368012608	120.64041132637118	120.6404113551267	48.26781189348836	48.26781185407657	48.267811884079265	102.0	170.53813996757825	170.5381399406956	65.25047628964191	92.82400227774767	99.51517676106346	99.51517680791497	99.51517679057568	99.5151768200879	111.9817260154893	111.98172598513682	111.98172598513676	111.98172600683361	140.97470202809137	140.97470201	140.97470202809137	126.82089312504769	44.45916824637976	22.264128169641907	0.256391688138649	119.40410869035404
20.20113026226909	24.712053392938373	24.71205331499999	24.71205331499999	163.7676776088731	120.64041124305493	120.64041135748036	70.90727985139205	70.90727989546949	87.65755652568308	87.6575566296346	87.65755660491183	170.53814005901708	65.25047632841904	87.5951439613965	87.59514398816759	92.82400231345699	111.98172594174318	111.98172591557184	111.98172594174324	111.98172580349319	117.09508484533549	140.97470196749998	140.97470199117632	126.82089315046127	126.8208931251028	140.10294706507483	127.25842009588004	129.19480864877625	20.000086847358688
0.0	1.804639302562009	24.712053337565862	24.71205331910832	24.712053569999966	56.03941936389458	163.8159472092174	163.8159472524046	120.64041145063544	143.1699524540731	143.1699525278542	143.16995244138974	87.65755673261006	87.65755653074342	70.54530524710947	78.59451060619077	111.98172567185867	111.98172581156234	111.98172588755213	117.09508473183763	117.0950847078899	140.974702095	140.97470186782567	126.82089314717675	147.80618759730925	147.80618758968274	6.2759917347307805	244.9777650282004	177.0496725995748	48.979794231130654
182.08788659255106	1.804639302562009	43.22553916160251	24.71205318218054	49.23382249156339	47.85236083778392	55.42693448371571	55.55930960235827	26.921066246994428	29.16689246447089	29.166892508584567	143.1699524125682	143.16995239785155	143.16995245187064	87.65755652568293	117.09508460184557	117.09508477661274	117.09508475370512	117.09508477516832	117.09508479683365	140.97470184	126.82089315046127	126.82089312504769	147.80618759730925	147.80618758968274	69.94802710171192	37.54600569256246	134.62748744537566	26.99857822219616	198.66975869617062
12.427851364958315	6.573935271846096	17.915986951774954	31.1293849709553	96.27562641868838	93.68029244309963	93.68029244309963	93.68029246332566	93.68029242944587	29.166892603046733	29.16689246447089	29.166892629527666	29.16689254668063	29.16689261569428	29.16689258778547	99.59953973274193	99.5995397034904	99.59953971608459	126.82089320128844	126.82089315821375	126.82089316316808	126.82089314717675	126.8208931251028	126.8208931909738	155.65596279056598	25.94767772596174	50.24440007029946	125.19123819261998	240.664864212477	0.19930250814033457
1.6602388868464573	1.4496770298577815	255.0	0.0	0.0	42.05675998542287	93.680292484061	93.68029243735606	93.68029243735606	93.68029248149756	93.6802924577785	93.6802924821541	35.55882505688615	99.59953968481574	99.59953968886461	99.59953969295782	131.38610735744498	131.38610735400354	131.38610733525053	131.38610735400354	131.38610736139333	155.75586192796197	155.7558618789904	155.75586189246542	185.3239164562707	25.947677583643525	25.947677551569484	205.96000930517826	3.1765165760657226	15.5639372242822
11.227675471140827	255.0	12.2971054332385	18.962938508112416	26.10110175172761	255.0	30.85798196416036	32.57536585338528	197.41229054437125	93.68029244811677	93.68029243735606	93.68029246332566	93.68029250377776	99.59953973274196	99.59953968481571	131.38610732501658	131.38610732802087	131.38610733914504	147.39917137232862	155.75586184036786	155.75586186677458	155.7558618887561	102.79109376835595	191.9817856261043	25.947677562684618	25.947677562684618	25.94767752696606	204.47613946587467	4.919325125271939	255.0
1.0800341948572338	9.977481621169574	255.0	12.716078713186306	0.6036346790985192	21.271896435047466	4.65200214817699	0.0	32.57536585338528	39.19820460146647	42.768578068619036	31.451129933216095	93.68029243735606	93.68029250377776	21.479235177439392	16.63433202858039	16.634332148165612	155.75586178104732	155.75586187997794	107.20954204271965	102.52453728046461	67.58034993286009	87.15864968796473	146.11379675020362	0.0	25.947677529339302	25.94767733279764	38.27165794057271	169.96711678584592	0.0
