254.74542354132217	253.4574074074074	254.58626651012517	223.1392809139785	241.14688128633267	191.5564903846154	174.31206348435614	162.5438596491228	214.2	244.8	204.91427053724487	232.23214285714286	236.81818657988228	199.46666666666667	208.75355256277874	230.714285707	221.0	225.21156048386155	221.0	218.57142857142856	241.7532467631818	215.02914008713879	227.43934138177156	227.43934138177156	246.48779606613462	245.93923145311385	252.88151703934574	252.16400372970304	254.17583374524273	254.34228124129515
254.95255174105347	254.25655976676384	251.71149419625098	235.16666666666666	224.17582417582418	174.31206173284096	241.7532467631818	162.14785645502894	169.91837982942536	198.73272193397594	251.84363682275273	226.79904	108.02298131305238	226.02272714430526	212.11363624311724	197.4494721058909	215.28688524590166	244.7470192105848	225.98627787307032	204.5432132480013	235.4409437038289	227.81980462604525	231.6498818156035	233.20502710300403	235.31323167988177	240.90461891961024	246.08981349368347	249.79591836734693	252.164003729755	253.58906105842712
254.7319348389102	252.6870748294	239.32960894924378	238.68	0.0	162.14785657941133	137.62931043990494	137.6293110318018	135.67775628364262	127.5	238.7799871930678	221.5543910346475	169.01775907179416	216.59376992624072	162.989829457093	173.98102342832158	178.6806641650665	182.81442031954117	198.54125649637925	210.8056405822892	215.24015485767072	172.79497098646036	237.77027028633583	191.25	231.60291956633446	239.12388554800376	242.29602831523047	251.66946993288815	250.63699792121062	247.15578463716494
140.2177684328748	250.46666666666667	226.21922258834715	238.8700200209161	241.00207708584054	179.87080487080488	132.8125	135.67775618370618	142.06214791006514	130.05	47.78883278883279	35.65325462171819	191.25	110.75334018499484	35.65325462171819	183.88389779662623	189.73070362959643	163.93456098626598	213.47432148338766	214.80653435934147	215.27702175970225	209.31653942912004	175.3911720418527	209.89795918584184	191.25	240.68864413504093	234.18683367489007	242.29602831972792	247.02276829117426	254.88575268817203
164.87769120028116	242.2190156329691	109.38735598236445	52.77603103257783	248.69486303360966	144.23076923076923	115.188649190922	33.46153846153845	106.63636383994216	129.8181099861107	114.15896469065734	98.0769230769231	191.25	185.79550109502588	196.248	182.14285714285717	121.77710222084417	171.23051224944322	171.2305122494432	200.29241297734967	198.54125650049195	198.54125648827636	211.15384614429166	234.89010988937147	219.3	214.52380952380952	235.55530824312223	242.29602831349064	229.96569759998016	250.002
5.1150853332752035	26.010942127562004	4.615327555503654	122.22711136989054	235.2361923930263	0.0	101.47470229499999	106.63636365090491	92.02145013063483	92.94317999066834	220.16763144095023	84.99999999999997	81.90909090909093	153.0	204.0	136.0	131.65543751340908	121.77710222249158	121.77710222249158	204.2861165423417	199.76416165994488	217.94414724086153	196.23456790123458	215.3716216216216	229.5	229.5	228.9795918367347	247.57168866636323	241.45734898135447	254.56745092177917
51.618158923582286	204.8177938591279	220.37714740721123	16.58696474180286	101.47470222504387	101.47470222504387	90.11994502240688	92.02144954212719	89.38751937597678	93.35971355625006	157.13203535753348	99.87527658737073	110.46772523299964	110.46772523299964	131.05333963523964	65.7749171341884	106.89407921641788	178.93590478809284	178.93590481723058	187.75111044841682	184.04290835402423	121.77710222084417	209.81494904072304	209.8149490469046	236.17449660466872	235.05586591850482	240.4285714293	230.85798816568047	252.4773931725949	254.5674509217992
0.8689296220951803	0.0859556691701755	213.8316892108653	101.4747021675	101.47470221	101.4747022250439	101.47470226911383	77.90299127927693	87.63521650674863	89.38751917902118	63.47815097158076	132.97872894457447	118.38641188959662	110.46772523299964	169.75850344841456	161.8871652437	176.30529153713536	166.49225435580905	158.61905938385357	184.04290826400057	117.02418268709587	176.53846153846155	231.51205948703148	195.48863286616103	242.89830507199943	242.89830508474577	242.18995290160944	251.59303044647186	252.47739317259752	252.45
11.564564116281815	65.91281543215439	49.48440421473953	19.61538461538464	19.615384615384613	71.89782788625814	77.90299127927693	77.9029912206432	77.9029913625148	101.47470254999996	140.23071153481115	132.97872890309546	89.48992114569359	118.38641188959662	204.71883309621458	118.38641188959659	126.35503845401641	171.34336170509863	174.3619196689565	159.58773656280485	147.75718949732027	154.3227665706052	186.62790697674419	231.51205940255267	240.64205688100705	244.375	210.375	230.88531187122737	254.501953125	253.77403846153845
15.812349023318035	253.40195034845433	253.01721864525342	98.07692307692307	58.11071780385021	117.17854150809637	77.90299127927693	77.9029911497075	77.90299122064326	77.90299111134033	140.2307115494355	89.48992071126213	89.4899208532292	89.4899211387507	204.71883318195006	179.8203482283871	179.8203482283871	169.35676844595463	141.3334397492667	141.33343977709228	194.04334094158733	177.3838671809492	177.38386718671293	228.59388542250002	235.44401539461091	217.37161218751794	247.4523066235692	251.015625	253.70147210713807	254.167346938788
39.020772051596225	91.74868258950295	180.58643794340912	117.17854127917988	117.17854122918652	117.1785412470974	117.17854124411568	77.90299127927693	77.9029909901017	77.90299111134033	200.3571427970357	89.48992028787654	89.4899208532292	89.48992131132277	89.48992101173499	139.577451417029	139.577451417029	112.05007061141796	132.58600903201545	141.33343971208342	141.33343971947394	217.44393298503013	221.88020530526472	221.8802052617263	181.35557989555747	235.4440153681656	237.762	242.94896030245746	252.69422743055554	251.47919690898306
101.1167449208819	142.67385393263794	98.07692307692307	197.65658731074916	44.09269388436874	117.17854125605282	63.835208215163846	63.83520845431826	117.17854122658358	117.17854138233633	200.3571427970357	80.53859441149768	160.44430822970247	160.444308205201	105.75423802630678	105.75423808237295	105.7542380263063	105.7542394765253	105.7542383077674	159.6490310980201	214.01037319110003	214.01037323902852	214.01037324461237	214.010373214672	214.0103733901133	216.36363636363637	243.93229166666666	238.9189189189189	238.69527649769586	251.66946993288815
1.2873335966899049	89.85526494981661	13.619868011328208	71.99616450855797	54.911261124809386	54.911261242048965	44.092693582628556	44.09269377190549	44.09269378378869	44.09269388436874	44.09269394581247	132.60000000000002	127.5	110.926567048545	149.17488765764668	149.17488768738963	139.90829945324407	105.75423682272859	105.75423771375216	105.75423760191617	214.01037326181591	214.01037316348618	214.01037320320296	214.01037316348618	214.01037322740885	186.72478206724782	214.54326923076923	180.55867481901163	167.53500000000003	210.79548689880068
231.0333786826074	73.70757177570857	40.98962677259118	40.98962677259118	54.91126113120325	54.91126115505844	54.91126115505844	54.911261147360364	44.09269370638347	44.09269378619311	51.0	80.80183696608975	140.9605332114484	148.55363245075768	148.55363232381836	110.92656708131707	74.15567175846934	93.32950524951531	127.89020853778746	129.40298507462683	194.49152544021115	214.01037314367983	214.01037323902852	214.01037318249826	214.01037322740882	223.125	20.73170731707316	71.85878251333006	64.36201600982676	107.93023255813952
180.71279961900876	8.731528031414541	40.98962677259115	40.989626817501744	40.98962685632014	40.98962685632014	54.91126118697045	54.91126120276883	115.06209129124042	93.93366886594421	106.54795873793068	93.72383928884992	116.18541769707087	106.44636767618161	106.44636754924232	148.79145167062435	117.99062202918955	84.87845179317819	129.4029850839998	202.3140492742534	202.3140495340909	200.08873879723117	200.08873885263966	214.01037314367983	214.01037314367983	211.12903224435485	199.56521739130434	0.10849543281895535	210.79548689880068	80.14285714285714
180.71279961900876	8.73152804552069	40.9896266098867	40.98962679679704	40.98962676097142	40.98962676097145	40.98962683651382	56.978113271474854	36.62369904954727	100.50897613432181	99.2348579535147	106.04001087315072	119.08658288246258	69.29152361435362	69.29152340888169	148.7914516333439	69.2915233809411	69.29152332680394	69.29152330679409	105.82511231261034	200.08873881302955	200.08873883943627	200.08873884494156	200.08873886879675	200.08873887519061	188.7	199.56521739130434	20.73170731707316	178.4293315236146	248.82947284004874
8.731527656174563	8.731527937604568	8.731528106632453	40.98962683651385	40.98962675538763	40.98962680889997	40.989626738184086	76.29663726743041	68.49689451819373	68.49689453062939	91.88969804968204	92.1459615626039	69.29152304317446	75.76839528923855	75.76839535751336	49.40832844303742	49.4083285043946	105.82511234235332	101.65123222919382	148.23659100812677	139.0909090909091	190.31794388110725	200.08873875795103	194.10398693018465	170.0	201.875	57.34341268925087	35.69715383434928	117.96898460491406	195.68648251434286
51.314431046086014	8.731527857851972	8.731528219034516	34.96095206881256	40.989626785328	24.359754778152535	74.07006947857624	76.29663727129565	68.49689452292142	85.21071786538263	100.04719903843704	68.49689451100267	68.49689452188858	68.49689454866646	56.97811335823957	46.216446836866766	46.21644681042869	88.18468611315933	101.65123218181856	148.23659096605206	190.31794401898821	177.09700888865967	177.09700900989833	177.09700888865967	177.09700872072307	159.375	117.17854127917988	250.20308716165306	122.79989565868686	0.0
51.31443127885325	51.314431259306275	8.731528023705607	24.359754679743958	24.359754735244962	24.35975477382337	24.35975496198205	63.044976458380546	85.57190845187503	83.88413443830174	100.04719903843704	77.04570721689487	68.49689451100267	68.49689451825995	65.88075662212262	65.88075659790823	65.88075658916293	88.18468614112663	65.88075669837812	114.76928845056449	177.09700888865967	177.09700877935674	177.09700885029253	177.09700872072304	177.09700872072307	159.375	117.17854122918652	229.65712241885015	13.232043785013389	248.62582479382831
51.31443127223068	51.314431259496956	51.31443124676326	61.54312464535451	24.359754713791176	24.359754765855882	24.359754637272772	74.07006944894465	81.55660325303631	63.044976458380546	63.04497648459778	63.04497650091861	63.04497648895216	63.04497648895216	63.044976476985795	100.04719903843704	65.88075657910508	65.88075660730982	65.88075660730982	114.76928846518885	177.0970086374852	177.09700877935677	177.09700872470532	177.09700872072304	177.09700872072307	117.17854124411568	117.1785412470974	26.118883918813793	212.5375451057131	221.32581137313878
224.41615954287295	51.31443127885325	51.31443125525237	86.669833304941	61.54312464535451	61.543124840907666	66.40792581546009	78.33046230382163	77.03151577546751	78.14499801934406	63.04497650091861	63.04497650091858	63.04497647397142	63.04497650091861	63.04497648459778	63.0449764530529	83.88413443830174	63.04497654789105	65.88075661081086	130.78381339072064	177.09700872072307	177.09700872072307	149.2309271534206	138.60895656213796	137.06879961937915	184.64395220962928	76.5	51.0	26.652648034469877	203.79165788958005
81.31186602888627	34.63877335274745	51.314431259496956	86.66983318432159	86.66983317094343	61.54312470324399	61.543124732188744	68.97790611214779	76.10316356156926	52.67789357428961	52.67789395288901	52.677893585714145	63.04497650719537	63.04497646877448	63.04497647916838	63.044976500421086	63.04497651081502	63.04497654789105	63.04497647698574	74.5310311266984	74.53103132038021	110.6214533474259	74.53103138472568	124.9750023690203	117.15479915353163	14.236942201575971	76.49999999999997	51.0	254.25382612503446	255.0
8.629038483830954	39.49999979999998	135.80457621763998	51.31443122021224	86.66983316425436	86.66983318350398	61.54312466606723	61.543124691208334	61.54312470377886	78.33081763500002	52.67789352711162	52.67789359920096	25.441011059390206	57.07656329773738	63.04497650091858	63.04497647916838	63.04497648895219	63.04497647698577	74.53103125581961	74.53103125454479	74.53103125454481	74.53103125454484	101.4747022250439	101.47470221	101.4747022250439	136.9749573213686	14.236942201575971	214.8548600384041	41.412250424768786	221.54926653545877
11.534791858763072	39.499999803047444	39.49999980000001	39.49999980000001	135.8045761698858	86.66983312278549	86.66983326227086	47.502900711521164	47.502900724825906	53.28565867321606	53.285658643412575	53.28565862838397	52.67789358801147	25.44101115984563	58.39373096868812	58.39373103491542	57.07656331515764	74.53103125454481	74.53103125581958	74.53103118945441	74.53103121430959	82.22290103443555	101.4747021675	101.47470222504387	136.97495729421115	136.9749572768891	112.45529623877391	166.68539936067776	93.50447672860372	141.2964924364381
0.6908348420832056	224.41615954287295	39.49999980304747	39.499999803047444	39.49999979999998	56.865368743408055	133.22289777915583	133.2228977775084	86.66983294062996	40.73973488826039	40.73973512273179	40.73973494980271	53.285658772046105	53.285658583298186	63.19514725570471	72.26804081235659	74.53103112669837	74.53103112436395	74.53103117050395	82.22290069941462	82.22290063860498	101.47470229500001	101.4747020476236	136.97495729721442	101.64032538319242	101.64032534031708	230.94300310475228	92.63703711721905	4.857401684641957	0.356240373749813
50.32419463751887	11.534791858763072	30.25736124867788	39.49999982020208	49.03869729926049	119.7995414406779	53.37423104526479	54.740778397876966	41.65169310899307	8.962849304434343	8.962849667168143	40.73973494980274	40.7397349223304	40.73973499143321	53.285658485809705	82.22290056942256	82.22290068686135	82.22290067077594	82.22290065608388	82.22290069941462	101.47470203999998	103.32634702414089	103.32634699406913	101.64032538319242	101.64032534031708	69.94802710171192	37.54600569256246	4.887892250369305	51.82965008100567	107.37616808557001
112.63974135817492	65.49643909538088	8.687215780798027	44.000539140277056	26.81615525181647	35.91160956279316	35.9116095627931	35.91160957343706	35.91160959472501	8.962849429532866	8.962849582916249	8.962849667168143	8.962849672480758	8.962849723388814	8.96284971726314	89.9593036574984	89.95930367443171	89.95930368150411	103.32634708428441	103.32634703116943	103.32634703917677	103.32634701810946	103.32634699198945	103.32634705786046	71.99616450855797	25.94767772596174	25.28166325769621	125.19123819261998	32.497694103816514	162.46496613307073
69.92789089873142	54.2801142518272	0.0	4.496901491118507	3.603123976254068	29.20324528899195	35.91160961566129	35.91160956651839	35.91160955037745	35.91160955492367	35.91160961039506	35.91160958584294	62.68531474295369	89.95930365023523	89.9593036828984	89.95930365758926	99.01663427158462	99.016634339327	99.01663433932703	99.016634339327	99.01663424264521	72.58873882319392	72.58873884494156	72.58873875795103	149.46075717923594	25.947677583643525	25.947677551569484	24.88431637454542	70.94172139232737	211.06959393996615
10.071687961804031	8.712244136841917	11.309651535465747	20.057182133969405	26.155510038834194	0.0	30.044096049489383	30.374465792951497	197.41229054437125	35.911609593420025	35.91160955037745	35.91160957343706	35.91160959472501	89.95930365749842	89.95930365023523	99.01663426122246	99.0166343470361	99.01663431223915	124.10398766402554	72.58873885263964	72.58873885263964	72.58873871675019	183.00383548753203	224.90522689180452	25.947677562684618	25.947677562684618	25.94767752696606	254.09942812543414	201.95694207862073	255.0
1.0444868709680009	10.02204234174036	8.675013929701208	12.716078713186306	3.3887739602191687	18.71208565770246	14.658204637415508	50.852469013865004	30.374465792951497	39.19820460146647	50.852469013865004	54.61283193544992	35.91160955037742	35.911609594725036	39.3350700344275	25.928848915489738	25.92884898762091	72.58873888843681	72.58873885263964	122.79367567823584	117.95450925814694	67.58034993286009	56.85704383181013	15.549952033243898	0.0	25.947677529339302	25.94767733279764	189.73097649391514	150.19965624310663	0.0
