233.52314615276134	254.65020575851852	254.17405725667743	254.86874207949307	246.91901408369407	253.63498275240386	253.51849090309454	249.78070175438597	163.2	236.86666666666667	248.47982989637268	201.875	198.58471151798096	236.86666666666667	205.43242654148662	246.5	229.5	217.440412731167	229.5	202.54285714285714	237.61363636363637	234.07852719445333	254.9983147515415	254.9983147515415	236.97881408091433	254.9999955445664	247.60757034451336	252.17759475820483	253.59732791746907	254.3059230521788
254.97218219804532	252.78009935858924	252.52544149303915	245.55555553666667	245.19230769230768	253.5184881466302	237.61363636363637	244.22955294678127	247.68882103078957	245.6443548951831	171.77249630885245	170.386891185	255.0	246.88636349608728	219.06818169371127	193.97903703639037	195.66256830601094	231.9436005251359	213.15608919382504	191.38014894033415	215.108973401455	227.81980462604525	235.46614798535762	244.61803292464225	235.31879717177137	240.9048346617599	252.43535099596082	244.2088163265306	252.17759475834637	254.70908787459314
254.64044539180657	254.71666666666667	253.57541901714305	199.92	231.79632520868742	244.22955303435074	248.14956773907787	248.1495667448586	235.55166020740955	239.0625	238.96139392341536	156.2812588956944	233.10892281211636	169.9062201518231	228.2669980241115	170.1007570608968	205.45953264043388	195.76812781646868	198.63253983980144	233.10774306738523	219.4958907682986	207.64990328820116	180.91216217438597	229.5	231.68395309559094	238.97900824241592	242.3366528979919	248.093723459175	251.73792378046576	252.81748510290473
140.2177684328748	252.45	227.54798063576987	183.30932248535805	240.87632431728065	250.75883575883574	243.489583421875	235.5516602123845	233.9723270229191	91.79999999999998	124.73566973566975	170.02640981823833	148.75	212.73237410071943	170.02640981823833	205.92522718482917	216.8199092092828	160.10325319874136	230.70903528557494	214.80771369241202	214.67948380312313	230.04267418181772	203.1755552702835	228.35510204081632	229.5	236.27004145895282	240.90864366516232	242.33665289891314	252.21588004997918	226.81355606758834
239.31044882870648	242.44798836150758	210.82748560742087	97.86853335750251	241.46605256414352	241.15384615384616	241.2403170475078	93.46153846153848	222.1590912332412	238.08668376991253	53.193225683430995	204.23076923076923	148.75000000000003	115.25298757033195	132.781065045	159.375	181.28846924833988	254.43207126948775	254.43207126948775	200.39528418110734	198.632539822551	198.6325398245928	155.7692307621824	248.07692307723633	153.0	232.79591836734693	241.88582073197458	242.3366528944768	244.330983169935	214.2
9.845554073083775	201.20836046877469	192.2575603244216	122.87198888067141	232.4631870170035	0.0	56.57143124999999	222.15909098381715	213.5298896628195	229.293799131629	36.573928425801626	212.5	180.8181818181818	102.0	187.0	187.0	203.09769798796566	181.2884691954601	181.2884691954601	172.24391075874917	190.8724988103283	235.95067228677132	190.52592592592592	246.95945945371622	220.999999983	220.999999983	238.3469387755102	195.57350933090578	238.69840695016003	224.75040906078883
248.3266890658553	214.81193878064408	5.558020813496967	19.845186134859404	56.57143117793993	56.57143117793993	215.46263255706677	213.52988914143612	228.25741539886977	226.73480071875	113.14138915514471	176.61367207449754	186.07870210562652	186.07870210562652	127.38226913641374	167.45279833098115	143.43617868192223	64.58267345616937	64.58267346534299	187.40857049567785	207.0110174314898	181.28846924833988	114.45823410203687	114.45823409499883	207.42281875714383	128.21229050100263	224.4	158.43195266272187	194.85676772499403	224.7504090609273
252.23330104079747	0.4023848850682725	6.25742402072737	56.5714311225	56.57143116500001	56.571431122567446	56.57143120250862	203.68494493837622	227.73487346795403	228.25741517686188	190.8199153710995	220.96302723640713	114.77707006369428	186.0787021056265	119.22829252692966	174.36191968717029	208.44358262185	200.05098878610792	139.34287124538514	207.01101737186377	145.59553646529108	98.07692307692307	109.28260201692268	224.40695067628167	142.62711861461938	142.6271186440678	215.7692307708115	80.4201257257414	194.85676772899086	250.4666666712
195.91321736026075	53.32096436072621	68.26617514542971	58.84615384615387	58.84615384615384	222.93277136457692	203.68494493837616	203.68494501456064	203.68494511513384	56.57143124999999	163.6574167452476	220.9630271686392	166.64995759996157	114.77707006369425	167.46504852504438	114.77707006369425	139.8324551649765	171.34577138051074	161.88716519506778	93.72383933791295	172.57155234449934	45.56195965417868	189.4186046511628	109.28260199498226	56.91898874546962	138.125	221.0000000085	215.49295774647888	147.421875	196.5625
231.21978371308938	244.82105356505716	188.80316509853498	215.76923076923077	202.919117152154	76.86834869678364	203.68494493837622	203.684944964274	203.6849450145606	203.68494486395937	163.65741675493229	166.64995820428183	166.64995705532837	166.64995729044625	167.46504853023356	128.48908460937386	128.48908460937386	170.0685653479876	141.4347400647913	141.43474007044156	166.66540880784868	85.0142545698474	85.01425461332394	97.91352204374999	122.68212345056983	45.01164814566877	66.30766565556709	111.56249999999997	92.68401344575545	251.328
40.99922031767596	176.62988772101235	230.94980523015693	76.86834869678364	76.86834864864738	76.86834867179687	76.86834867378178	203.68494493837622	203.6849449383762	203.68494486395937	140.250000014025	166.6499574158442	166.6499574720147	166.6499574293656	166.6499574158441	188.7301041657987	188.7301041657987	108.4892706646213	126.77797034286041	141.43473999158255	141.43474004437076	100.64542346907675	98.45722012535401	98.45722014023212	194.90494449243232	122.68212345669642	91.79999999999998	21.691871455576575	58.58506944444446	249.41784875149682
242.5671366107933	141.70609380231804	215.76923076923077	150.18596922505216	164.1671677880119	76.868348633663	207.6792452773858	207.67924515130244	76.86834866228082	76.86834881751298	140.250000014025	152.8172970314197	145.691965487767	145.69196542730543	102.25327147521637	102.25327226248706	102.25327195862204	102.25327437565403	102.25327331323257	159.7883183288011	75.84319239314542	75.84319235760546	75.84319233963305	75.84319240037229	75.84319229989276	20.193939393939417	40.72916666666666	29.421741741741698	29.394201228878615	248.093723459175
223.99251649302025	21.50232235869504	42.40528844360006	17.22864807885489	196.85481217556904	196.85481219162585	164.16716718453165	164.16716729272787	164.16716728511167	164.1671673354017	164.16716740492876	78.46153853999999	106.25	246.75724521523523	71.10918593975526	71.10918592690271	142.0160381658554	102.25326974319776	102.25327188521928	102.25327176598012	75.843192414826	75.84319238646182	75.84319235024367	75.84319238646185	75.8431923714648	31.5018679950187	20.02403846153848	19.90825226914214	124.44	253.08323059981964
239.32775757124182	194.24785373032108	179.15680773555988	179.15680773555988	196.85481212121698	196.85481209774738	196.85481209774738	196.85481211441265	164.16716722720582	164.16716728644678	132.59999999999997	123.31856626171214	123.31856626171214	96.0338220610148	96.0338223998823	246.7572452048437	142.6859884032348	90.10355920521783	181.19049270236283	53.2835820895522	30.25423724747921	75.84319229989276	75.84319235760549	75.84319235554895	75.84319226444009	63.75	120.24390243902437	72.33337293656558	195.8709408072024	107.93023255813952
231.11140764449462	28.240369389527643	179.1568076285352	179.15680764445102	179.15680770010727	179.15680770010727	196.85481211441265	196.85481205080808	61.56445638467258	76.05555890942463	106.18279027191997	57.47784929317484	116.98567019412795	158.9661776001177	158.96617793898517	197.01851554249407	119.54412987365214	81.88255843845982	53.28358206654602	73.89204541256137	73.89204545454544	58.14518794919192	58.14518788558735	75.84319229989273	75.84319229989273	35.645161304032285	11.086956521739097	0.0834362521026435	253.08323059981964	80.14285714285714
231.11140764449462	28.24036935081861	179.15680770010727	179.15680764975633	179.1568076423945	179.15680764239454	179.15680761353815	65.84585233128263	104.34263795847093	98.84679961227812	99.26782317389885	110.2816152552505	75.22955034141748	66.58969173613593	66.58969180981231	197.01851547573813	66.58969176271262	66.58969170857557	66.58969136030112	183.8908140730973	58.14518788558735	58.14518791199413	58.145187902252616	58.14518787878302	58.145187824430934	51.0	11.086956521739097	120.2439024390244	29.93654701159801	164.20759377740364
28.24036914114933	28.24036940028509	28.24036947036771	179.15680761353815	179.15680766036695	179.15680760685458	179.15680758517396	68.08589833267547	55.66129627896831	55.66129628760439	92.10672201090927	84.25021129896797	66.58969115972539	100.48612444450518	100.4861244606908	73.4850542544726	73.48505426209161	183.89081406024476	38.45762241693913	94.91144765417118	18.54545454545456	62.20516574388179	58.145187808374146	62.04120364805112	11.333333333333343	21.24999999999997	104.81403077494787	33.83063423846454	54.754560086145375	199.88255329072172
167.277400676434	28.24036923126951	28.240369368012608	160.35818406890672	179.1568075996277	76.55234734205035	61.61803070405793	68.08589833530334	55.66129626520984	96.21196812155677	92.96913151177463	55.661296277898856	55.661296286744886	55.661296292726774	65.84585237136244	63.19902181995107	63.19902183752677	105.42793524433546	38.457622465990625	94.91144758365994	62.20516561803072	51.3150551360406	51.31505506162378	51.31505513604057	51.31505506162378	10.625	48.26781180431158	190.9299216003292	117.36949806952762	0.0
167.27740033956917	167.27740032441693	28.24036939066832	76.55234724888328	76.55234734205035	76.55234733285175	76.55234750078873	63.112295233096944	86.24748123812407	88.62632061061524	92.96913151177463	83.17434355779187	55.661296277898856	55.66129628379616	85.8970843480966	85.89708434879813	85.89708434318038	105.42793525907558	85.89708442091532	91.34258324506774	51.3150551360406	51.31505498543936	51.31505503572603	51.31505506162375	51.31505506162381	10.625000000000028	48.26781189348836	237.7771150180107	244.5227447253249	221.29466968959895
167.27740037830705	167.27740033679703	167.27740029528698	48.26781203322804	76.55234727768894	76.55234730340709	76.55234741180936	61.61803069705519	81.59003745780353	63.112295233096944	63.11229523829945	63.112295184999226	63.112295221420936	63.112295221420936	63.11229525784276	92.96913151177463	85.89708431930845	85.89708434452797	85.89708436354297	91.34258325475241	51.31505488486616	51.31505498543936	51.31505503572606	51.31505506162378	51.31505506162381	48.26781186617356	48.26781185407657	220.4145589888389	206.28739337735874	166.94544157192252
149.9919158334981	167.27740033956917	167.27740032296032	43.42232135424791	48.26781180431158	48.267811874670144	116.9483897918634	78.40259643371704	78.24904778190313	78.153834014127	63.11229508819727	63.11229528180115	63.11229522768417	63.11229528180115	63.11229523829945	63.11229523388431	88.62632061061524	63.11229530157058	85.897084333348	15.604574966209299	51.31505506162378	51.31505506162381	18.49316317578979	10.856087511507184	7.534740318687881	40.294654746711444	51.0	51.0	240.41899027739547	63.504017006571104
49.942872519631464	108.28624857065597	167.27740033679703	43.422321298903825	43.42232129220122	48.26781186617356	48.26781189710451	68.42437521000761	76.33652735520687	114.79008764901138	114.79008753631055	114.79008767158976	63.11229519785289	63.11229520146139	63.11229525390698	63.112295233096944	63.11229524350199	63.11229530157058	63.11229525784273	25.753122435066672	25.75312215045051	12.955698699692988	25.75312214732614	26.921066262410335	6.440057775081698	91.85011345050683	51.0	51.0	79.56871315564047	135.17638416095025
26.309043505451484	24.712053314999963	86.23804856875182	167.27740029411245	43.42232128884996	43.42232133881464	48.26781189348836	48.26781185407657	48.267811884079265	42.82717502999998	114.79008756060406	114.79008758270587	87.87977710321792	65.81161937210902	63.11229518499917	63.11229525390695	63.112295221420965	63.11229525784273	25.7531220454876	25.753122060538885	25.753122060538885	25.753122082235706	4.520835628027754	4.520835585000015	4.520835572655244	18.94991464273724	91.85011345050683	90.26621068957454	6.107620456388844	88.5079683579169
52.98159042815382	24.712053392938373	24.71205331499999	24.71205331499999	86.23804853926427	43.42232133109803	43.42232127879609	64.09295083541011	64.09295086472736	51.122767471575656	51.12276760244961	51.122767588030996	114.79008754944456	87.87977702311272	54.70523081103201	54.705230880061634	65.81161941045039	25.753122017145245	25.7531220454876	25.753122017145273	25.753121865834487	8.389494442986546	4.520835585000015	4.5208355911127	18.949914588422274	18.94991455377823	140.10294706507483	249.60247301425102	17.66943224822228	9.35257573910448
231.2812774398775	149.9919158334981	24.712053337565862	24.71205331910832	24.712053569999966	55.225800547524386	73.71153075166015	73.7115308045399	43.42232103605028	91.74796745416589	91.74796758343774	91.74796758343774	51.12276769640292	51.12276776053466	66.54724923887252	76.03700739970355	25.7531218355617	25.75312214732608	25.75312200057428	8.389494300186811	8.389494433138964	4.520835585000015	4.5208355192459635	18.94991457247187	2.9606323477676995	2.9606322900547184	3.3932376327501004	252.01407475667176	154.93105532775866	232.21553850124715
231.54036530433115	52.98159042815382	5.930056525947293	24.71205318218054	49.81721555614388	52.08384176433094	52.28138060744453	54.41932601574163	26.921066246994428	64.69527971564062	64.69528015113062	91.7479675257947	91.7479676184096	91.74796760489895	51.12276742472403	8.389494170194752	8.389494288403881	8.38949433664888	8.389494343517498	8.389494300186811	4.520835329999983	5.731529087571062	5.731529088707447	2.9606323477676995	2.9606322900547184	69.94802710171192	37.54600569256246	5.347232515120112	45.36348227131367	177.4203790691061
101.07350755647096	12.87682358414736	90.1708335643653	85.82750764983939	83.83151515604055	192.18224502785333	192.18224502785333	192.1822450309052	192.18224503700895	64.69527989961406	64.69527999412253	64.69528003018746	64.69528006339885	64.69528005997492	64.6952800980371	7.8981248829504125	7.898124884437095	7.898124896409911	5.731529236971994	5.731529071198651	5.731529087002912	5.731529071692165	5.731529072679223	5.7315290068081595	0.0	25.94767772596174	30.976097142657522	15.5639372242822	27.253680304248974	90.96286334422908
69.68464453171728	114.04678955580158	255.0	0.0	0.0	196.55360670958635	192.18224500038647	192.18224502626745	192.18224502626745	192.18224505059692	192.18224506650188	192.18224503952158	127.70863952822012	7.8981249276787935	7.898124885180437	7.8981248866326155	8.47109461120806	8.471094534008017	8.471094552761116	8.47109456213758	8.471094490273458	3.2339267475797158	3.2339267471941753	3.233926566325124	185.3239164562707	25.947677583643525	25.947677551569484	29.982952035803322	76.88654983979723	23.81396105688802
10.143326181495866	10.01060641519743	12.203301727616406	19.056697759902107	25.358242776441955	255.0	30.044484958021627	20.548416842969345	96.27562641868838	192.18224502626745	192.18224502626745	192.1822450309052	192.18224503700895	7.8981248829504125	7.8981248026032915	8.471094532139091	8.471094552892481	8.471094532019436	20.817120677615918	3.233926777837098	3.2339267514303742	3.2339266996214917	30.704048922865496	51.55725119257383	25.947677562684618	25.947677562684618	25.94767752696606	254.21168160180196	188.80356397352304	255.0
1.0823473432579362	10.102655770518737	10.372659765554488	12.478442813217782	30.25829258347335	19.96821715426725	62.503553802904236	30.374465792951497	20.548416842969345	42.768578068619036	30.374465792951497	114.8177353377092	192.18224502626745	192.18224503700895	85.74827458338453	52.86278879316575	52.86278873870512	3.2339267464230943	3.233926738227069	7.429481563099898	6.91197017158953	1.4838414969872815	8.331531736632144	0.3329127076921168	191.9817856261043	25.947677529339302	25.94767733279764	189.40550561560363	239.31801369998453	255.0
