254.6314000451322	255.0	254.99602639797712	254.60106955345142	252.0120724659972	251.8735860877404	253.79823504441478	255.0	255.0	0.0	237.23924262939772	255.0	255.0	250.46666666666667	209.72017981484305	255.0	255.0	248.82469967147821	255.0	255.0	255.0	196.15946573581397	249.84988071084442	249.84988071084442	242.72695608050336	254.2680857783734	251.0589726269807	254.98984583967234	254.92793896095583	254.4287360867656
254.4567841429303	255.0	243.41797494006056	255.0	251.3736263653846	253.79823228800643	255.0	188.40565512754094	241.86311173343088	232.7677922059788	202.48871330234758	255.0	250.73650720517173	208.63636351782026	253.8409089466813	198.46481416138	255.0	240.13320628559006	245.85120068610635	244.54004248403268	226.94657535299748	227.57835409968104	205.95304260005224	239.69975667700604	235.31656552801783	240.54353267969373	250.16612033816398	255.0	254.98984583967453	254.96406046268987
254.3753096178966	255.0	226.25698325636904	255.0	229.42295426159714	188.40565523617548	249.18203145817614	249.18203123032453	163.07422630245503	255.0	109.37352904337774	255.0	212.0566410389145	255.0	206.21035870753497	175.12763878132688	242.68104837955397	242.62085210979106	246.86437265238135	223.50920119293013	219.16492935310916	244.5188588007737	255.0	229.5	231.19541446863005	239.3038665215613	254.70395476816236	254.66168774667355	254.98243052918448	254.9612668932376
140.2177684328748	255.0	231.39608952371393	109.39134046432807	59.97045321566924	0.0	234.374999953125	163.0742263911996	166.75280581614516	255.0	255.0	174.3048003728445	255.0	204.1677286742035	174.3048003728445	255.0	255.0	165.06964477293118	170.76228964358722	214.9996168012432	215.16748609291886	196.82823637697624	241.79469478284616	241.7295918367347	229.5	250.9036610068214	254.31282891947396	254.7039547682188	254.3093971261974	244.99315956221199
236.18440411172838	12.643329817525029	204.24262617923267	64.36201600982676	120.67044761024653	0.0	230.37864579260344	255.0	133.2954545000129	240.0717338262683	23.32760605268936	225.0	255.0	255.0	255.0	255.0	181.28846924833988	218.84187082405344	218.84187082405344	201.3491298016204	246.86437265172225	246.8643726507965	255.0	0.0	255.0	240.25510204081633	254.40854887050048	254.7039547681151	254.2747417556575	255.0
203.20101578648763	185.15390846598729	242.96239316070512	48.551487895462515	34.2978626881588	36.375367773251554	76.76264897999997	133.2954545636312	117.5503946141992	232.27647799099393	69.8259561991508	255.0	170.61818181818182	255.0	0.0	221.0	175.8202059197337	181.2884691954601	181.2884691954601	189.69262937813585	228.2828680726713	207.7908904578992	255.0	0.0	255.0	255.0	243.94132653061226	0.0	255.0	218.67670155741763
164.6783000062283	165.91756715052298	94.2344580372494	0.7971802613694763	76.76264890593558	76.76264894285057	116.81229668948572	117.55039426598398	231.35593270083308	209.4196520625	255.0	144.35091762209123	155.27096996893337	155.2709699689334	132.15068158117828	159.31932978549474	157.8082951665127	169.71520109494406	169.71520108285603	189.18901400895322	185.3610858349254	181.28846924833988	234.53785863264733	234.53785863135423	239.25503351690352	244.31564245824978	255.0	0.0	186.82143709715922	218.67670156591072
0.0	230.34378383405908	251.73271195697492	76.7626488525	76.76264889500001	76.76264888747806	76.76264886544314	101.8424724691881	230.8916862624185	231.3559321910658	255.0	105.08788874587165	119.46921443736733	155.27096996893337	255.0	255.0	255.0	184.33888627900197	255.0	185.3610858745817	204.41743031829392	0.0	101.37297531052428	255.0	133.98305079779084	133.9830508474576	169.53296703420904	227.7442435717749	186.82143709308394	255.0
25.692893272546826	73.48680440396228	120.0536280179794	255.0	255.0	226.62429986374178	101.84247304753862	101.8424724654179	101.84247243197976	76.76264897999997	201.22816867315032	105.0878886474076	133.2026388812868	119.4692144373673	189.29397635039626	119.46921443736733	209.5275219537707	171.38065963643248	255.0	255.0	196.82823637697624	244.71181556195967	167.4418604651163	101.37297532483794	197.56822752402817	175.3125	255.0	169.3158953722334	247.218017578125	225.88341346153845
11.956250934632976	236.1442696868473	127.52668908908406	0.0	81.5453138437218	255.0	101.84247246918812	101.84247248213703	101.8424724654179	101.8424724319797	201.22816870352912	133.20263927240035	133.20263844596366	133.20263883126393	189.2939763144946	153.26745854502087	153.26745854502087	168.77333683531722	218.39817277607472	218.39817277441628	255.0	210.73956062384704	210.73956062347594	132.88840837875	224.75591392173519	223.74722185031465	246.47936177887618	230.09765625	253.44246398022892	255.0
13.778630707606538	24.904911411917652	253.76299065754313	255.0	255.0	255.0	255.0	101.84247189083754	101.8424724691881	101.8424724319797	140.250000014025	133.20263864220527	133.20263886265002	133.20263885643763	133.20263864220544	167.66750940958076	167.66750940958076	113.12024528569324	255.0	218.39817276622165	218.39817273939389	202.24721374149715	206.83299078112412	206.8329908123791	141.23951642621066	224.75591393295917	225.522	254.5179584120983	247.218017578125	254.84106411653298
29.599443493425696	127.49966365355841	0.0	182.70265282364116	255.0	255.0	212.41483254665235	212.41483250861393	255.0	255.0	140.250000014025	120.74156665585937	130.08527787244424	130.08527788731965	106.80833264130464	106.80833359153979	106.80833360811627	106.80833409152316	106.80833382127344	159.74757611049142	69.35486106270781	69.3548610600954	69.35486111622015	69.35486110651729	69.35486116458154	227.8	230.09765625	245.2227027027027	244.99315956221199	254.66168774667355
25.692893272546826	255.0	255.0	255.0	169.5364784659056	169.53647851389053	255.0	255.0	255.0	255.0	255.0	255.0	255.0	161.99011729771996	255.0	255.0	142.79076389374984	106.80833233189546	106.80833322552255	106.80833367012997	69.3548610871116	69.35486100785232	69.3548610545732	69.35486113106907	69.35486103830405	195.10834371108342	225.88341346153845	204.25651809415143	255.0	250.79799677346526
236.17431906829796	0.0	185.6451390687207	185.6451390687207	169.53647836204695	169.53647837223616	169.53647837223616	169.53647837362598	255.0	255.0	122.40000000000003	161.8871652522563	0.0	119.95799425609286	119.95799439889763	161.99011730274944	111.91177366791223	94.3033598100813	0.0	167.46268656716418	133.9830508155918	69.35486067171459	69.3548610600954	69.35486102374975	69.35486093127932	175.3125	124.39024390243901	182.85516815663362	112.53676750881988	107.93023255813952
10.073311891598479	255.0	185.64513896169598	185.64513897625028	185.64513908185194	185.6451393282854	169.5364783340159	169.53647839261464	255.0	255.0	106.83286264158895	255.0	116.62621770391536	135.04200560110235	135.0420057439071	0.0	118.79661690870532	85.78402500569123	167.46268653563712	182.55681807809273	182.5568181818182	85.46352160738536	85.46352162637402	69.35486091814803	69.35486116458154	208.38709678790323	243.91304347826087	227.61688225690972	250.79799677346526	80.14285714285714
10.073311891598479	255.0	185.6451388354185	185.64513894542677	185.64513893990457	185.6451389399046	185.64513899214768	134.4322498602877	95.06925363172851	98.98624187714546	99.36397422308912	125.42631242298145	255.0	70.11226765723168	70.11226745266788	0.0	70.11226753259558	70.11226758673277	70.11226713467121	0.0	85.4635216659841	85.46352163957738	85.46352162776381	85.46352163795305	85.46352153409444	168.3	243.91304347826087	124.39024390243901	255.0	250.07839287887901
255.0	255.0	255.0	185.64513886893093	185.64513888377985	185.6451389372922	185.6451389128884	131.47233745814842	133.8394015784277	133.83940157447336	93.53244920801902	95.52424903477004	70.11226708764158	117.3386938750576	117.33869390854662	139.30151337388017	139.3015133459158	0.0	138.74658353625034	55.872761268432924	148.36363636363637	168.34069969128467	85.46352148610947	172.12576649939905	187.0	175.3125	72.29734717635884	185.15270325481944	73.30501710297435	40.49498667573209
0.0	255.0	255.0	50.65940492819834	185.64513889348274	68.74857795978747	113.11376823066342	131.4723374224725	133.83940157006515	84.0952556144434	87.43806789526002	133.83940156019767	133.83940158146817	133.83940158679025	134.43224989104638	116.71696396856728	116.71696400739006	121.24516177703791	138.74658343882376	55.8727612927874	168.34069960330325	153.1575275680203	153.15752753081188	153.15752756802027	153.15752810916246	175.3125	0.0	59.28675747115935	202.8620490947834	0.0
0.0	0.0	255.0	68.74857795498306	68.74857795978747	68.74857799106414	68.74857806322626	141.96842922586967	85.67413161932944	88.20431658293188	87.43806789526002	90.17154161668532	133.83940156019767	133.83940157437797	112.40632391936879	112.40632391507074	112.40632392752991	121.24516181662557	112.40632394385219	53.77183129647088	153.1575275680203	153.1575275345821	153.157527517863	153.15752753081188	153.1575275308119	175.3125	0.0	158.39067650802303	230.3461619837969	0.0
0.0	0.0	0.0	255.0	68.74857795978747	68.74857792508351	68.74857768692232	113.1137682498402	81.35138371363257	141.96842922586967	141.96842923757248	141.96842926406163	141.9684292371149	141.9684292371149	141.9684292585692	90.17154161668532	112.40632390089345	112.40632392215943	112.40632392215943	53.77183132684968	153.15752756802027	153.1575275345821	153.15752751786303	153.15752753081188	153.15752695246138	0.0	0.0	5.925799191220477	1.6938811374375007	156.1863614874111
160.36885391609667	0.0	0.0	0.0	255.0	255.0	29.05507970794119	78.35617463650502	77.76938519704285	78.78837460708618	141.96842916725967	141.96842916725967	141.96842923995783	141.96842916725967	141.96842923757248	141.9684292530767	88.20431658293188	141.96842929586262	112.40632394385221	79.33178423292202	153.15752753081188	153.1575275308119	145.97573516777598	112.45066640047392	155.47681147249148	154.4411469574843	255.0	51.0	0.21449125678927317	3.7978767389267603
253.76299065754313	234.11525312908103	0.0	0.0	0.0	255.0	255.0	69.31164213398858	76.64486745430668	84.93604462738037	84.93604454443127	84.93604451535771	141.96842921662682	141.9684292492753	141.9684292726809	141.96842922586967	141.9684292492753	141.96842929586262	141.9684293069701	108.09544210995892	108.09544217349196	119.50043326455611	108.09544204838599	106.31072671050651	132.88840838813314	95.52551553850338	255.0	51.0	221.40595619879548	160.36885391609667
109.68656380318882	76.76264897999997	117.80786116648864	0.0	0.0	0.0	255.0	255.0	255.0	255.0	84.93604435936271	84.93604442636712	80.99299428414233	134.53508772382594	141.96842926406157	141.9684292726809	141.9684292371149	141.96842925856916	108.0954420523968	108.09544204838599	108.0954420483859	108.09544211347645	119.4728761127266	119.472876165	119.47287616809913	76.61794247912562	95.52551553850338	250.58680022408345	149.70325935237173	1.947636993690253
77.96092223893342	76.76264894285057	76.76264889500001	76.7626488525	117.80786118364554	0.0	0.0	37.591828959709716	37.59182896661349	53.944382624817536	53.94438258359074	53.9443826043362	84.93604442216537	80.9929942558307	154.51233966405448	154.5123396819742	134.53508772792313	108.09544204838599	108.09544205239683	108.09544204838599	108.09544193727262	90.1036193661275	119.47287616499997	119.47287614964162	76.61794251449277	76.61794247542832	0.0	162.58376271652295	73.41830477300076	213.75080837570468
201.29144824734806	160.36885391609667	76.76264888747806	76.76264890593558	76.76264897999997	55.636312997234626	73.71153075166015	73.7115308045399	0.0	66.68490961511407	66.6849096808148	66.6849096808148	53.944382473449906	53.94438266657269	69.12095742275545	76.45171441389274	108.0954421099589	108.09544204838599	108.09544202361573	90.10361926623736	90.10361926036433	119.47287616499997	119.47287605386788	76.61794250614781	208.8341378524864	208.83413790399402	16.58696474180286	26.721713465330566	49.39452205190747	242.91277606813165
13.77886782869777	109.68656380318882	82.78270063916275	76.76264886544314	47.82565704074602	50.86577077588484	54.78327328606426	54.56436412939931	255.0	67.68168159834212	67.68168179285561	66.68490968081477	66.68490973913185	66.6849097293119	53.944382437411264	90.1036191362453	90.10361916358704	90.10361919584619	90.10361922290664	90.10361920124134	119.47287591	76.61794251449277	76.61794247912562	208.8341378524864	208.83413790399402	69.94802710171192	37.54600569256246	236.1453337482687	55.416174387503474	194.22849695090486
127.49979976078154	1.2938817831792448	1.0177287133659263	7.909111062169217	255.0	62.9858904542227	62.98589045422267	62.98589046355127	62.98589048220853	67.68168162338426	67.68168159834212	67.68168179285561	67.68168175935864	67.68168176075511	67.68168183986688	46.61144160870742	46.61144152148225	46.611441533092176	76.61794273690069	76.61794252150759	76.6179425321763	76.61794250614781	76.61794247542832	76.61794254129936	123.49107512896177	25.94767772596174	16.680383553029003	0.0	148.2137764908748	194.22855842419824
17.185818162635627	127.51332617050055	35.642129522906544	255.0	255.0	6.41167321596609	62.985890370265196	62.985890455320344	62.985890455320344	62.98589046329408	62.98589044734658	62.98589052811593	0.0	46.611441533092176	46.61144147786965	46.61144151605663	95.60594728036634	95.60594724158656	95.60594724158656	95.60594724158656	95.60594724796164	85.46352163795305	85.46352162776381	85.46352148610944	0.0	25.947677583643525	25.947677551569484	22.33392440651309	202.86651099807156	244.19078624604646
9.968099023718025	8.52759634176249	12.584362487677339	18.71208565770246	26.272983563103423	36.933424087331275	29.721471317590982	36.933424087331275	181.2440328297536	62.98589043379903	62.985890455320344	62.9858904635513	62.98589048220853	46.61144146470892	46.611441408016645	95.60594727675269	95.60594722367748	95.6059472317722	96.36750739472873	85.46352158676393	85.46352161317063	85.46352153409441	0.0	75.25205516395567	25.947677562684618	25.947677562684618	25.94767752696606	0.0	194.2326454717754	255.0
1.0759785581778658	9.737362127326293	10.265958594809263	12.584362487677339	0.0	19.182525853055324	0.0	34.24016530082338	35.642129522906544	34.24016530082338	37.841467812178905	0.0	62.985890455320344	62.98589048220853	0.0	33.76083163851311	33.760831746423435	85.46352160738536	85.46352162637402	6.311858617590332	5.870450789750038	3.3966140535069087	26.929385614186117	46.540816273208094	107.61725697287685	25.947677529339302	25.94767733279764	1.292527028427969	0.0	255.0
