254.72299738186354	254.66433739259259	250.37506515839053	254.74537079373079	250.2566418964041	252.74925516826923	251.75616020741947	244.0953947368421	214.2	253.86666666666667	243.296153314974	232.23214285714286	194.91323026537574	244.8	208.59112465577059	235.875	244.375	188.14867875340755	244.375	174.675	243.4090909090909	211.56999746566203	253.3619736076874	253.3619736076874	240.65077846298905	254.8687119850141	249.89577686439608	245.43998621442674	247.6710344597311	254.4007827851918
254.99479997593332	247.0297518747958	254.02889802853988	245.74829932666665	252.10248936263736	251.7561600026096	243.4090909090909	246.6590531808567	244.51773026592966	239.55652148830592	180.42670017611778	165.31141861499998	247.40982989770743	229.49999986960228	243.4090907707903	197.27909830730366	195.66256830601094	173.75977291718633	190.8490566037736	226.2665667861032	222.53136147793953	227.2544422318513	244.5548420076233	241.90604985159612	234.77877557790498	240.70707499882565	251.2686277470932	229.69762500000002	245.4399862167965	254.139375
243.1124061548563	253.565625	250.1447953727439	238.68	224.93448351310875	246.659053258888	242.61143996064425	242.61143950873648	239.6192713175412	227.109375	157.93741502781108	150.59853598517122	222.54428291505226	165.9193892626929	217.06821025511437	173.78913720345815	188.60376504509065	198.35364604670218	170.04944516378706	227.80769292746	219.40475390742841	236.8737911025145	235.47297301185628	248.625	231.61991600638112	239.12142696914606	226.43721099880042	238.80655797765158	244.27988163517244	254.91297017953428
140.2177684328748	254.55729166666666	229.62439512960856	223.63035359285428	253.8773931876751	200.3950103950104	238.52040825	239.6192713540905	238.15504136654266	91.79999999999998	246.13899613899613	243.25056530820086	191.25	226.9054470709147	243.25056530820086	206.42857141712304	210.74272391599584	163.7447383048529	226.8426040411123	212.70133788296965	214.78032442718697	225.89357507820094	237.57311188885953	216.75	248.625	211.9335769424723	242.09389190632976	226.43721100083343	249.2625	239.65508448540706
3.1246565860574833	122.38808440436324	246.12700535216905	123.11761078204805	103.17123760826155	166.15384615384613	235.3139648296203	230.76923076923077	228.5064934857202	228.86558878538946	189.9674527686377	207.69230769230768	191.25	110.17485096054736	127.94117652	159.375	231.27018738236615	234.64922048997772	234.64922048997772	200.64354474794175	170.04944513670432	170.0494451405047	240.38461535835364	197.30769229876435	209.666666661	216.75	226.50024173292653	226.437210990827	253.75533325371532	246.9407407386
206.15040706836822	10.223551928064353	225.3809516896373	0.7644385638338633	142.66668889771756	76.50363507848638	101.47470229499999	228.50649349956907	221.2252906267285	215.5925056788644	205.2426546003496	191.25	199.36363636363637	153.0	238.0	204.0	188.60248188627196	231.27018734532402	231.27018734532402	182.86309855545716	154.305881347693	209.10215291902688	106.9111111111111	219.67905405405406	173.39999999999998	173.39999999999998	178.5	247.57168866636323	168.99874897119344	240.3296100342286
254.78692907628846	30.046813427563933	234.51539105080627	54.99496992595215	101.47470222504387	101.47470222504387	222.9941369533123	221.22529026154103	214.04358396092871	216.9290476125	157.13203535753348	158.9150515523666	169.3545046599931	169.3545046599931	130.87027075690395	225.65377449403874	221.7551956883123	176.84671444738123	176.84671444049883	188.37562631313938	208.2287745450795	231.27018738236615	120.97682689483347	120.97682689451395	206.39597311973222	198.25418994611377	223.7625	230.85798816568047	218.5342086416806	240.3296100346563
124.29252556790368	31.14913345351144	204.03313809008708	101.4747021675	101.47470221	101.4747022250439	101.47470226911383	212.81956816212735	213.26358107273379	214.04358348930725	164.95577479194338	182.15483131307843	118.20594479830152	169.3545046599931	115.43442203293296	202.9483429658414	185.16537389985461	191.07753865274174	111.88160495767394	208.2287745432699	195.5480629112775	176.53846153846155	138.21805647561172	181.28846924833988	172.01694912441252	172.0169491525424	156.17582417696832	117.68820084513564	218.53420863819855	228.888
174.22623758662448	28.615838442008766	39.80623435835696	196.15384615384616	196.15384615384616	206.1043686404538	212.81956816212735	212.81956772222435	212.81956781979835	101.47470254999996	184.89502620504436	182.15483129387948	148.110450122792	118.20594479830149	86.90473369584856	118.20594479830154	142.6912768848655	170.5081954427165	110.75021661338337	147.4825594825823	156.23892465528337	167.18299711815564	102.55813953488371	138.21805650443383	86.2209135184732	161.5	204.0	193.68712273641853	58.58506944444446	216.16153846153847
207.9992855848432	192.0003727893071	3.3462073274616273	117.69230769230771	213.7876293926265	117.17854150809637	212.81956777656035	212.81956767343732	212.81956772222435	212.8195675686239	184.89502616302866	148.11045081254136	148.11045047212096	148.11045056331983	86.90473363118821	142.84193325331813	142.84193325331813	170.5155215759188	112.91743315217843	112.91743316132795	165.7500000072125	90.44524568170388	90.4452456824622	119.18093304000001	105.96091685382197	65.38706654170576	46.966701352757525	40.72916666666666	67.09895606055522	251.17340625
11.518973011137376	27.148051141429335	230.94980523015693	117.17854127917988	117.17854122918652	117.1785412470974	117.17854124411568	212.8195670054263	212.81956758377683	212.8195675686239	56.100000005609985	148.11045071503153	148.11045047212096	148.11045058856394	148.11045035310255	177.044779899416	177.044779899416	111.87179529565944	60.67381373740059	112.91743307843191	112.91743310961118	86.59611518203414	83.73952273879658	83.73952290558512	243.5169356739121	105.96091705012881	83.53800000000001	62.18336483931947	58.58506944444446	237.39726089073852
238.64859563673588	247.5908907145576	117.69230769230768	32.98202453371687	134.92552669983712	117.17854125605282	187.55649427257762	187.55649443714975	117.17854122658358	117.17854138233633	56.100000005609985	134.84264892390934	167.68835617484345	167.68835616704285	105.57872671632103	105.57872680913164	105.57872671632055	105.57872816653955	105.57872787356598	159.92368381102247	101.41052461114128	101.41052463917393	101.41052466465365	101.41052465046616	101.41052467184181	10.199999999999989	40.72916666666666	15.011051051051027	14.99699980798772	238.80655797765158
174.22623758662448	89.85526494981661	169.76514915475138	71.99616450855797	180.810798630547	180.81079869916704	134.92552639809696	134.92552647917762	134.92552649867702	134.925526548967	134.9255265408837	74.99999998499999	106.25	186.39880595390702	142.9520722434934	142.95207223317266	141.11984835519095	105.57872428984288	105.57872644007739	105.57872629143137	101.41052462209117	101.41052462283994	101.41052460749137	101.41052462283997	101.4105246001914	46.49066002490662	10.11418269230768	246.12943382467353	124.44	246.15183076135602
129.66830488543997	90.53745299102215	153.58947550683325	153.58947550683325	180.81079854329099	180.81079855213602	180.81079855213602	180.81079853476484	134.92552647917762	134.92552649974633	153.0	140.9605332114484	189.1592832044682	109.59995012887731	109.59995040054457	186.3988059630383	125.34987316143591	93.16747114720323	184.53190642935883	57.089552238805965	47.54237286377477	101.41052417897492	101.41052463917396	101.41052457891021	101.41052449316672	21.24999999999997	219.0650406504065	0.10132662923004432	232.3953201762409	107.93023255813952
146.17588564921516	139.03703093488934	153.58947539980858	153.5894754210898	153.5894753281582	153.58947582102508	180.81079857437496	180.81079856982615	58.415771151039706	76.05555890942463	106.47608186499525	93.72383928884992	116.07823657552291	145.40004959945543	145.40004987112272	90.30575342128932	118.67145995856706	84.72783165324824	57.08955223454555	61.818181686467	61.81818186647723	74.18920143017385	74.18920146523516	101.41052467184181	101.41052467184181	24.677419354838747	33.26086956521738	113.55823226869879	246.15183076135602	80.14285714285714
146.17588564921516	139.03703092269996	153.58947532815822	153.58947539250863	153.58947536082604	153.5894753608261	153.58947537716006	67.84338510768922	123.80324627575328	99.41395314513315	99.60540662062962	111.44773415560013	72.27170647943208	69.15519564627323	69.15519562874218	90.30575342514217	69.15519566999734	69.15519566999731	69.1551951084422	112.04792776682731	74.18920142562504	74.1892014520318	74.18920144786398	74.18920145670899	74.189201369453	45.900000000000006	33.26086956521738	219.0650406504065	153.21763052366597	123.21284306724075
139.03703095246834	139.03703093928408	139.03703095147625	153.58947537716	153.58947533534632	153.58947538885872	153.58947537790885	47.625162136765084	40.6629378453016	40.66293786221985	91.93969470956009	85.33022114357715	69.15519554505948	78.09718054269115	78.09718054260293	115.3935322068925	115.39353218683368	112.04792775650662	41.35877427142202	48.50204464129615	27.81818181818187	51.591720661279425	74.18920130083299	51.121052111349826	5.666666666666657	21.24999999999997	222.0179754662831	74.54001340901877	232.28710717111306	254.09721800020557
64.64853741862933	139.03703089392366	139.03703092609982	174.80554684086482	153.58947534953384	93.74087836933353	47.06786040313963	47.625162168480756	40.66293784810813	94.21086252722796	122.35959306696776	40.66293782901846	40.662937835480875	40.66293784249501	67.84338515018896	105.97039518679489	105.97039525683454	46.518043842678395	41.358774265378685	48.502044626208175	51.59172061332697	42.18043243137609	42.18043241622317	42.18043243137609	42.18043299457369	5.3125	117.17854127917988	155.8007823352902	211.00397072272207	0.0
64.64853778186273	64.64853780580447	139.03703093229205	93.74087823702345	93.7408782835183	93.74087831766212	93.74087847893952	46.01582021642369	85.943945696519	87.57785146817758	122.35959306696776	92.96913151177463	40.66293782901846	40.662937860344044	72.14749128401081	72.14749126940396	72.14749127988156	46.51804379860886	72.14749135919035	70.10497383697134	42.18043243137609	42.18043227777565	42.18043232656271	42.18043222343965	42.1804324162232	5.312499999999972	117.17854122918652	127.11606266909932	83.7320975458191	50.806252099826764
64.64853783384575	64.64853775452465	64.64853780176057	48.26781203322804	93.74087830497211	93.7408781932908	93.74087807358615	47.06786036385478	81.25262049549195	46.01582021642369	46.01582024123715	46.01582020129388	46.015820240960636	46.015820240960636	46.01582023222653	92.96913151177463	72.14749125122387	72.14749127849402	72.14749127849402	70.10497379495561	42.18043218020165	42.18043227777565	42.180432200975474	42.18043222343965	42.180431837872646	117.17854124411568	117.1785412470974	209.71809058772283	249.83377446461805	229.47633751924138
174.5436573622112	64.64853778186273	64.64853777026994	41.12936081595973	48.26781180431158	48.267811874670144	104.267553232923	69.65174850320324	76.81974201378895	77.87633120533604	46.01582010449192	46.01582010449192	46.01582022780332	46.01582029809583	46.01582024123712	46.015820263159156	87.57785146817758	46.01582031014547	72.14749127162307	24.99631542116208	42.180431837872646	42.18043212704791	12.652608774853093	10.856087511507184	3.7481474326474995	32.23400763370353	51.0	51.0	34.94552778204775	255.0
230.94980523015693	60.66363235609373	64.64853775452465	41.12936086990646	41.1293609029191	48.26781186617356	48.26781189710451	68.857606977557	76.61877738217981	97.53979621463324	97.53979619600864	97.53979581347758	46.01582017554239	46.01582022401007	46.01582023159648	46.01582025846429	46.01582022401007	46.01582031014547	46.01582028062751	27.803256663164177	27.80325652962918	19.59557161772466	27.803256409364224	24.08767893740236	3.2035989290706937	197.56471487385937	51.0	51.0	62.4023612679384	84.91559138168168
52.98159042815382	24.712053314999963	14.21399494796222	64.64853785368791	41.12936091942541	41.129360891974045	48.26781189348836	48.26781185407657	48.267811884079265	40.757147249999974	97.53979587416944	97.53979577840065	162.67955447061928	48.5978414792815	46.01582020129382	46.01582023159651	46.01582024096069	46.01582023222653	27.803256474223417	27.803256452757807	27.80325645275778	27.8032564744546	2.237350663244314	2.23735070500004	2.237350718616881	5.731529088707447	197.56471487385937	196.81589143986582	9.568795408356351	79.03640806993275
1.3052392164147761	24.712053392938373	24.71205331499999	24.71205331499999	14.213994861109285	41.1293609299812	41.129360850860564	45.375602190582896	45.375602206122466	53.1763200920723	53.17632014744444	53.176320204366476	97.53979587719937	162.6795544789085	21.621524822197983	21.621524800203446	48.59784146767106	27.80325640936414	27.803256474223446	27.803256409364224	27.803256396094355	12.796426217499942	2.2373507475000167	2.2373507001593396	5.731529087571062	5.731529072679223	140.10294706507483	0.07168291250027892	209.20867596385355	17.871200033921667
238.7103185825894	174.5436573622112	24.712053337565862	24.71205331910832	24.712053569999966	55.825313669010995	23.729812617633883	23.72981265467598	41.12936104400276	77.11894842096828	77.11894854684425	77.11894837391515	53.17632006601849	53.17632037513252	69.70065741700921	79.68992234979362	27.803256063659234	27.80325640936414	27.80325637975301	12.796426359746818	12.796426501797242	2.2373506200000293	2.237350553470833	5.731529071692165	9.308601021561941	9.308600994945465	0.0	246.49623770814156	173.28312170491614	54.86526515046509
177.52762543378577	52.98159042815382	156.49041972588992	24.71205318218054	49.79231112428468	54.53369803286128	56.92876261452889	55.75892441418824	26.921066246994428	169.9886722872222	169.98867206383693	77.11894837391517	77.11894839068435	77.11894841687896	53.17631999836914	12.796426229754758	12.796426359648564	12.796426307258912	12.796426359746818	12.796426359746818	2.2373506200000293	5.731529087571062	5.731529088707447	9.308601021561941	9.308600994945465	69.94802710171192	37.54600569256246	209.42366365904348	78.89275010473361	17.518535885512193
0.03987712079251082	43.789126587917394	112.51268876329485	3.3361451554082464	7.641790887951288	81.47558411621026	81.47558415337619	81.47558413702924	81.4755841043353	169.9886720638315	169.98867200874037	169.98867218478	169.9886721325143	169.98867216462818	169.9886721944011	12.903815491161453	12.903815397591387	12.903815387991841	5.731529236971994	5.731529071198651	5.731529087002912	5.731529071692165	5.731529072679223	5.7315290068081595	71.99616450855797	25.94767772596174	27.291371207107545	57.48914993072401	163.43796033301612	225.19832810693939
144.23411057457622	201.0834307895754	255.0	0.0	0.0	157.65802098999836	81.47558415183519	81.47558414171658	81.47558412557561	81.47558416817202	81.47558414754309	81.47558416218806	132.5543683171054	12.903815387991841	12.903815350806354	12.903815389046656	5.726203424825172	5.726203475529502	5.726203494282601	5.726203503659065	5.726203430643096	1.6004626335150647	1.6004626029223914	1.6004625428819281	185.3239164562707	25.947677583643525	25.947677551569484	245.37322001649963	247.26181254615213	255.0
10.127499245344922	10.134600770253769	12.32048575991385	19.26984262266842	25.46243654233905	255.0	29.951797969744433	30.374465792951497	46.96371222022785	81.47558413633624	81.47558412557561	81.47558416180652	81.47558417866722	12.903815347162976	12.903815325454048	5.726203474266157	5.726203493959304	5.726203472853911	16.482439950232504	1.600462572985407	1.6004625993921024	1.600462494262331	52.10880364579657	140.59270130226656	25.947677562684618	25.947677562684618	25.94767752696606	170.33448038130445	254.9874593333466	255.0
1.0804593962378988	10.819774518339756	9.881053844980528	12.32048575991385	33.95862352313651	20.815280513424966	67.44708725904545	27.01249382867556	30.374465792951497	27.01249382867556	64.2375798748107	54.61283193544992	81.47558412557561	81.47558417866722	39.3350700344275	172.72736387170914	172.72736389344288	1.6004625417370448	1.6004626125955213	13.41161532053323	12.49735407286937	2.445964052462358	11.983179055864923	2.0408417901780354	20.283443501017388	25.947677529339302	25.94767733279764	251.31139481597475	156.52103422027028	255.0
