253.63604471723053	254.88014189037037	254.66164291674033	254.7795131438412	249.03076995513388	252.97763750000001	252.68963647170517	249.78070175438597	214.2	255.0	252.73659581772242	232.23214285714286	212.85485924053702	199.46666666666667	217.54055412678338	238.0	208.25	227.1560126441669	208.25	225.12857142857143	231.8181818181818	247.8333406012542	253.90009450609003	253.90009450609003	231.41794184859756	254.92775902604404	243.78439616056087	254.3135854834222	254.6732377610983	254.4202992004519
254.88012492063663	254.59009084545835	249.66154979778116	249.47154469333333	244.33797909065933	252.68963958469155	231.8181818181818	242.46740066520042	245.2781267916457	251.10188930121953	230.12859355376068	190.75739916	253.87617311702817	246.88636349608728	222.54545441900825	206.77834537950446	247.6844262295082	231.394440433379	231.23499142367066	207.8367999412162	204.91402502583978	227.9107180508724	223.6740454242485	247.17149683513458	234.44444654903944	240.95104400334978	253.32979201713124	251.50077551020408	254.3135854834268	254.87854543570813
254.88687579090683	253.86666666666667	253.08897669779168	238.68	255.0	242.4674007624119	245.3816426936242	245.38164222774637	232.6887800022171	239.0625	250.74716867200362	179.45945262747233	244.31227691966913	185.988289270878	240.69121914913367	184.7273237344123	214.86249370892094	208.82630069643588	220.03848219283077	238.03890018938486	220.08572473408077	207.81431334622823	206.7567567707268	210.375	231.87218960141942	239.62864521400843	250.06689433384275	252.76057886059718	254.11180579707383	253.8260056716947
140.2177684328748	246.42916666666667	227.54798063576987	150.18455560755825	191.8212424583465	250.75883575883574	239.71036575	232.68877997530953	231.07943935518853	214.2	154.8024948024948	25.234581326704983	191.25	220.29064748201438	25.234581326704983	217.45328111556546	159.74392518102366	174.6304056319142	194.39611183172184	215.62396328437598	215.07068789842953	230.89938549445168	212.93158637552514	235.08571428788264	210.375	246.0607803329101	246.36238239949594	250.06689433350877	253.44478911560938	237.44034118183563
250.16151662714248	230.08718071068634	233.74462748572387	252.3444619507694	114.66889646861986	241.15384615384616	236.73218067221853	120.0	217.82427946095237	233.2301130086177	133.25108906049076	208.84615384615384	191.25	137.29971834976578	153.282548415	232.23214285714286	147.423061396977	238.34075723830736	238.34075723830736	200.0269582350832	220.0384821915016	220.03848219080007	164.42307691563695	247.02797200420687	204.0	221.80952380952382	249.10147499119586	250.06689433178056	247.94361167281943	244.8
244.13962732336694	254.5915617762173	24.482789696887295	250.02091711132897	79.21240807009588	247.13652481388297	101.47470229499999	217.82427934708966	208.35321819597578	222.0442736270325	133.8424176318295	212.5	190.4	153.0	255.0	136.0	221.86823170814563	147.42306136421536	147.42306136421536	159.01530932333168	212.6757212746235	255.0	227.4641975308642	241.21621621621622	236.454545436	236.454545436	255.0	215.18889394629042	252.0265865975715	234.80139135914058
252.24931947239426	19.482254235264122	152.73015957342008	199.0402210403547	101.47470222504387	101.47470222504387	210.3516451909631	208.3532180530679	220.73244601238252	219.18922672500003	157.13203535753348	201.80065664512534	209.1404901622368	209.1404901622368	141.5840471742702	111.27078625305612	46.0669208060213	136.29141711884722	136.29141713548995	188.19352047517143	201.25353464580303	147.423061396977	161.0847363071377	161.08473630738575	214.61073821902505	146.9099161990655	202.725	181.06508875739644	209.46645977560277	234.80139135378212
62.42874857409947	228.21675880578022	160.35547826466214	101.4747021675	101.47470221	101.4747022250439	101.47470226911383	197.63225624597138	220.0714362651181	220.7324455260229	190.8199153710995	213.22266237813574	128.85350318471342	209.14049016223677	135.22298978579934	145.81552308719893	189.15928311094783	209.25115854536728	167.7233462745695	201.25353457621628	157.39948352883715	117.69230769230771	125.88130426620532	255.0	159.91525419641195	159.91525423728814	218.57142857583202	149.23495101371196	209.46645976638496	253.651239669
221.17424538865828	158.51797150298603	11.561851088187524	78.46153846153842	78.46153846153848	214.00064654833733	197.63225566762083	197.6322559084576	197.63225592729333	101.47470254999996	176.01048033805654	213.2226622609404	193.88019818137025	128.8535031847134	166.1883494125085	128.85350318471336	154.9865265692119	171.6607183008639	186.23161403111493	140.96053312202145	183.7389106339392	91.49135446685878	199.18604651162792	125.88130433417183	113.17868428326477	156.71875	229.5	203.94869215291752	192.744140625	212.4744591346154
251.196874481592	205.9551801577358	124.39607700384136	215.76923076923077	195.52744024282688	117.17854150809637	197.63225586040437	197.63225589903976	197.63225590845758	197.6322556761189	176.01048039677937	193.8801984289482	193.88019838111788	193.88019826943446	166.188349386335	114.16401211669975	114.16401211669975	169.4836804337849	167.98625170258072	167.98625173430813	139.54383948071805	126.0674157303371	126.06741571001231	114.65041491375001	132.79826718164728	118.55356425606797	122.65001735041622	155.390625	159.65108776643953	244.283625
12.990964082360478	178.99530993069993	71.59620419382347	117.17854127917988	117.17854122918652	117.1785412470974	117.17854124411568	197.63225566762083	197.63225566762083	197.63225567611886	178.49999991585	193.88019690846642	193.88019796443155	193.88019816990933	193.88019799425447	199.17916205682408	199.17916205682408	122.4328920034508	171.20483528736656	167.98625165813428	167.9862516782086	109.29805673632077	107.63598446678014	107.63598440597804	30.768905099382323	132.79826723921644	115.362	90.02126654064273	138.20570203993057	251.92100671099197
198.63010337380535	42.20489403517584	215.76923076923077	157.23645110246974	164.1671677880119	117.17854125605282	196.72827913930598	196.72827907751605	117.17854122658358	117.17854138233633	178.49999991585	180.49627550091066	130.08527787244424	130.08527788731965	116.01849543402238	116.01849530726301	116.01849543402187	116.01849543402238	116.01849578485141	159.79826102963494	90.13434818055327	90.13434816480918	90.13434818055327	90.13434820361823	90.1343481117002	84.38181818181818	103.48307291666666	114.51567567567565	114.40848214285711	252.76057886059718
197.97786797887903	89.85526494981661	57.70016904383286	71.99616450855797	184.36741504757094	184.36741516449968	164.16716718453165	164.16716729272787	164.16716728511167	164.1671673354017	164.16716740492876	93.947368515	191.25	193.37467149473244	95.05681470766797	95.05681469565934	142.40791853823367	116.01849530726301	116.01849559381606	116.01849503881886	90.1343481427235	90.13434819136376	90.13434815748832	90.13434819136373	90.13434811135838	88.40846824408467	83.671875	213.99523579947873	238.68	170.62254723189702
120.75853930614912	194.24785373032108	164.86565178161695	164.86565178161695	184.3674150073515	184.3674149549688	184.3674149549688	184.36741495068392	164.16716722720582	164.16716728644678	142.79999999999998	80.80183696608975	255.0	83.2176108051764	83.21761077720998	193.37467149627017	170.01836230724942	102.86537474500071	166.14465616614564	83.73134328358208	64.83050848007039	90.13434786526676	90.13434816480921	90.13434814595587	90.13434821838305	95.625	14.512195121951152	203.21110240901007	233.0330166856263	107.93023255813952
71.64630217699172	39.25226473762433	164.8656518886416	164.86565185404413	164.86565188829985	164.86565213473327	184.36741499029398	184.36741485020337	76.07872289856789	157.13203535753348	106.4427954490964	93.72383928884992	115.31527729604943	171.78238922279002	171.78238919482357	191.51256786634835	119.03994869324089	93.77013747683779	83.73134329636332	81.65381495076488	81.65381499715912	70.63258514979663	70.63258504931608	90.13434811170015	90.13434835813362	71.29032256693549	49.891304347826065	92.21461231645114	170.62254723189702	80.14285714285714
71.64630217699172	39.25226466749447	164.8656518882998	164.86565184251165	164.86565183519076	164.86565183519082	164.86565180863624	76.97257329425898	113.91063488374635	99.14992694290362	99.53196920161199	112.57718485103206	88.18516877781639	77.4328178134626	77.43281780509014	191.5125678187665	77.43281778659528	77.43281778659528	77.43281723558442	159.94318530434063	70.63258500970602	70.63258503611272	70.63258504503119	70.6325849926485	70.63258495242906	66.30000000000001	49.891304347826065	14.512195121951237	29.93654701159801	1.196929059664967
39.252264797433156	39.25226460687247	39.25226478431094	164.86565180863624	164.86565181944673	164.86565181944673	164.86565185727653	78.6853791570164	75.48245499882796	75.48245499840516	92.27022052224171	89.11894636091873	77.43281772827635	83.93786215575781	83.93786215791442	73.63686351343671	73.63686350717543	159.94318529233203	62.34728373568288	98.56881050196381	55.636363636363654	69.13217617359692	70.63258483550035	69.21302981040697	51.00000000000003	58.4375	97.76354889753026	183.57196022149674	203.97496828139685	9.495868647820856
167.277400676434	39.25226467723496	39.25226470771992	151.29405881117782	164.86565179638177	84.85992465208011	80.84688406780094	78.68537915324828	75.48245496883735	77.75888586201827	79.57382311928222	75.48245501220282	75.48245498367291	75.48245499361812	76.97257334452479	71.4303388538969	71.43033885865205	148.79149030575675	62.34728374830391	98.56881051156859	69.13217609068678	57.36774432388114	57.36774433237915	57.36774432388114	57.36774433237915	47.8125	61.54312464535451	166.02726509882842	205.6819554477026	0.0
167.27740033956917	167.27740032441693	39.252264706433294	84.85992469635244	84.85992465208011	84.85992467991318	84.85992464703469	82.92543869543906	85.9318049219269	102.89366742805515	79.57382311928222	90.88935871319453	75.48245501220282	75.48245499318287	96.9699147474955	96.96991475353713	96.96991475654013	148.79149030598987	96.96991486219665	78.98951960322066	57.36774407270667	57.36774409154239	57.367744100960266	57.36774413959563	57.36774433237915	47.81250000000003	61.54312466606723	202.633329350768	162.74424997691509	201.42729657638873
167.27740037830705	167.27740033679703	167.27740029528698	117.17854150809637	84.85992465208011	84.859924737966	84.85992484479425	80.84688409247832	81.36064789447923	82.92543861135798	82.9254386602343	82.92543864701005	82.92543863127014	82.92543863127014	82.92543866393123	79.57382311928222	96.96991477585505	96.9699147613932	96.9699147613932	78.98951966194346	57.3677440727067	57.36774409154239	57.367744100960294	57.36774413959566	57.36774433237915	61.54312470324399	61.543124691208334	195.2430708711689	2.6630437537538114	250.69571421069566
7.518509511807622	167.27740033956917	167.27740032296032	54.26330111628806	117.17854127917988	117.17854138233633	115.14085080447575	78.72537044161868	74.73572473894748	78.803636861661	82.92543855020813	82.92543855020813	82.92543865288553	82.92543874381201	82.92543866023428	82.92543868085244	102.89366742805515	82.92543871697242	96.96991477462936	34.78823752037718	57.36774375402862	57.367744043203885	38.560706589955146	31.117357733526035	35.227635374542956	45.85431163459617	153.0	51.0	74.4467587761981	24.488016633133185
5.079067937768031	108.28624857065597	167.27740033679703	54.263301040173474	54.26330107115879	117.17854124411568	117.17854122658358	69.2945216513759	76.0540494072709	144.48685743027517	144.48685746998626	144.48685749035738	82.92543862468744	82.9254386250295	82.925438638701	82.92543865339852	82.92543866707004	82.92543871697242	82.92543871233224	43.13635140998946	43.13635143534273	40.23376993013758	43.1363513426046	35.640705658338675	30.109598671752934	9.910065244912005	153.0	51.0	207.85633486596177	109.68656380318882
163.41933966788224	101.47470229499999	92.39404790009254	167.27740029411245	54.26330108665144	54.263301097001715	117.17854122918652	117.1785412470974	117.17854125605282	52.34654943000001	144.48685736059275	144.48685737801338	48.34825941689914	83.53081285197615	82.92543864701003	82.92543863870097	82.92543863127017	82.92543866393123	43.13635132697419	43.1363513426046	43.13635134260454	43.13635134260463	21.977467672679012	21.977467654999998	21.977467617306445	30.959623473118512	9.910065244912005	2.520674607270422	72.72264987480918	12.365781458865229
12.88781470953765	101.47470222504387	101.47470221	101.4747021675	92.39404790826558	54.26330108735851	54.263301133129374	91.53082749979754	91.53082755034674	59.85605880598132	59.85605881903135	59.85605880214962	144.48685740887265	48.34825932034414	88.5538798327047	88.55387980689329	83.53081288022298	43.13635134260454	43.13635132697419	43.13635134260463	43.13635116094375	26.99146547920799	21.977467612499993	21.97746763576393	30.959623416422374	30.959623405088962	39.3350700344275	110.06616891884678	202.62861907315045	28.50867126450285
254.95690607744257	7.518509511807622	101.4747022250439	101.47470222504387	101.47470254999996	56.042805665356894	107.57693860302297	107.57693863578461	54.26330078653103	118.16554788072557	118.16554801119955	118.16554783827044	59.856058901592206	59.85605896726389	69.13854917648158	76.43312755015731	43.1363514099894	43.13635134260454	43.13635128546656	26.991465595592302	26.991465746843232	21.97746774000001	21.97746757147854	30.959623399757334	14.501093907098323	14.50109380660615	101.58910129873908	211.60789277797193	31.675816471252972	25.48170472421458
117.27971341247766	12.88781470953765	7.259137131810434	101.47470226911383	49.83611302979563	53.273374844219745	51.21265999203692	55.81078241435844	93.72383928884992	6.203571079813855	6.203571230580451	118.16554778062746	118.1655477842549	118.16554784195611	59.856058665426616	26.991465465600243	26.99146546336678	26.99146555785893	26.99146559559233	26.991465595592302	21.97746774000001	17.14511591788002	17.145115870721384	14.501093907098323	14.50109380660615	69.94802710171192	37.54600569256246	136.42057365632525	243.86112665078775	228.00395495377637
237.14456688971424	2.0363567065075756	76.95772310416308	82.194350033393	83.83151515604055	87.90384410436789	87.90384410436786	87.90384412487452	87.9038441658879	6.203571152893943	6.203571079813855	6.203571230580451	6.203571263210193	6.203571288109771	6.20357135490832	18.345310878524174	18.3453107859784	18.345310761050627	17.145116012197178	17.145115928856143	17.145115941459295	17.14511589739689	17.14511590034951	17.14511590034951	3.603123976254068	25.94767772596174	19.99280713557843	110.61924454525348	153.4223902222039	0.31236620499132073
18.103975465540117	31.652649081002522	30.374465792951497	89.85526494981661	71.99616450855797	118.1474927202332	87.90384406847159	87.90384411087405	87.90384412701505	87.90384410586134	87.90384414816873	87.9038441837925	107.00608470966142	18.345310761050627	18.345310739705468	18.345310762550298	18.447747911659576	18.447747920180063	18.44774790142705	18.4477478920505	18.447747800861322	15.7213238614452	15.721323889972751	15.72132395827387	54.61283193544992	25.947677583643525	25.947677551569484	75.36708353349877	4.967499522331622	23.81396105688802
10.141105571186245	6.785717594918708	12.279156021895687	24.336367425052657	25.259889972203638	30.374465792951497	30.21242603771887	30.374465792951497	56.758671672870065	87.90384410549376	87.90384412701505	87.9038441248745	87.9038441658879	18.34531059052719	18.345310761050627	18.44774791610999	18.447747925716953	18.44774788409839	23.861892958030126	15.721323901955799	15.72132387554899	15.721323827619642	30.704048922865496	51.55725119257383	25.947677562684618	25.947677562684618	25.94767752696606	222.2736464902784	254.8264804020709	255.0
1.0979570408584323	10.097345073404398	6.772934953146489	12.214779388372477	17.510779192640427	17.765628853234233	43.54940524239396	30.374465792951497	30.374465792951497	45.684891360443885	30.374465792951497	54.61283193544992	87.90384409473307	87.9038441658879	39.3350700344275	48.446509355428105	48.446509524472646	15.721323947027855	15.721323862345685	10.422009774746385	9.703792958875027	2.1979366054970626	6.213235285898975	0.49731493718238085	255.0	25.947677529339302	25.94767733279764	94.84555771284184	0.03842340588687421	0.0
