254.37235139516608	254.63293453925925	252.37559892477853	251.316195906538	250.90788631950784	240.2148016826923	230.11043739699454	162.5438596491228	232.05	199.46666666666667	251.30346995739586	242.85714285714286	240.0383385731569	244.8	191.76819553314508	221.0	230.714285707	199.68842183724908	230.714285707	176.5875	245.064935055	254.6155545417721	253.31615591522208	253.31615591522208	231.14077058137258	254.8631653218916	243.42280936497852	220.67411408568398	245.03974486448794	254.38792638909436
254.99621434273357	247.58560804567253	254.1951759856105	245.32520327	245.47708389285714	230.11043769825358	245.064935055	228.22236839884422	219.90475588017966	249.17968636723998	162.83806612097266	231.763125	108.02298131305238	212.11363624311724	226.02272714430526	179.95163296717743	215.28688524590166	238.4990106760615	192.37993138936537	161.3111546087388	204.04670855066485	227.77519245973664	245.86566768574693	247.26866915695456	226.09383485116336	240.98862250768875	253.3840112323904	230.88815625	220.67411408819734	234.79299686610835
253.83381539820516	250.46666666666667	244.74996593384358	248.115	226.21922258834715	228.22236832526644	202.40510949252965	202.40510872899827	211.55994807701285	127.5	34.20456129696956	227.4236131029521	240.08363653056645	221.38318158143204	235.90109214156362	154.96503137298288	91.710220359922	106.03236378533387	124.6017541009409	238.37475217668708	219.09015472552477	89.85009671179884	247.36969115117364	195.5000000085	231.49512520829205	239.48562213357627	188.02366951161358	239.5684982264484	201.03599208428284	179.46315377562232
140.2177684328748	252.6870748294	0.0	200.44203136909073	204.95004829655994	47.78883278883279	200.838414640625	211.55994795766557	210.68247132182177	130.05	179.87080487080488	181.20069735729203	212.5	110.75334018499484	181.20069735729203	205.33035971063123	221.41417109386887	145.28939982744373	233.63199987368318	214.77896893481207	216.12204292969852	180.8202476483075	85.15509121373304	145.47142859311225	195.5000000085	204.76161500252317	167.52164835543806	188.0236695199061	207.95487074461164	253.89145833333333
250.16151662714248	0.05440611187586342	200.7752058543896	73.79708906683393	248.91274989141715	33.46153846153845	190.88995426671346	144.23076923076923	188.56430149757645	184.53285984127544	199.02163034092206	98.0769230769231	212.5	194.05278520090624	203.3625	182.14285714285717	126.96560730698769	234.3652561247216	234.3652561247216	200.4436051471002	124.6017540796191	124.60175407195274	234.89010988937147	211.15384614429166	229.5	205.21428571428572	148.77898107692124	188.02366949644218	141.68576474663402	252.45
169.64252249108745	181.9731770492579	235.39419278089707	147.6297462704161	50.69625827338706	2.0345672141440048	133.33408022999998	188.56430153230423	174.91345749083854	154.53356169508476	211.45648101660137	84.99999999999997	81.90909090909093	178.5	136.0	204.0	214.15938419473528	126.96560731075232	126.96560731075232	157.94936608221687	145.69700270438094	198.8948196801022	86.34320987654323	178.0405405347973	219.3	219.3	155.42857142857144	247.57168866636323	143.45053782451865	253.15911650048386
215.57533927183593	127.31446787789577	13.099420406682896	126.91899350810232	133.33408004696048	133.33408012079056	176.58985130624188	174.91345727788803	151.2711863121158	161.3305956375	183.35567747190316	191.11025064356943	199.45806006213323	199.45806006213323	113.62187661767686	180.23840320453084	146.5578262051836	156.23288631052802	156.23288632509298	187.03774885627894	179.9955350419322	126.96560730698769	107.73271896217625	107.73271896256526	214.61073821902505	225.13467676801488	225.1285714293	230.85798816568047	246.90379565528767	253.15911650128095
82.44646311511832	254.92470961172816	38.87365053007744	133.334079975	133.33408006000002	133.33408006541805	133.33408006795173	160.1983275205023	149.64208762571224	151.27118625973856	63.47815097158076	151.7057720474404	101.42250530785566	199.4580600621332	175.9076468206166	176.30529153713536	161.8871652437	209.91447267685402	113.59565954102027	179.9955350302875	48.78762189475384	176.53846153846155	202.4776633328296	164.89558354244275	224.74576269296466	224.74576271186442	214.74175824333145	201.76610073921793	246.90379565548855	250.002
231.8305378671226	222.93122009152745	202.99362905291179	98.07692307692307	98.07692307692307	134.81610154994837	160.19832694215174	160.1983273529514	160.19832746780273	133.33408022999998	190.3496102852859	151.70577199051164	182.19719899080752	101.42250530785563	184.45389758022128	101.42250530785566	63.70454810606117	170.3309491176047	159.58773656280485	174.3619196689565	87.877931712898	106.55619596541786	56.16279069767441	202.47766337315034	165.26285550217344	222.0625	195.5000000085	186.41851104929577	186.30872938368057	248.5391826923077
212.07093591694107	165.30633734247027	57.738174524269795	19.61538461538464	148.70676793100654	145.77907817165195	160.1983273277188	160.198327421113	160.1983273529514	160.1983274678027	190.34961027467097	182.19719959580306	182.19719839536396	182.19719899240806	184.45389759800804	111.42819641824087	111.42819641824087	169.78029077121772	76.11509868529947	76.11509871823657	167.72334627555404	79.4977360389066	79.49773601819132	189.66608834624998	181.44601167328358	93.41887420385214	155.81859175208115	148.63932291666669	193.14492818804337	251.5007755101
219.19296247193572	247.8353413572128	0.4409503091125373	145.77907817165195	145.77907808376273	145.77907803167864	145.77907805172396	160.19832694215177	160.19832723132703	160.19832696545382	196.350000019635	182.19719873381018	182.19719881204992	182.19719875246415	182.1971987338101	201.05240499446458	201.05240499446458	95.39937022961843	47.61754778397881	76.11509858808876	76.11509866873672	153.72888060557472	155.55137184998316	155.55137171935445	43.95927385619353	181.4460117205478	137.088	167.14792060491493	186.30872938368057	242.93497494848668
245.9743988003711	5.25687621847149	19.615384615384613	206.34206811014957	44.09269388436874	145.77907805534517	117.44351528111883	117.44351528737204	145.7790779917599	145.7790781263448	196.350000019635	168.39338783961568	176.05099572011056	176.05099574518675	89.46632032895599	89.46632044068096	89.46632032895556	89.46632177917454	89.4663199692043	159.6051845938465	172.2495924521868	172.24959245616546	172.24959250569913	172.24959248160113	172.24959242950865	84.38181818181818	148.63932291666669	114.51567567567565	114.40848214285711	239.5684982264484
231.8305378671226	138.4777707241397	73.70757177570857	110.95474892207613	111.77867617238036	111.7786760417261	44.092693582628556	44.09269377190549	44.09269378378869	44.09269388436874	44.09269394581247	140.25	127.5	185.88939018521475	186.03876420562597	186.03876420383392	140.92422769612352	89.46631855121444	89.46632066165304	89.46632058335925	172.2495925404299	172.24959246949385	172.24959245844732	172.24959246949385	172.24959247096842	68.0211706102117	83.671875	200.7900467764085	167.53500000000003	170.62254723189702
40.366701935453534	13.619868011328208	82.75040752903163	82.75040752903163	111.77867609295197	111.77867611002725	111.77867611002725	111.77867609804426	44.09269370638347	44.09269378619311	51.0	140.9605332114484	80.80183696608975	80.84589321713042	80.84589301738876	185.88939018652223	157.9517994535506	78.42587707562478	120.19954358309226	49.47761194029849	103.72881356811263	172.24959242950862	172.24959245616543	172.24959248833378	172.2495924709684	90.3125	131.30081300813006	123.77265314972439	255.0	107.93023255813952
46.616404015460404	51.314431259306275	82.7504075290316	82.75040751166625	82.7504075704914	82.75040757049135	111.77867613765437	111.77867614417781	123.18771752421148	93.93366886594421	0.0	115.33074784287777	116.20937755906411	174.15410698261124	174.15410678286952	106.20854832937567	119.01010408579089	71.08464196122566	49.477611955636036	125.7167830450473	125.71678326136364	143.2213238558222	143.22132390195574	172.2495924295086	172.2495924295086	95.9677419217742	105.32608695652172	253.40115345658515	170.62254723189702	80.14285714285714
46.616404015460404	51.314431259496956	82.7504075704914	82.75040754155268	82.75040754383454	82.75040754383454	82.75040753050615	24.329353624928473	36.62369904954727	99.36065287515393	99.82730940983012	116.07473803045258	125.06257828212586	57.020088421383775	57.020088296380266	106.20854836665609	57.02008825396635	57.02008819982922	57.02008783936495	68.96123579616608	143.22132386234563	143.22132388875238	143.22132388997278	143.22132390704803	143.22132382761964	81.60000000000002	105.32608695652172	131.3008130081301	248.62582479382831	100.07190445683133
51.314431046086014	51.31443127885325	51.31443124676326	82.75040753050615	82.7504074943009	82.75040754781321	82.75040745957014	54.35489021666848	41.51118229191127	41.511182296959475	91.86247631969087	82.81933418713828	57.02008806155882	67.24641301610995	67.24641301733621	18.95987511242629	18.959875089662603	68.96123579437406	35.57904877495287	93.63258950534231	41.72727272727275	110.16798905701967	143.2213239582739	112.05651338120808	51.00000000000003	90.3125	48.65793188985046	38.907303950306016	88.9450545565494	229.27379996116974
8.731527656174563	51.31443127223068	51.31443122021224	103.29941106743217	82.75040751839887	24.359754778152535	47.89075716960082	54.35489020360251	41.511182259575946	88.38564748365704	95.3692454012803	41.511182286797435	41.511182293394626	41.51118228904616	24.329353712877804	16.150832781222533	16.150832796524355	36.33389661509264	35.57904878665116	93.6325894862209	110.16798925124246	94.80167253219727	94.80167276867297	94.80167303454618	94.80167305784826	47.8125	117.17854127917988	166.02726509882842	131.88377558880944	0.0
8.731527937604568	8.731528031414541	51.31443125525237	24.359754679743958	24.359754735244962	24.35975477382337	24.35975496198205	28.10219715912322	85.73123618163561	102.89366742805515	95.3692454012803	89.88545447522304	41.511182286797435	41.51118229119558	32.138328396225035	32.138328413090846	32.138328423574734	36.33389656821146	32.13832847827416	64.65038972532903	94.80167278337177	94.80167264704858	94.80167257888701	94.80167267228123	94.80167247949771	47.81250000000003	117.17854122918652	56.49205553019797	217.591098870674	178.4293315236146
8.731527857851972	8.73152804552069	8.731528106632453	61.54312464535451	24.359754713791176	24.359754765855882	24.359754637272772	47.890757175325405	81.12162746447956	28.10219715912322	28.10219716143976	28.102197142375275	28.102197137041173	28.102197137041173	28.10219718010822	89.88545447522304	32.1383283529029	32.138328424169885	32.138328424169885	64.6503897147141	94.8016725321973	94.8016726470486	94.80167257888706	94.8016726722812	94.80167305784826	117.17854124411568	117.1785412470974	6.502546645492657e-05	222.18791488419154	35.82047660354837
7.518509511807622	8.731527937604568	8.731528023705607	94.29078379206649	61.54312464535451	61.543124840907666	84.84885709394487	77.7761128737063	77.07689797512234	78.5829524938247	28.102197142375218	28.102197142375218	28.102197145052543	28.102197142375275	28.10219716143976	28.102197121039183	102.89366742805515	28.102197257275066	32.138328390706846	58.59696396621274	94.80167247949771	94.80167247949771	53.621684846759734	50.07242129804703	35.227635374542956	84.06995065033274	76.5	51.0	230.26069257762697	233.39750636113007
0.4409503091125373	34.63877335274745	8.73152804552069	94.29078381761329	94.29078384242001	61.54312470324399	61.543124732188744	69.75262081966054	75.26028165954949	130.9810780880661	130.98107798159077	130.98107776218455	28.10219711233532	28.1021971637563	28.102197168389353	28.10219715912322	28.10219716375633	28.102197257275066	28.10219722850917	23.734773958744057	23.734773972694114	29.773877192028664	23.734774141755793	44.72161308883929	30.109598671752934	101.75481378375673	76.49999999999997	51.0	226.84827113201754	255.0
138.33430901407223	39.49999979999998	147.69435007298256	8.731528219034516	94.2907837957815	94.29078384918606	61.54312466606723	61.543124691208334	61.54312470377886	83.94079978500002	130.98107784908134	130.98107778823777	99.8712214982923	19.42127000386168	28.102197142375218	28.102197168389353	28.102197137041202	28.10219718010822	23.734773968044152	23.734774011574927	23.73477401157487	23.734774011574927	21.977467672679012	21.977467654999998	21.977467617306445	28.79972406958038	101.75481378375673	183.7938693701985	1.4325600674976045	146.56470065709937
226.4556596088265	39.499999803047444	39.49999980000001	39.49999980000001	147.6943499456782	94.29078374179693	94.29078377394973	165.77277487505143	165.77277490767085	43.5279951688772	43.52799510905314	43.527995204656236	130.9810778018651	99.8712215996606	16.44728149341401	16.447281485979545	19.421270026681697	23.734774011574927	23.734773968044152	23.73477394648455	23.734773986644285	19.700280982126145	21.977467612499993	21.97746763576393	28.7997240133125	28.79972397248369	112.45529623877391	2.984685449917947	195.4392967134319	207.42111163747097
21.981054439851164	7.518509511807622	39.49999980304747	39.499999803047444	39.49999979999998	55.66794046996472	128.0343926930123	128.03439268924768	94.2907836915274	105.92680551224572	105.92680559280782	105.92680550634327	43.52799502261311	43.5279950599469	62.74462099482972	75.95681432334783	23.734773958744057	23.734773881394062	23.734773972694114	19.70028109979299	19.700281258319848	21.97746774000001	21.97746757147854	28.799723989481038	35.48651887114477	35.486518833300835	11.733563153477633	32.04855367843825	42.96749348063764	5.968068714542113
242.78251086391364	138.33430901407223	105.47520537911558	39.49999982020208	50.04620071159664	119.7995414406779	51.21265999203692	55.07737007505733	41.65169310899307	72.82897441952574	72.82897447784106	105.92680547752178	105.92680542058113	105.92680551763564	43.5279949814709	19.70028109979299	19.700281120222996	19.700281166255337	19.700281143123675	19.70028109979299	21.97746774000001	28.7997240133125	28.79972406958038	35.48651887114477	35.486518833300835	69.94802710171192	37.54600569256246	21.500439432164143	115.89787879761923	5.7342230679245745
8.225170085285441	232.31781279497855	20.819648440483604	1.8561040019797588	197.41229054437125	81.03030893069797	81.03030893069794	81.0303089391499	81.03030903038572	72.82897435112542	72.82897441952574	72.82897447784106	72.82897448584123	72.82897450377084	72.82897451899896	32.65654693227975	32.65654684242779	32.65654684138815	28.799724052450358	28.799723997979697	28.79972398517853	28.799723989481038	28.79972397248369	28.79972397248369	71.99616450855797	25.94767772596174	16.915684380143432	211.06959393996615	212.88754385790008	56.64566870828668
228.0762154169282	196.32480051608542	0.0	4.496901491118507	3.603123976254068	41.202892189814094	81.0303089289622	81.03030893025633	81.0303089302563	81.03030897279632	81.03030895228014	81.0303089239201	55.22322456984091	32.65654687265703	32.65654679750182	32.65654683363479	26.563102200097802	26.563102111920898	26.563102093167913	26.563102083791364	26.563101968003423	15.7213238614452	15.721323889972751	15.72132395827387	149.46075717923594	25.947677583643525	25.947677551569484	254.47391199289535	217.72953509089584	125.19123819261998
10.101242325520673	10.04792453629662	12.162543973671774	18.82194641982636	35.89520281465903	0.0	29.7854290307304	32.57536585338528	26.81615525181647	81.03030894101695	81.0303089302563	81.0303089391499	81.03030895605383	32.65654664428277	32.656546810119266	26.5631020498013	26.563102090797713	26.563102049866302	46.178379537957454	15.721323901955799	15.72132387554899	15.721323827619642	183.00383548753203	0.0	25.947677562684618	25.947677562684618	25.94767752696606	91.26558133935714	34.42406710463237	255.0
1.074708904997152	9.258737076758166	10.384545770118763	12.162543973671774	2.301507749133947	255.0	11.334525619787001	50.852469013865004	32.57536585338528	50.852469013865004	39.19820460146647	31.451129933216095	81.03030893025633	81.03030895605383	21.479235177439392	21.610734838439072	21.610735041164872	15.721323947027855	15.721323862345685	56.19929737101498	52.97999711158431	16.00197737709368	0.031451630660797036	7.2749819481059035	224.90522689180452	25.947677529339302	25.94767733279764	214.43316244396337	20.7857849028523	255.0
