254.97330194091106	254.76584022444445	253.05857724512023	254.93549081641225	253.0409731461812	254.2213203125	254.42011173722435	253.22916666666666	244.8	163.2	211.26617604707994	250.44642857142858	228.19290855899663	244.8	231.01295631446507	212.5	246.5	204.99491346552176	246.5	194.89285714285714	247.27272728045455	215.88337316725423	221.4871491544018	221.4871491544018	247.97236093458315	242.85080333131796	253.40554910479378	246.31827883149174	240.6071457942176	247.16164901945706
254.9974275977217	251.66037354227404	254.3638075839812	247.27272729333333	253.6838161923077	254.42011331935277	247.27272728045455	239.99109966318824	250.24978462011737	205.25345889104392	188.76222903657293	213.617580765	241.25566655046077	208.63636351782026	250.3636362213843	221.65132900702758	230.03415300546447	220.50939993604715	207.032590051458	212.28716681294605	238.50965483249644	236.26578323793103	247.31159436103482	228.92889363730387	234.8044179598103	240.76170455717588	243.27266504633354	240.83188775510203	246.31827883103404	252.11510510076585
254.49682855062804	247.91666666666666	244.7689182404366	252.96	228.73161711203332	239.99109976993063	251.77196818590113	251.77196691622274	228.77561913361893	248.359375	166.67425920725316	206.0369138693475	176.47366780220318	204.79571312322855	170.37591435013383	203.03935979095215	205.4907467373843	204.22982384268744	172.753714001398	203.69052530212792	219.67034381968614	227.87234042553192	251.55405408828068	242.25	231.58232306645755	239.45774910575133	228.21464264182262	245.93248846775134	242.41998817066315	254.71736149430313
140.2177684328748	254.71666666666667	231.39608952371393	253.05013244873223	254.59074588048676	0.0	247.51420459375	228.77561917294204	227.1852036507865	163.2	253.56103356103355	252.4250427217648	233.75	194.53381294964026	252.4250427217648	210.61019773305867	189.73070362959643	193.2206154378867	213.47432148338766	213.83565583676696	215.15153403308605	208.14669614542802	228.9894141195141	197.75510204081633	242.25	194.5688469213784	244.59407532196602	228.21464264373134	242.1491045397751	203.52402998175884
13.937515386389748	135.22769564923397	191.88316000432317	148.5377202213716	190.05762599648494	0.0	246.0470616001663	249.23076923076923	212.0609504318129	245.6659967263524	22.535918326693633	207.69230769230768	233.75	166.16339205682772	179.132231445	201.875	211.88151867840145	162.61692650334075	162.61692650334072	200.69270509716273	172.7537139752455	172.75371397887955	252.69230768087365	86.53846153454577	234.6	197.75510204081633	217.58008540159983	228.2146426343476	252.26960565909312	253.368
250.9228477153402	230.9161649339517	87.77838274402151	3.443995982796281	237.7756210595088	131.2230288115517	178.23735127499998	212.0609504542583	201.5651156091198	240.73667363812058	89.93726790069744	233.75	159.8	204.0	102.0	204.0	138.6785640398211	211.88151867035631	211.88151867035631	210.18238978982558	134.45553914092062	182.25363355128246	88.7777777777778	129.22297297297297	153.0	153.0	140.51020408163265	54.435593991806996	146.64773662551443	189.57968052848355
245.34553293021858	105.5021827693487	243.8602798859969	35.58829175712836	178.23735113097945	178.23735116789447	203.59835265361448	201.56511546873696	240.15172222909644	235.519120725	214.46176166652586	106.43462497782946	117.24542630307212	117.24542630307215	161.08469612057647	235.9749727590063	244.80248227195395	227.86930496634383	227.8693049675664	188.53062206142368	192.0596612353021	211.88151867840145	127.2917305022389	127.29173050863845	211.53020130679022	225.08379888309938	217.6000000017	37.72189349112426	153.1920903981857	189.57968053336444
181.29763749687643	18.796362458309062	4.451939687876774	178.23735102	178.23735110500002	178.23735111252194	178.23735113455692	189.80437266202648	239.85654422983268	240.15172226181298	220.1770338946926	151.78555269878942	148.70488322717625	117.24542630307215	155.63523051100827	208.44358262185	150.8966859316828	157.5140277068396	131.19644015136896	192.05966119828406	180.30535280767901	19.61538461538464	74.19781039135856	138.16998792674127	102.28813553857228	102.28813556440676	106.17216113868992	70.15327762349591	153.19209039333418	214.2
17.459858781128844	133.32983789455545	73.93180782008079	235.3846153846154	235.3846153846154	237.141572565627	189.80437266202648	189.80437250799804	189.80437252940388	178.23735101999995	214.0793174351221	151.78555258447582	95.77314573511993	148.7048832271762	144.25764719156666	148.70488322717623	149.43745331501486	147.33360727822998	93.72383933791295	182.8751083066917	134.18009691619176	208.70317002881845	26.16279069767441	74.19781046340393	49.227233612053084	109.79166663125	178.5	143.66197183098592	96.08384874131946	167.50267094471153
254.89468185187738	199.25826055691806	64.86699695489085	0.0	185.81644868438704	186.08927052513167	189.804372469243	189.8043724972951	189.80437250799804	189.80437252940385	214.07931738495293	95.77314558689281	95.77314542212113	95.77314587292966	144.25764715191318	186.14560540195026	186.14560540195026	170.34340571627857	115.3869398373055	115.38693987459149	157.34243499431457	95.79070937447597	95.79070941804287	74.60608752374998	144.84236210045884	55.37201384771342	110.53243148022892	68.95182291666669	146.26096997415328	249.51466666644
65.20764636328869	95.51106011384167	170.76845414907436	186.0892707540482	186.08927066430186	186.08927064011823	186.08927062205782	189.80437150532543	189.80437237285122	189.80437202705497	93.49999991585	95.77314573699582	95.77314583880712	95.77314587336969	95.77314609892508	131.80546924020518	131.80546924020518	142.36148609909196	49.11977590850077	115.38693978002635	115.38693983140749	119.79752592027864	118.86930580287878	118.86930597497582	77.0510237706495	144.84236214589515	107.71199999999999	153.6507561436673	96.08384874131946	245.13144430745805
234.23618524900567	254.9895370501558	0.0	75.22141232515398	201.8661993465279	186.0892706280264	226.7306057256273	226.73060591714315	186.08927055606267	186.08927069116817	93.49999991585	86.24417430337152	189.6847468619199	189.6847468525305	135.956975578073	135.95697601055645	135.95697606147883	135.95697702829153	135.95697657022106	160.15536309892718	48.4520025186259	48.45200255028408	48.45200251862585	48.452002583197185	48.45200248374772	58.109090909090924	68.95182291666669	81.30594594594595	81.22983870967744	245.93248846775134
17.459858781128844	194.2674012294443	222.0369719422112	155.65596279056598	212.7519856851738	212.75198571325242	201.86619904478775	201.8661990415468	201.86619904478775	201.86619904478775	201.86619906885218	115.90909102500001	148.75	103.45764762147908	214.06125824231074	214.06125816007537	141.55607161909472	135.95697601055699	135.9569750867115	135.95697596467545	48.45200260531499	48.452002460335564	48.452002525404396	48.452002583552286	48.45200253896138	39.05977584059775	57.62019230769229	191.90043461301858	199.92	230.90814518769977
13.882621095863556	0.0	206.54799756806332	206.54799756806332	212.75198563715765	212.75198555098893	212.75198555098893	212.75198557946857	201.8661990415468	201.86619900696724	112.20000000000002	140.9605332114484	57.477849466180345	155.8989791150127	155.89897950633724	103.45764759171948	79.4736764169636	121.7636113370138	144.53241243581266	60.8955223880597	25.93220339202813	48.45200248374766	48.45200255028408	48.452002528793656	48.45200243193668	37.1875	244.6341463414634	0.2331988675947798	215.8970257057761	107.93023255813952
14.608717150046715	203.68556874069378	206.54799746103862	206.54799747120634	206.54799751625234	206.54799751625234	212.75198553985848	212.7519855610628	97.78041814478013	113.14138915514471	105.46865383742272	140.9605331234972	116.94767223545162	99.10102049366276	99.10102088498729	25.657215639426596	119.17594230099917	111.57027203278807	60.89552240254508	91.41862180317125	91.41862171022726	42.24801443893722	42.24801442053143	48.45200248374766	48.45200248374766	63.06451611532259	94.2391304347826	98.06547022731829	230.90814518769977	80.14285714285714
14.608717150046715	203.68556874050307	206.5479975162523	206.5479974745956	206.54799744971587	206.54799744971592	206.54799753966444	72.73863854229916	86.06483505285027	99.43218837059936	100.07306840925986	109.963201495997	105.93164169003978	94.29640144225445	94.29640164063196	25.657215686660066	94.29640151808388	94.29640151808388	94.29640163820014	40.93874183992463	42.24801446014155	42.248014433734795	42.248014449011094	42.24801436284238	42.24801431482618	61.19999999999999	94.2391304347826	244.6341463414634	255.0	3.8476234142243584
203.68556895391401	203.6855687211468	203.6855687532368	206.5479974164477	206.54799748137415	206.54799748137413	206.54799739468498	57.93505003179476	50.86938376335149	50.86938377862606	91.68190620956125	86.18105086297959	94.29640115460538	61.49918474529929	61.499184761703276	97.7960402526069	97.79604030605554	40.93874175768926	44.28304388469019	27.620125878455013	23.181818181818187	77.96792833889498	42.248014286747576	78.40018961461848	34.0	37.1875	179.778587674846	16.252607354963857	247.18340954218874	63.502642963215834
0.0	203.68556872776935	203.68556877978776	140.1444372789647	206.54799741680281	61.39098860759097	56.96931242575948	57.93505003243689	50.86938376686254	16.5316938212664	92.01912809687695	50.86938377863271	50.86938378671715	50.8693837950409	72.73863859566927	90.33375685678894	90.3337569332893	30.939751086782678	44.28304397209192	27.620125885419043	77.96792832975711	65.19562747059615	65.19562762714875	65.195627972945	65.1956284946746	31.87500000000003	7.957619221915365	185.74957497633895	60.86698392532284	0.0
0.0	0.0	203.68556870256197	61.390988412064274	61.390988521775824	61.39098854836905	61.39098852458346	47.36629348716451	85.75594959124254	92.96913151177463	92.01912809687695	102.89366742805515	50.86938377863271	50.86938375700498	56.813983098401366	56.813983086746475	56.813983095149695	30.939751063457493	56.81398317621364	40.92068261504707	65.19562747059615	65.19562749200196	65.19562750270492	65.19562753075701	65.19562733797349	31.87499999999997	7.95761931294922	217.54076424487766	209.5114898286592	12.773044689726078
0.0	0.0	0.0	76.86834869678364	61.39098847886822	61.39098844787836	61.390988749621755	56.96931241740111	75.85963743317294	47.36629348716451	47.36629349106903	47.366293445147164	47.366293484557616	47.366293484557616	47.366293523968125	102.89366742805515	56.81398304168857	56.813983109275455	56.81398309026048	40.920682564877865	65.19562747059615	65.19562749200196	65.19562750270492	65.19562753075701	65.19562733797349	7.957619295839606	7.957619278776036	1.9116872584885414	122.47132732483865	160.89059696326697
52.98159042815382	0.0	0.0	71.5747892722355	76.86834869678364	76.86834881751298	84.91549435134104	77.88536019268204	78.2025135301322	78.23348574711045	47.36629334834524	47.36629354194906	47.366293477857795	47.36629354194912	47.36629349106903	47.36629350598707	92.96913151177463	47.36629358055231	56.81398308864635	13.313657476415443	65.19562733797349	65.19562762714878	33.76811181473303	19.326099213019546	23.090724423892937	53.30352440400833	102.0	51.0	243.21473910243319	37.227283640919495
170.76845414907436	166.88213328978782	0.0	71.57478925422808	71.57478920381871	76.86834867378178	76.86834866228082	69.80267910841275	76.28444686552186	56.96444435610226	56.964444048014	56.96444402851509	47.36629350278258	47.36629349497352	47.36629350278258	47.36629348716451	47.366293494973576	47.36629358055231	47.366293523968125	29.88619460242009	29.886194470109388	16.261566907962703	29.886194421340008	32.69615390129911	19.73599527903255	236.23452170258065	101.99999999999997	51.0	133.31157549591802	184.25962860203032
7.518509511807622	56.57143124999999	35.386773619904545	0.0	71.574789178614	71.5747891561636	76.86834864864738	76.86834867179687	76.868348633663	66.67001877000001	56.964444070447485	56.96444402127136	185.855005800921	42.55889508894512	47.36629344514711	47.36629350278258	47.366293484557644	47.366293523968125	29.886194414295517	29.886194377946396	29.88619437794631	29.886194421340036	14.156918655948289	14.156918639999986	14.156918600575722	10.383181051488805	236.23452170258065	75.37577683548113	136.31411548834757	0.30446830030777505
187.0810621177804	56.57143117793993	56.57143116500001	56.5714311225	35.386773650006404	71.5747892340766	71.5747892210837	48.05658219570569	48.05658220391669	73.74469860223763	73.74469869828366	73.74469874940462	56.96444410651026	185.85500573926436	17.025773843411145	17.02577387550093	42.55889512715268	29.886194291159114	29.886194414295517	29.886194356249604	29.886194337798827	10.574285896177003	14.156918639999986	14.156918619033206	10.383180998872291	10.383180985995864	85.74827458338453	158.58890468974323	6.345396131780603	254.87413342658974
54.92847229525742	52.98159042815382	56.571431122567446	56.57143117793993	56.57143124999999	55.68408187266894	43.11848132159855	43.118481329643686	71.57478892401983	44.13401244734109	44.134012254620984	44.13401242755006	73.74469856610634	73.74469890276742	69.0595668295727	76.878718919009	29.886194002915175	29.88619442133998	29.886194320233216	10.574286062815844	10.574286183082648	14.156918639999986	14.15691844060629	10.383180984207769	30.727118881624307	30.72711880374837	1.6891279839787785	0.9610497767049537	143.13882536862914	83.54484498776861
52.923593944376194	7.518509511807622	90.87141338605213	56.57143120250862	49.864299642345	49.509782498504364	55.07137841383732	57.2274045028349	57.47784929317484	223.8173418357558	223.81734190823943	44.134012369907055	44.1340124300101	44.13401242351097	73.74469860223758	10.574285802831724	10.57428588997098	10.57428598767487	10.574286019485157	10.574285997819828	14.156918639999986	10.383180998872291	10.383181051488805	30.727118881624307	30.72711880374837	69.94802710171192	37.54600569256246	231.95340214550558	166.47586070446133	22.110370263979917
243.0951251510453	105.39762478784809	61.68138560462964	249.89342423658314	255.0	32.755413899782184	32.755413936948145	32.755413935356785	32.75541393217409	223.8173419740786	223.8173418357558	223.81734202918256	223.8173419399345	223.81734198350048	223.81734199202378	6.706893704000862	6.706893705263326	6.706893720311854	10.383181196986584	10.383180983313707	10.38318097256402	10.383180984207769	10.383180985995864	10.383180985995864	82.68341356949583	25.94767772596174	117.0209186078009	6.602773631655566	0.09882495143597225	200.61625139952986
137.62215182919033	141.26089607261184	20.548416842969345	21.50232235869504	17.22864807885489	205.85542517718986	32.75541395127033	32.755413913888646	32.755413913888646	32.75541388575337	32.75541394202389	32.755413982302	80.49344861407988	6.706893751580736	6.706893705894515	6.7068937104371855	15.983451647371396	15.983451464636147	15.983451464636204	15.983451464636147	15.983451404528012	10.126985817646414	10.126985816439031	10.126985821268534	114.8177353377092	25.947677583643525	25.947677551569484	248.90120388570259	225.1323126206009	244.19078624604646
10.101338953955064	11.997396542685152	12.64300851384911	19.48010005803127	25.068857305378486	20.548416842969345	29.95942370446255	34.24016530082338	129.19444777909052	32.7554138816067	32.755413913888646	32.755413935356785	32.75541393217409	6.706893704000834	6.7068936890429995	15.983451517368934	15.983451465238858	15.983451445001919	28.015564602404794	10.126985827420071	10.12698580101332	10.126985672125727	13.10051519620339	75.25205516395567	25.947677562684618	25.947677562684618	25.94767752696606	129.1525513973601	185.35846270786655	255.0
1.086295759707184	10.679563879935131	10.049049791012806	12.64300851384911	7.288462425917714	20.30910127236686	24.370596505537435	32.57536585338528	34.24016530082338	32.57536585338528	37.841467812178905	14.214236831995947	32.755413913888646	32.75541393217409	8.19095797599445	114.51360838047037	114.513608337302	10.126985814024323	10.126985787809986	3.505004792471624	3.257456026115932	0.8466257283286325	3.87323384597687	7.251253303287967	82.91372115739233	25.947677529339302	25.94767733279764	248.8299210138655	238.54913617832625	255.0
