254.8132711364852	254.88578147037038	254.92062331877074	252.50704970118088	254.70681228769686	243.6807055438702	233.07060652994218	187.8015350877193	252.45	226.66666666666666	234.47033484052795	255.0	253.6901030653357	214.2	254.79543398797642	216.75	212.5	237.90360478168213	212.5	237.7875	249.20454545454547	254.76705363914402	209.45194728807175	209.45194728807175	253.54364162122752	235.74980896819184	254.6894964937455	250.8643386173928	253.37524083914514	253.17114235732203
254.97600526358667	254.92157554688634	252.71480375585054	249.60317461666668	245.74829932417583	233.0706032589836	249.20454545454547	237.35475790381972	225.15299641104332	229.73529813381256	196.742049429356	252.96	226.93544952044806	229.49999986960228	226.02272714430526	254.1672720884394	247.6844262295082	250.80386839541234	241.3679245283019	226.04147844699253	249.39983893042205	227.1851937501589	236.43456572259996	163.26398359621294	235.04258767239062	240.88397312765588	204.19647850897564	253.83815625	250.86433861804744	247.50783533415938
254.8263011457038	249.2625	249.09816442632842	254.745	226.21922258834715	237.35475789115898	206.80377084731526	206.80377031879306	224.73551254648842	152.734375	221.05955731628467	252.57569974323002	207.6751979352207	248.44716009739838	201.72720740001668	253.4013213004378	128.43948193901767	157.22040147480544	190.8962770891676	143.61221711115968	219.3281678236479	115.16924564796906	252.70270272552045	25.5	231.55381553043182	239.35912337300843	238.6628584265366	254.2565030225316	247.9036467803258	219.67713691132252
140.2177684328748	247.91666666666666	229.62439512960856	247.85614375565984	249.3869455443144	200.3950103950104	208.70535721875	224.73551242377079	223.22870610802184	214.2	179.87080487080488	52.48951374864066	255.0	183.7677286742035	52.48951374864066	217.9029586584684	168.7186834373607	251.86394096830057	200.106038925663	214.70326942209138	214.9834131434259	167.45519174325474	123.26349300634729	176.31428571428575	25.5	234.82676608127167	217.0651740573259	238.66285842771472	230.71983673469387	253.3576193325653
1.011342414230569	217.53873499723255	189.99043403025303	173.115442339594	200.76542362222241	166.15384615384613	200.06630196079186	144.23076923076923	206.2905846023279	188.6024436535244	208.47808998567064	155.76923076923077	255.0	242.8816021564903	244.8	232.23214285714286	10.135595233728935	147.28285077951	147.28285077951	200.22618493102897	190.89627706925597	190.89627707177374	221.15384614768533	228.46153845120082	232.333333356	189.42857142857142	223.80870931952663	238.6628584219913	186.7324882288574	252.9851851872
186.69400943541382	13.846559695673534	152.71977480869282	71.83569834726757	251.95735432940538	81.29944197381829	255.0	206.29058449449417	194.87228240677086	159.7475958009362	234.46732295829472	106.25	148.36363636363637	229.5	170.0	153.0	170.80835488839114	10.135595176568756	10.135595176568756	235.75769778216778	188.19893451970296	163.20430599052312	191.53333333333336	103.37837837837836	234.6	234.6	205.82142857142856	254.88393263541192	239.20385185185185	252.88602717521323
209.2379106308279	16.1154351003959	165.1484328151739	199.0402210403547	255.0	255.0	196.88612902879066	194.87228202043042	156.58516222456555	171.1974215625	255.0	138.87591144851672	149.90162236796687	149.90162236796687	246.83222524813755	50.23948159428744	95.47643282047738	186.51794914486345	186.51794914487647	188.41870573410762	129.14005736206028	10.135595233728935	133.406178085926	133.4061780849001	213.58389258161344	206.56424580360942	201.45	253.49112426035504	246.00572045070422	252.88602717601827
254.12146547279926	245.18851672784015	253.41617101844113	255.0	255.0	255.0	255.0	182.2039607022656	155.00454351294243	156.5851624414118	81.25765782058014	174.5852665106229	244.89384288747345	149.90162236796684	221.809552598052	150.8966859316828	156.23892466642175	97.44340837927288	188.74905659037125	129.1400573570852	74.61128255138743	235.3846153846154	199.0141117908738	107.57693860302297	222.34463276401513	222.34463276644067	213.71428571585136	206.19987924845896	246.0057204476539	253.368
254.8669811570477	174.6835019699426	168.39672211455223	98.07692307692307	98.07692307692307	140.60665225911058	182.2039607022656	182.20396072027165	182.20396074417295	255.0	246.30958753214392	174.58526645763368	127.67689667406906	244.89384288747345	230.64760065767902	244.8938428874735	102.86448329885357	171.47020510993173	182.8751083066917	178.97368871000114	113.34952473829384	102.88184438040346	124.53488372093022	199.0141117925587	170.3174375082101	216.041666663125	153.0	41.04627766599597	179.44444444444446	246.50908119567308
245.9743988003711	181.99864367092522	53.310666845164974	117.69230769230771	176.29026198645155	255.0	182.2039607022656	182.20396070832098	182.2039607202716	182.2039604929985	246.30958754759214	127.67689588001383	127.67689542343246	127.67689593975017	230.6476006000131	202.03844165841272	202.03844165841272	166.59819370024093	133.11945566739837	133.11945568581345	138.14431978820346	101.05064564816368	101.05064562762914	181.03426018875	155.5069313312548	118.55356425606797	130.43357612122787	141.66666666666666	167.93744568682655	243.7545
56.77953226821572	240.42768728770776	6.346318546624218	255.0	255.0	255.0	255.0	182.2039607022656	182.2039607022656	182.20396049299848	252.450000025245	127.67689467274654	127.67689584011843	127.67689583992566	127.67689575853419	109.96618305240668	109.96618305240668	243.81505282090893	127.78364884964878	133.1194556125607	133.11945565081305	129.31950835192322	129.12631091723188	129.1263108596772	199.2190233355701	155.506931351755	107.71199999999999	123.76417769376181	172.137451171875	253.8289235878035
229.3495087817548	92.23942093315813	117.69230769230768	248.9377649812455	57.89956527410712	255.0	122.59608165589145	122.59608173016736	255.0	255.0	252.450000025245	115.57769469461522	205.29143435232794	205.2914343925163	242.66310983289134	242.66311025457503	242.66311031629692	242.66311128310988	242.6631112534935	159.2922811359192	167.77091850843388	167.7709185014129	167.77091856194622	167.7709185384748	167.77091847331337	75.83030303030304	134.47265625	103.96444444444444	103.86712749615972	254.2565030225316
238.6261239368109	255.0	73.70757177570857	204.3177098185135	122.03437059335283	122.03437051928194	57.89956527410712	57.89956531029941	57.8995653746872	57.899565424977226	57.8995655426331	204.0	191.25	90.97607652710886	224.829555817934	224.82955577702637	141.8216063090037	242.66311025457503	242.66311085392644	242.66311052291954	167.7709185985567	167.77091851546268	167.77091851406783	167.77091851546268	167.7709185253358	88.40846824408467	75.19230769230768	133.32742279735447	238.68	193.63292126930145
3.3326465266949867	90.53745299102215	87.22908147466427	87.22908147466427	122.0343706580453	122.034370643496	122.034370643496	122.03437063466095	57.89956531029941	57.89956534406261	102.0	93.72383937307688	107.77568139329088	175.4120063004944	175.41200649488718	90.97607651466194	107.02015064043249	238.27644047398246	54.55285854664302	64.70149253731341	108.05084742356365	167.77091822687987	167.7709185014129	167.77091854364102	167.77091852533576	84.99999999999997	31.097560975609724	37.22544840614216	233.0330166856263	107.93023255813952
6.3507592535486594	51.314431259306275	87.22908147466424	87.22908145635898	87.22908152668671	87.2290817731201	122.03437063466095	122.03437061439737	194.795096553448	157.13203535753348	106.26073979555349	174.36191973458108	116.87102771288275	79.58799350511279	79.5879936995056	134.1670533243568	118.77996675689343	232.9974445792003	64.70149251345512	100.61289122124268	100.61289127840911	132.96562938560265	132.96562936533905	167.77091847331332	167.77091871974676	76.7741935620968	72.06521739130434	12.792335629542094	193.63292126930145	80.14285714285714
6.3507592535486594	51.314431259496956	87.22908152668668	87.22908148593214	87.2290814985871	87.22908149858714	87.22908148453732	43.32876868431447	77.30725391540136	99.39200281976679	98.49519795936911	116.70452897750889	176.46957731958085	229.04947391425898	229.0494736974549	134.16705327749867	229.04947369909544	229.04947369909536	229.04947366603923	30.17044422297363	132.96562936533905	132.96562936533908	132.965629356504	132.9656293419547	132.96562940664717	61.19999999999999	72.06521739130434	31.097560975609753	153.21763052366597	66.97878310390499
51.314431046086014	51.31443127885325	51.31443124676326	87.22908148453732	87.22908143805378	87.22908149156609	87.2290814014433	95.90606607797926	94.88728193368405	94.88728194186962	90.68893423097077	86.8742138232472	229.04947367592092	55.90875421430246	55.90875419990735	26.223329461615805	26.223329434585025	30.170444182066035	47.23099300805691	92.38455038651409	55.636363636363654	86.41618178123201	132.96562948071804	87.2142824199889	45.333333333333314	79.6875	6.0622350187545635	233.58954083168078	12.944776449076357	155.1894041653265
64.64853741862933	51.31443127223068	51.31443122021224	129.9092844510007	87.2290814615252	54.431305929031595	99.67184672316219	95.90606607842108	94.88728194023321	82.81933418713828	87.89708904445689	94.88728191257886	94.88728192765885	94.88728196233535	43.32876869862332	26.240964934646627	26.240964945592395	63.58918967197914	47.23099308482736	92.38455031657935	86.41618166608379	72.7960395070015	72.79603929773438	72.7960395070015	72.79603929773441	42.49999999999997	255.0	111.65642725413434	78.45197289308666	0.0
64.64853778186273	64.64853780580447	51.31443125525237	54.431305929990884	54.431305929031595	54.431305919446345	54.43130589835724	57.75832677868965	85.84644523552171	97.43948926410053	87.89708904445689	88.91492119126411	94.88728199363089	94.88728194964952	44.715758622904815	44.71575860908729	44.71575862034561	63.58918961997344	44.71575870279443	8.690412452407855	72.79603925582705	72.79603927972835	72.79603929167902	72.79603929773441	72.79603929773441	42.5	255.0	100.47402653690713	159.55501381877184	178.4293315236146
64.64853783384575	64.64853775452465	64.64853780176057	117.17854150809637	54.431305929031595	54.43130603027768	54.431306131485	99.671846680822	80.21409039193313	57.75832677868965	57.75832674141023	57.758326721400095	57.75832675883808	57.75832675883808	57.75832674787512	87.89708904445689	44.715758562826466	44.71575863221767	44.71575861320267	8.690412467856078	72.79603925582708	72.79603927972835	72.79603916609184	72.79603929773438	72.79603929773441	255.0	255.0	65.44977598896807	103.0347097708898	107.4306281974169
18.523745751178723	64.64853778186273	64.64853777026994	190.04846537139417	117.17854127917988	117.17854138233633	100.43965284582285	78.38205979157652	78.1058418618496	78.50223554860858	57.75832662459817	57.75832662459811	57.758326729912284	57.75832681820205	57.75832674141023	57.75832677435008	97.43948926410053	57.75832682746696	44.71575861522709	61.42305436666314	72.79603929773441	72.79603929773441	41.81561827815864	43.565169595195755	31.134109439487986	60.81465918469573	153.0	51.0	6.734024620951118	252.103335871183
0.869056209377959	9.870999779467041	64.64853775452465	190.04846539170103	190.04846540172684	117.17854124411568	117.17854122658358	69.16665429813759	75.57190562272723	80.50382520454656	80.50382523793996	80.50382521038355	57.75832671365316	57.75832674617138	57.75832671365316	57.75832677868965	57.75832674617138	57.75832682746696	57.75832679627604	32.003002772117924	32.00300279092761	40.23376993013758	32.00300262472044	32.69615390129911	26.610799454988467	21.560884013948794	153.0	51.0	204.1239668420197	205.89625858704557
112.82603105762448	101.47470229499999	234.8944166683113	64.64853785368791	190.04846540673972	190.04846539447936	117.17854122918652	117.1785412470974	117.17854125605282	140.960533275	80.50382501412733	80.50382500143726	18.766186559539705	46.59652084320689	57.75832672140007	57.75832671365316	57.75832675883805	57.75832674787512	32.00300268474027	32.00300271150769	32.003002711507605	32.0030027549013	19.308782038136854	19.308782070000007	19.308782038136854	26.70840451494348	21.560884013948794	249.31825518713805	220.41402520762426	214.81095739371287
87.91144043345099	101.47470222504387	101.47470221	101.4747021675	234.89441664217478	190.04846540602193	190.0484653036946	178.10865234480084	178.1086523906153	213.1626843441571	213.16268422702365	213.16268416690363	80.50382490163659	18.76618670498337	55.331788877006375	55.33178890423508	46.59652087383739	32.00300262472041	32.00300268474032	32.00300268981087	32.00300250998495	26.99146547920799	19.308782070000007	19.308782038136826	26.708404509648176	26.70840451656113	39.3350700344275	15.278987837260331	2.519053469567723	229.41403578829798
29.05175350499934	18.523745751178723	101.4747022250439	101.47470222504387	101.47470254999996	56.23673949237707	244.86440476627106	244.86440482343124	190.04846516875187	63.05981490548007	63.0598151437203	63.05981497079134	213.16268423971786	213.1626839865434	69.98737013400466	76.99338685043736	32.003002772117924	32.00300262472041	32.00300264105138	26.991465595592302	26.991465746843232	19.308782070000007	19.308781935777432	26.708404511961646	22.121196310911955	22.121196195406753	8.393281136725903	14.180074525127196	69.0591657521988	71.51736735161646
185.28825053736563	87.91144043345099	47.46301983931377	101.47470226911383	49.897033614907826	47.85236083778392	47.67511866527809	58.94983336019362	93.72383928884992	13.70632508496854	13.706325354520658	63.05981497079131	63.05981498085322	63.05981504666923	213.16268420360245	26.991465465600243	26.99146546336678	26.99146555785893	26.99146559559233	26.991465595592302	19.308782070000007	24.681443625435435	24.68144357977107	22.121196310911955	22.121196195406753	69.94802710171192	37.54600569256246	43.25007463411754	35.8017044438167	12.234575941172324
112.54123169521156	169.7573052691905	48.72679672388094	27.64023941118623	7.641790887951288	27.802740897629775	27.80274089762969	27.80274088389035	27.802740930743482	13.706325038506321	13.70632508496854	13.70632523357753	13.706325265633694	13.706325287548367	13.706325355966186	34.4693620987907	34.469362057279454	34.469362060504494	24.68144371676425	24.681443653017254	24.681443648267646	24.681443644163977	24.681443626457423	24.681443560586416	204.3177098185135	25.94767772596174	85.40342876460448	211.06959393996615	2.3691059012020617	223.19861245478984
90.42762058315532	1.7987686822958722	30.374465792951497	89.85526494981661	71.99616450855797	34.5847766104294	27.80274079828851	27.802740881683917	27.80274089782489	27.802740901344578	27.802740894305174	27.802740891958706	11.057315875941754	34.46936202923564	34.46936203652385	34.469362032053425	20.1526998036737	20.15269979314712	20.15269981190019	20.15269979314712	20.152699694607662	13.81231093794824	13.812310936301486	13.812310942888473	54.61283193544992	25.947677583643525	25.947677551569484	38.91435424535683	250.91439746981965	255.0
10.122567313086364	9.899764629645034	12.108203417088504	19.70517608571899	24.73937465527129	30.374465792951497	30.014867681414955	35.642129522906544	26.81615525181647	27.80274089782489	27.80274089782489	27.8027409086676	27.802740930743482	34.46936195479219	34.469361966697875	20.15269984496004	20.152699819030204	20.15269977755605	32.29416763366865	13.812310912925682	13.812310912925625	13.812310837996478	157.14576639789462	140.59270130226656	25.947677562684618	25.947677562684618	25.94767752696606	250.03296561723798	156.4659990531721	255.0
1.0789557384922546	9.961182264375196	10.344405926198249	9.028324878636312	0.017750796026376747	17.765628853234233	0.4437105464357387	64.2375798748107	35.642129522906544	50.852469013865004	64.2375798748107	3.5893330247928077	27.80274089782489	27.80274093074351	0.0	2.4835416389892657	2.4835417686919072	13.812310933007979	13.812310912925682	51.572922237900144	48.55682012949305	12.264714698425934	2.0790936946389422	2.814934456681243	224.90522689180452	25.947677529339302	25.94767733279764	214.11537639353588	231.18607741746774	0.0
