254.8538812597766	254.21296296296296	254.98463945440162	251.8823015372984	150.7168007943377	241.80700952524037	241.74287167062647	253.22916666666666	244.8	253.86666666666667	254.98808058497642	72.85714285714286	252.98769681844232	117.86666666666667	220.82408677903462	229.5	144.5	245.1950938096475	144.5	252.81428571428572	127.5	221.44130192658707	240.48411240276778	240.48411240276778	143.93617611048882	251.53664676243528	183.31663788998745	254.994490673644	254.94564781325266	252.71708549033673
254.28024498970314	254.99983941690962	241.63866357993015	240.83333333333334	180.97527472527474	241.74287146381238	127.5	205.3401835052781	222.24100101286135	254.93596593572647	112.97031325012696	251.86618107	199.5288299206041	250.3636362213843	215.59090896841425	210.3293117385047	100.56010928961751	113.07470594462714	245.52315608919383	252.09853891617436	121.86925514611715	227.6594004498864	201.8464579717083	253.93784038884914	235.7705055319478	240.74084134489948	254.80235401401566	254.98126530612245	254.9944906736474	254.9911220664859
251.48399100009718	252.45	243.60335196619457	252.96	228.2809592022531	205.34018365621105	221.02390646013345	221.02390560270806	182.37295129785545	248.359375	92.14239241400969	251.27587886467649	254.79565691272978	246.27220590548953	254.53576714922704	188.95374658216247	245.7881616255898	247.7918885702581	248.47324145450432	250.99836737200138	219.37250315336468	253.02707930367504	68.91891890634585	250.363636359	231.45757095631933	239.45405218632894	254.80348793967713	254.63737947343003	254.99058201875062	254.99988083517522
140.2177684328748	207.11666666666667	228.73161711203332	73.2590057576158	48.94285295086951	253.56103356103355	204.326923015625	182.3729512185891	184.0388316821798	244.8	89.21591921591923	216.9111732518599	42.5	241.71798561151078	216.9111732518599	194.89592361162025	78.74419980887203	178.87576452544388	142.86240848688672	215.11377357356838	215.22207861024958	227.7004217671579	253.43458247961823	246.6734693877551	250.363636359	251.46720346489107	254.74497531745118	254.8034879397266	254.7281132861308	253.6882716049443
57.69104879474838	4.07425741942572	23.325917956484375	254.5118783524931	5.508994907125214	249.23076923076923	194.95126473581615	64.61538461538461	153.8024478076198	202.5919614937897	240.88035840504745	214.6153846153846	42.50000000000006	238.8693619958863	241.42011831	72.85714285714286	237.23492403748526	194.23162583518933	194.2316258351893	202.13386185897443	248.47324145439865	248.4732414533739	109.61538462196313	251.62721891553724	220.999999983	247.3673469387755	254.62743808897656	254.80348793965774	254.9852442324258	250.4666666712
191.55497765356068	90.94452186568876	245.9644877550142	27.048807782104433	76.3270036643479	234.39504062120778	178.23735127499998	153.80244759392758	138.06978857845513	178.31100958189646	124.90394097874474	233.75	222.54545454545453	204.0	238.0	67.99999999999997	253.18480782616433	237.23492410550205	237.23492410550205	79.82018334929722	230.5939648602111	142.11738386303517	252.98518518518517	253.74692874222973	247.153846146	247.153846146	245.6326530612245	138.93263541192533	254.98408047553727	251.39443312768296
58.61245556181714	253.37128249266806	2.372069625318744	190.01904804098882	178.23735113097945	178.23735116789447	138.3301386848778	138.06978813702545	175.5826271650693	165.62745305625	28.2766471634543	251.70414086424316	252.2713151536072	252.2713151536072	145.89138214309827	213.44088461607762	160.67624197425778	192.39921687478608	192.3992168734083	186.3932058826103	138.11427189195433	237.23492403748526	248.2680185367936	248.2680185361378	248.49664425360794	227.93296088710989	234.6	104.11242603550295	241.60778228694198	251.39443312719334
9.28544778755898	151.12930735892598	186.4902506798744	178.23735102	178.23735110500002	178.23735111252194	178.23735113455692	121.94715537748894	174.21494078535915	175.58262705912455	220.1770338946926	147.1053489926254	133.1847133757962	252.27131515360716	216.52998258371935	87.1384498834868	174.36191968717029	240.5361387222202	231.391587469818	138.11427181829043	242.36460772724942	58.84615384615387	184.55701799358934	73.71153075166018	211.77966099365415	211.77966101694915	250.5452240125498	250.8095764418071	241.6077822859067	254.7585798822
245.94956920409442	58.61245556181714	248.82978922917277	39.230769230769226	39.2307692307692	161.71963704649707	121.94715537748894	121.94715494181975	121.94715498550542	178.23735101999995	44.13751927494502	147.10534890549735	251.05973254843516	133.18471337579618	45.51608476744474	133.18471337579615	223.01763899794835	171.33444071863914	210.27004103686065	161.88716519506778	208.92109694770164	218.9913544668588	248.02325581395348	184.5570179818871	238.5176673357884	219.583333336875	250.363636359	252.80775562605635	254.71177842881946	247.73504273413462
20.164594156033814	64.13006528549147	120.30952519398076	235.3846153846154	103.23810729765233	16.60804412251656	121.94715499192188	121.94715491997701	121.94715494181975	121.94715498550539	44.137519271959206	251.05973181429715	251.05973172794015	251.0597318273465	45.516084840576696	69.19250342548568	69.19250342548568	170.24250997405954	223.19303870948698	223.1930387176751	182.8751083203443	235.5425121583096	235.54251216028462	186.04379256375	213.09104836286716	246.677371229654	248.36628511966703	252.23307291666666	253.93004598704306	253.368
0.5528934409942394	17.25781191772336	180.58643794340912	16.608043893600097	16.60804395952053	16.608043924223153	16.60804396493586	121.94715422078784	121.94715479913839	121.94715498550536	43.15384620131539	251.05973183293872	251.05973172794015	251.0597317322327	251.05973183293904	225.9144848991813	225.9144848991813	126.75416556669336	232.33333334715175	223.1930386932867	223.19303870068833	187.63960450429562	191.78080033519996	191.78080044124758	175.79143096678484	213.09104850085214	251.328	251.98724007561438	252.69422743055554	254.6083045681305
0.0	108.76700057036444	235.3846153846154	19.142896868691963	201.8661993465279	16.608043906574466	141.98236910101693	141.98236922647635	16.608043886145452	16.608044052462702	43.15384620131539	249.18467485919786	37.60307830239924	37.603078279723235	120.31519427595092	120.31519541102219	120.31519524276251	120.31519572616943	120.31519485659368	159.8809247966524	150.0270539905448	150.0270539671183	150.0270539905448	150.02705400523067	150.0270540154473	240.16363636363636	243.93229166666666	250.76888888888888	253.97177419354838	254.63737947343003
53.89776893832007	60.83709058427888	27.73548727941244	155.65596279056598	116.16352192031624	116.1635220829877	201.86619904478775	201.8661990415468	201.86619904478775	201.86619904478775	201.86619906885218	196.153846095	42.5	133.00560000950202	18.31840750223742	18.31840753567954	140.46069988452035	120.31519541102219	120.31519507836543	120.31519461807491	150.02705392757773	150.02705394295378	150.02705397585893	150.02705394295378	150.02705394648714	232.1357409713574	248.87019230769232	174.68046427140786	252.96	236.75811407004795
0.29039812715464564	222.0369719422112	104.97294616053756	104.97294616053756	116.16352195023396	116.16352196678645	116.16352196678645	116.16352196344823	201.8661990415468	201.86619900696724	183.6	36.6310462787533	189.1592832044682	46.92466008809049	46.924659948270005	133.00560006084345	246.7761800657788	106.89392439715414	62.78383277032495	205.52238805970148	190.16949151992964	150.0270540154473	150.02705396711826	150.027053968516	150.02705383946244	228.4375	173.4552845528455	159.47399561274727	238.61514576914144	107.93023255813952
58.66147145950404	18.110407652639083	104.97294605351286	104.97294603148401	104.97294598455275	104.9729459845527	116.16352196344823	116.16352199989149	185.68657067242788	28.2766471634543	106.32157087097698	140.9605331234972	118.57071099446577	208.07534005173002	208.0753399119095	220.28758062794057	118.77948301338725	97.54366850079776	205.522388044364	164.44602248895114	164.44602272727272	138.8364780001085	138.83647803655177	150.02705401544728	150.02705401544728	213.8709677419355	227.2826086956522	206.02267955002625	131.0287088604345	80.14285714285714
58.66147145950404	18.11040765795508	104.97294598455272	104.97294602414107	104.97294603288174	104.97294603288174	104.97294605704619	156.7824270453164	155.82039121390932	99.41130665628151	99.52461251041629	105.17275494368579	169.67847667828923	80.94407437236754	80.94407408574239	220.2875805182487	80.94407412581313	80.94407412581316	80.94407422892098	236.68159246432046	138.83647803655177	138.83647806295852	138.83647803321352	138.83647804976604	138.83647807968373	224.4	227.2826086956522	173.45528455284554	12.773044689726078	1.3561909983369844
18.110407485961844	18.11040761096976	18.110407716739473	104.97294605704619	104.97294600945523	104.97294600945523	104.97294607242227	115.41311225922834	167.53019120855635	167.53019119330946	95.1483373718552	208.72097867393583	80.94407358863594	144.44504275316615	144.44504278489836	212.1915908761642	212.19159084702545	236.6815924977626	181.8376262321163	191.85417983791928	199.36363636363635	149.05735766986004	138.8364779170123	152.45161394636347	209.66666666666666	201.875	235.857103131308	139.36641518191095	225.6605561117046	10.718220457315596
203.68556895391401	18.110407472613787	18.110407735977645	66.24795576218062	104.9729459947693	124.78392679576555	111.92930622781918	115.41311228098664	167.53019118491892	86.0853346732554	81.95209442485177	167.53019121247235	167.53019119857112	167.53019119699331	156.78242710759412	193.3702130001567	193.37021301894842	127.6583497615597	181.83762615863498	191.8541798437283	149.05735759877825	133.0528450144946	133.05284520086155	133.05284501449464	133.05284577921213	223.125	26.08351197377587	234.5890954361921	252.791624700938	0.0
203.6855687211468	203.68556874069378	18.110407677549915	124.78392663860538	124.78392670995038	124.7839267626295	124.78392671428267	150.53315970410654	87.83181059583484	92.39109415394947	81.95209442485177	81.95209442485177	167.53019121247235	167.53019120320488	130.13172085251375	130.13172083130343	130.1317208304713	127.65834975660826	130.13172087395373	210.8624807280408	133.0528450144946	133.0528450581802	133.05284508002302	133.05284500807812	133.0528452008616	223.125	26.083511995047928	154.4127464337666	254.59232827244827	237.2394010006285
203.68556872776935	203.68556874050307	203.6855687532368	16.60804412251656	124.78392666704275	124.7839267327752	124.7839268656372	111.92930620315397	82.06622126687566	150.53315970410654	150.53315969549507	150.5331596771789	150.53315969700748	150.53315969700748	150.5331597168361	100.04719903843704	130.1317208188884	130.1317208375109	130.1317208375109	210.86248072505498	133.0528450144946	133.05284505818022	133.05284495443578	133.05284500807812	133.0528446225111	26.08351204227617	26.083512024797272	147.8165084817236	92.31359582476051	14.444230597725777
61.85100739304778	203.6855687211468	203.68556870256197	173.15058120790485	16.608043893600097	16.608044052462702	80.84247868682462	78.26764140768998	79.62052556973717	80.7002368659463	150.5331596771789	150.53315967717887	150.53315969929247	150.5331596771789	150.53315969549507	150.53315975649332	255.0	150.5331597509612	130.13172078638638	126.42403155158667	133.0528446225111	133.05284491168635	152.5895355814757	138.60895656213796	182.77285353352815	129.16222263728673	204.0	51.0	88.31434657748147	2.871949529753522
58.620452993504955	166.88213328978782	203.68556874050307	173.15058110201574	173.15058103592733	16.60804396493586	16.608043886145452	70.52323696371013	76.76514881666643	243.93704429143324	243.9370444178842	243.93704419472786	150.53315968367423	150.5331596868836	150.5331597537418	150.53315970410654	150.53315972892418	150.5331597509612	150.5331597168361	153.43830141687775	153.4383012073086	174.2886395401884	153.4383011421617	166.66540881011696	191.25	143.11542706877333	204.0	51.0	57.24056784666797	24.414367301296124
20.20113026226909	178.23735127499998	8.03745584074096	203.68556877978776	173.15058106192504	173.15058105573067	16.60804395952053	16.608043924223153	16.608043906574466	132.501962445	243.9370443648509	243.93704428620154	141.16834380363377	144.78473469570469	150.53315967717884	150.53315966966073	150.53315969700748	150.5331597168361	153.43830117724752	153.4383011855553	153.4383011855553	153.4383012072521	149.18179627075352	149.18179626	149.18179627075352	148.98466615174988	143.11542706877333	151.98180611009883	66.49256178736377	239.45721151642016
20.20113026226909	178.23735116789447	178.23735110500002	178.23735102	8.037455787553824	173.15058097964356	173.1505809037505	51.98426962697877	51.984269620466165	62.71562502464761	62.715625006828816	62.715625025100564	243.93704445889523	141.16834377278505	192.5916554510517	192.59165541718733	144.78473469540012	153.43830114216166	153.43830117724752	153.43830120725212	153.43830129749193	144.85801906230057	149.18179626	149.1817962707535	148.98466612221125	148.98466612819985	217.7433253138805	146.05160554716824	174.64820661604028	21.105569156152683
69.22219882994824	0.0	178.23735111252194	178.23735113097945	178.23735101999995	56.119599125043095	17.765075962514743	17.765075894497954	173.1505810232802	234.80885668734814	234.80885686752117	234.8088566945921	62.715624993920045	62.71562507991561	69.39166008690017	76.4088092950874	153.4383008173728	153.43830114216166	153.4383012073086	144.85801879422536	144.85801889226695	149.18179626	149.18179611405213	148.98466612449994	147.80618759730925	147.80618758968274	116.32252764054141	244.1737328461191	178.91433352825163	46.13265409412634
5.352583959987527	11.534791858763072	2.2649750499325023	178.23735113455692	52.0492387720069	60.55942225906597	54.09227130684798	66.72123186679684	140.9605331234972	110.10129846644068	110.10129835631116	234.80885669459207	234.80885669527703	234.80885669825037	62.71562483724142	144.85801853424124	144.858018677966	144.85801874939966	144.85801875089464	144.8580187292293	149.18179626	103.32634702414089	103.32634699406913	147.80618759730925	147.80618758968274	69.94802710171192	37.54600569256246	81.07395153421132	0.6711081342378691	238.13744034498313
79.73408876040068	12.125706053704619	0.5966484878115068	98.38877673285481	129.19444777909052	46.260302991582336	46.26030299158231	46.26030300172354	46.26030309633788	110.10129824727318	110.10129818795889	110.10129835631116	110.10129833353346	110.10129836456315	110.10129840632075	85.64464505631429	85.64464502443593	85.64464502438057	103.32634708428441	103.32634703116943	103.32634703917677	103.32634701810946	103.32634699198945	103.32634705786046	23.03024490733773	25.94767772596174	193.87634254231637	12.704527671893743	250.04835248595015	246.2472345722166
24.213581641381694	53.457046872383984	45.684891360443885	60.83709058427888	155.65596279056598	23.56084784098374	46.260302974643565	46.26030299720409	46.26030299720409	46.2603029707785	46.26030302362966	46.2603030197254	14.705014595961842	85.64464502438054	85.64464500849681	85.64464501053595	102.64751388880455	102.6475138998124	102.64751389981237	102.64751389981237	102.64751386355417	145.1774777375935	145.17747768988312	145.1774778807246	14.214236831995947	25.947677583643525	25.947677551569484	114.43657805334362	117.31379746677061	6.602773631655566
10.095322370964567	13.308115561303538	12.272460795411604	31.180783135928834	26.469108906532853	34.24016530082338	29.771182834890823	34.24016530082338	143.7916034413019	46.26030302948604	46.26030299720409	46.26030300172354	46.26030302200593	85.64464491231581	85.6446449618428	102.64751387716586	102.64751390225214	102.64751388935284	76.56034398306355	145.17747770527933	145.17747767887255	145.17747759194077	13.10051519620339	82.91372115739233	25.947677562684618	25.947677562684618	25.94767752696606	1.3836542766051707	136.1159071374694	255.0
1.079817334661982	10.119884929357369	10.235851657657463	11.995799458012641	0.041889105060420206	17.450488300933273	0.7864057503843185	32.57536585338528	45.684891360443885	40.76568839783258	32.57536585338528	14.214236831995947	46.26030299720409	46.26030302200593	217.7433253138805	200.55395504976934	200.55395494595916	145.17747759446235	145.17747770527933	36.52495109442026	34.247830559655085	14.286162563241419	11.184679828862471	8.77919534407198	69.25617754596345	25.947677529339302	25.94767733279764	4.994908751495473	0.204339859365831	255.0
