254.9129302281979	254.44187954814814	254.73060317968847	254.8908392437116	244.38737687971704	253.81677164963943	253.51849090309454	253.22916666666666	163.2	226.66666666666666	223.46721701853284	201.875	135.68519685171077	253.86666666666667	235.24518821335025	248.625	240.125	229.2075780114481	240.125	223.85357142857143	237.61363636363637	241.61827321220161	229.75276620316828	229.75276620316828	247.61489005006362	247.05577697847582	253.24060969026695	254.68871075330836	254.48791019053957	254.93424168290136
254.92355088344814	254.5353302461274	250.77510679680512	243.07017542666665	248.2648930164835	253.5184881466302	237.61363636363637	247.74893312158662	248.43076711408307	217.9640150929216	254.7555044248157	94.416909705	176.19832353082163	250.3636362213843	236.45454532019627	226.5351052281615	195.66256830601094	157.5481280815448	230.21440823327615	247.7391555974552	237.49761334543075	227.45211207115233	227.77732363921774	230.09989208361745	234.67185901251898	240.97590437262377	244.33271684277648	251.1956862244898	254.6887107533465	254.9967888063647
254.63449843253818	254.840625	253.72537491547376	199.92	237.78132198899715	247.74893314029092	248.14956773907787	248.1495667448586	241.49440825960238	248.359375	231.64080686089056	76.52938601323254	191.91157211005887	107.08201099683129	185.78312776139688	209.46116704335319	229.76197588122852	235.09934453092995	228.27680330019479	206.2561884285025	223.56858076746036	250.31431334622823	155.0675675780451	250.7499999915	231.49623149790781	238.97900824241592	252.08868077912066	252.56532165398258	254.80063155817805	254.99844735456628
140.2177684328748	254.13229166666667	228.73161711203332	53.85352395251704	160.85587467488932	253.56103356103355	244.654605375	241.49440806736808	240.11509559413116	91.79999999999998	229.62874962874963	229.64657449122262	148.75	245.18787255909558	229.64657449122262	199.84471679587116	242.4261912861046	199.88426189033996	247.00028243140787	214.1502248403761	215.67149814282976	247.36639240400092	250.75781316616676	249.0673469387755	250.7499999915	243.760357142567	253.31261217352537	252.08868077935998	254.86197501041232	221.84712266513057
8.181510248356659	180.84133747130986	43.736856963464675	149.65066852677987	230.05725707418537	249.23076923076923	242.63116661169826	203.0769230769231	231.51315787895183	238.08668376991253	53.193225683430995	235.3846153846154	148.75000000000003	51.85359155313	67.65306111000001	159.375	238.6071141877596	174.82739420935414	174.8273942093541	200.58317468891164	228.2768032931417	228.2768032933596	178.84615384959972	244.78021975430858	118.99999998300001	251.70408163265307	253.46329126602564	252.08868077834003	254.91562924192536	182.46666666779998
34.95633537319165	49.449283378671396	0.08725583522806346	247.86723906424493	227.73981618006934	56.458053262308425	56.57143124999999	231.51315789122907	224.9202029345247	229.293799131629	215.9443581906133	233.75	229.03636363636363	102.0	170.0	238.0	153.92623999056175	238.60711411181077	238.60711411181077	208.19292659246838	206.77807649541262	235.95067228677132	216.71851851851852	249.8310810810811	196.714285707	196.714285707	245.1122448979592	247.57168866636323	249.2530516689529	224.75040906078883
236.75735366740943	28.51671675163942	192.5222342681331	243.7033180955068	56.57143117793993	56.57143117793993	226.58094240488535	224.92020249868406	228.25741539886977	229.18898191875002	113.14138915514471	121.29734194322887	132.38522609596134	132.38522609596134	168.53986180819697	197.1602039064021	209.70898698312195	204.35345341504794	204.35345345968744	187.47159955399502	220.40478752569567	238.6071141877596	196.1235870766513	196.12358707613322	217.69127513125986	121.0893854375546	230.775	230.85798816568047	194.85676772499403	224.7504090609273
39.69878105961851	101.96570726311231	146.2213086767379	56.5714311225	56.57143116500001	56.571431122567446	56.57143120250862	217.2652491880401	227.73487346795403	228.25741517686188	220.1770338946926	223.61799660175916	156.46496815286628	132.38522609596131	65.90961149239195	193.4116488052154	214.68095981066477	160.68167309775683	165.88019699286423	220.40478744945898	229.8939673142286	176.53846153846155	109.28260201692268	224.40695067628167	142.62711861461938	142.6271186440678	201.09105180240726	181.3491155412019	194.85676772899086	241.67755102019999
114.73377096140408	166.68778361846182	254.97310100374528	156.92307692307693	156.9230769230769	222.93277136457692	217.26524918804006	217.26524910813546	217.2652492042498	56.57143124999999	152.013195478321	223.6179965644551	110.21528668678525	156.46496815286622	73.67427871514766	156.46496815286628	193.9916554160821	174.55695508294028	133.08668178069433	68.77433039013553	216.10492922088022	159.46685878962535	216.62790697674419	109.28260199498226	143.57943118992958	131.04166663125	221.0000000085	224.04426559527164	186.30872938368057	189.84241454807693
248.85524447058503	252.87338200121926	68.17415360139702	235.3846153846154	218.9141701761289	76.86834869678364	217.2652491880401	217.26524918566548	217.26524910813544	217.2652492042498	152.0131954764078	110.21528703972703	110.21528715996041	110.21528691600534	73.67427877712336	180.52108777142178	180.52108777142178	170.5029718406127	180.32429986962578	180.32429990301486	176.4037214553586	161.64682206942814	161.64682207078357	91.86208714500003	97.13880403874026	166.82227492684046	126.57127991675338	148.63932291666669	163.8570373602766	252.698625
114.6676589749882	39.79656658841279	31.382279135819488	76.86834869678364	76.86834864864738	76.86834867179687	76.86834867378178	217.2652491880401	217.26524889886483	217.26524870190093	40.07142861550713	110.21528712150248	110.21528674327405	110.21528703989432	110.21528748343181	138.73958351985664	138.73958351985664	150.23873841833796	156.19829059531185	180.32429984192385	180.32429987341615	79.28055128405893	76.17997841797933	76.17997839095747	149.68049406712026	97.1388039926538	163.2	107.37476370510396	156.14000108506946	252.35505501924976
134.93190186376762	254.39275378484274	235.3846153846154	14.905053734333961	201.8661993465279	76.868348633663	207.6792452773858	207.67924515130244	76.86834866228082	76.86834881751298	40.07142861550713	99.43612065948435	145.691965487767	145.69196542730543	143.92599450306756	143.92599575156575	143.92599546987935	143.9259974035046	143.92599634403433	159.83560583366153	75.84319239314542	75.84319235760546	75.84319233963305	75.84319240037229	75.84319229989276	108.79999999999998	119.42057291666666	143.20432432432432	143.07027649769586	252.56532165398258
223.67567676383894	21.50232235869504	127.27672631889337	17.22864807885489	201.13802854173102	201.13802852833152	201.86619904478775	201.8661990415468	201.86619904478775	201.86619904478775	201.86619906885218	36.428571465000005	106.25	114.15861876131189	54.11807289091661	54.11807285573474	128.23762264643022	143.92599575156575	143.92599484740344	143.92599563743937	75.843192414826	75.84319238646182	75.84319235024367	75.84319238646185	75.8431923714648	131.53300124533	107.88461538461539	0.6403363697122586	124.44	95.20269985088166
33.26730312670958	222.0369719422112	179.15680773555988	179.15680773555988	201.13802845639069	201.13802843241038	201.13802843241038	201.13802840002379	201.8661990415468	201.86619900696724	193.8	189.1592832044682	107.77568139329088	149.356400478843	149.35640088848288	114.15861877826347	91.81594012801165	129.47553171888973	221.2306998107326	114.17910447761193	86.44067795181701	75.84319229989276	75.84319235760549	75.84319235554895	75.84319226444009	90.3125	192.80487804878047	243.3059774554048	74.82403242635175	107.93023255813952
31.40423824537885	96.45412770699764	179.1568076285352	179.15680764445102	179.15680770010727	179.15680770010727	201.13802840002379	201.1380283844498	25.908656969319026	76.05555890942463	106.47120578315648	57.47784929317484	87.60442468803103	105.64359911151712	105.643599521157	181.11572048870366	119.15914699290622	118.91262693228751	114.17910446909113	55.781249823419756	55.78124999999997	53.8619716155502	53.861971599976215	75.84319229989273	75.84319229989273	74.03225806451613	60.97826086956522	169.54911035763695	95.20269985088166	80.14285714285714
31.40423824537885	96.45412770872369	179.15680770010727	179.15680764975633	179.1568076423945	179.15680764239454	179.15680761353815	114.070073843113	167.44715694248214	98.25656857256206	99.3129787277827	114.21098378185636	37.3581009494479	101.47849114006209	101.4784909702025	181.1157204709457	101.4784909487322	101.47849094873231	101.4784907531741	200.88192714426526	53.861971599976215	53.86197159997624	53.86197156758962	53.861971543609314	53.86197145826898	102.0	60.97826086956522	192.8048780487805	12.773044689726078	164.20759377740364
96.45412756255686	96.45412774373949	96.45412768478849	179.15680761353815	179.15680766036695	179.15680760685458	179.15680758517396	81.39238320297775	74.01117764424527	74.01117765579289	92.05657547273478	91.22149076058622	101.4784907722734	179.01436841362136	179.01436841155558	174.4386750563929	174.43867505040583	200.8819271090834	88.01363928691816	79.09538973045807	88.0909090909091	46.35608041859942	53.86197147166848	45.77098456975625	68.0	69.06249999999997	240.09494626566598	0.6472281073334898	215.60415734849187	206.2941510578363
203.68556895391401	96.45412773265883	96.4541276335139	182.1849380516485	179.1568075996277	137.0525172159779	79.41957216052191	81.39238319912016	74.01117764935356	80.81217805051364	85.2687776917058	74.01117761597675	74.01117766826499	74.01117767433743	114.07007391392153	159.40933423047548	159.40933424851747	125.56934792281152	88.01363929091863	79.095389724097	46.35608054974418	37.73475079575019	37.734751101135146	37.73475129809904	37.73475081195994	63.75	117.17854127917988	82.71439743595462	2.5823429497868915	0.0
203.6855687211468	203.68556874069378	96.45412770074523	137.05251726549173	137.0525172159779	137.05251723894162	137.05251718584134	94.00667667888996	85.94228781100489	70.85622893467885	85.2687776917058	89.88545447522304	74.01117769702873	74.01117765083555	143.02295728703172	143.022957299656	143.02295729344053	125.56934793235678	143.02295739382555	102.98680452359221	37.73475104692463	37.734750891864536	37.73475081433452	37.73475081195994	37.73475081195994	63.75	117.17854122918652	38.99548195021555	170.13918381926402	100.22164890045977
203.68556872776935	203.68556874050307	203.6855687532368	48.26781203322804	137.0525172159779	137.05251727551723	137.05251702654056	79.4195721106077	81.24869145468918	94.00667667888996	94.00667668663917	94.00667667820443	94.00667666036122	94.00667666036122	94.00667669091902	85.2687776917058	143.0229572504927	143.0229573052227	143.0229573052227	102.98680452167898	37.73475079575019	37.734750891864536	37.73475081433452	37.734750811959884	37.73475081195994	117.17854124411568	117.1785412470974	207.8694636240973	5.787126124152223	1.3587195518683757
4.044494591758593	203.6855687211468	203.68556870256197	18.202690570740145	48.26781180431158	48.267811874670144	117.5060514514897	78.58688688215875	83.77687065426036	78.33400998309003	94.00667667820443	94.00667667820443	94.00667666009704	94.00667667820443	94.00667668663917	94.00667660683163	70.85622893467885	94.00667673972347	143.0229573062582	47.67748038260481	37.73475081195991	37.73475081195994	40.181997580125085	37.25229623106847	47.817317342121555	28.453694272199215	51.0	51.0	130.2099483950504	219.2789393299483
0.4409503091125373	166.88213328978782	203.68556874050307	18.20269048880661	18.202690446635614	48.26781186617356	48.26781189710451	69.09562782631377	75.88759673656938	67.22474410788641	67.22474423875926	67.22474421574833	94.00667665383276	94.00667665234786	94.00667670988679	94.00667667888999	94.0066766943884	94.00667673972347	94.00667673931997	63.203816980226975	63.203816867498716	65.88159942783273	63.2038168345245	57.47784931542034	40.87019237662392	164.61277557561658	51.0	51.0	254.0176070728234	11.534791858763072
138.33430901407223	24.712053314999963	6.2097326341879295	203.68556877978776	18.20269048459201	18.20269047363786	48.26781189348836	48.26781185407657	48.267811884079265	18.91587450000003	67.22474398948759	67.22474401908727	118.61182080617121	113.3601177306754	94.0066766782044	94.00667670988676	94.00667666036125	94.00667669091902	63.20381680515729	63.2038168345245	63.203816834524474	63.20381683452453	30.392534001348253	30.392533955000005	30.392533945975686	28.79972406958038	164.61277557561658	237.1776840169199	4.712548455636011	161.84662326638366
43.773118886396276	24.712053392938373	24.71205331499999	24.71205331499999	6.209732712599532	18.20269042508673	18.202690480377413	75.54163927683385	75.54163926363145	79.78762133562364	79.78762141834872	79.78762146776526	67.22474388881977	118.61182085507909	75.44534810792126	75.44534809245368	113.3601177434173	63.20381683452442	63.20381680515732	63.2038167694341	63.20381675477054	45.7858750768589	30.3925339125	30.39253396443314	28.7997240133125	28.79972397248369	140.10294706507483	249.60247301425102	122.7642261047111	111.68905459803383
231.2812774398775	4.044494591758593	24.712053337565862	24.71205331910832	24.712053569999966	56.04647329503797	16.392885812240365	16.392885888189255	18.202690551331216	52.32037201432212	52.320372149028	52.320371976098926	79.78762148393781	79.78762161601517	69.38802098904392	76.05370361612287	63.203816380721975	63.20381683452442	63.20381671762249	45.78587516394148	45.78587532243341	30.392534040000015	30.392533793057282	28.799723989481038	18.202227165440178	18.20222711974705	253.08600392670877	121.86389408699304	0.12332626219159692	35.33818573974989
26.68199256543167	43.773118886396276	10.476644371342672	24.71205318218054	49.78144178844252	65.35977704942465	51.60519505800826	54.9579515957098	26.921066246994428	132.00879384696765	132.0087936578913	52.32037191845589	52.320371993776405	52.320371986071734	79.78762128877202	45.78587490395739	45.78587504998728	45.78587514080263	45.78587512061077	45.78587509894547	30.392534040000015	20.805559272672554	20.805559276797595	18.202227165440178	18.20222711974705	69.94802710171192	37.54600569256246	116.64445896396037	124.57103127730915	150.69034294212076
219.9507675073206	23.445569339576252	124.45852633374994	74.55352775507623	129.19444777909052	37.32673084439338	37.32673084439341	37.32673086735727	37.32673091328505	132.00879363987252	132.0087935684858	132.00879377883442	132.00879370608544	132.0087937162244	132.00879377488525	25.889113242851835	25.88911319972553	25.889113206142298	20.805559416096145	20.80555928086372	20.805559270610075	20.805559271676657	20.805559253302647	20.805559187431584	71.99616450855797	25.94767772596174	248.32493389556106	175.7995653432706	89.5233285376614	254.53726189467528
4.925004375796192	35.831227014471835	255.0	0.0	0.0	72.13765542223041	37.326730786382456	37.32673084774896	37.32673084774899	37.3267308847563	37.32673087530554	37.326730936719144	191.59761744421542	25.889113206142298	25.889113178162404	25.889113187412732	19.29376557211225	19.293765451824356	19.293765451824385	19.293765451824356	19.29376546217358	21.74094290720771	21.740942935017586	21.74094300618944	185.3239164562707	25.947677583643525	25.947677551569484	254.96946361685204	7.340740876146299	6.602773631655566
10.144009624918453	10.01060641519743	12.557152876392024	19.120263096418654	25.500789262944494	255.0	30.475863888383685	20.548416842969345	4.195436580354681	37.32673083698836	37.32673084774899	37.32673086735727	37.32673091328505	25.88911309885333	25.889113081066796	19.293765503826762	19.29376545727291	19.293765458906506	14.480769918502546	21.74094296725474	21.740942940847987	21.740942815568474	13.10051519620339	82.91372115739233	25.947677562684618	25.947677562684618	25.94767752696606	115.07145989394101	41.618475919388004	255.0
0.825361159177163	10.08552863834069	10.372659765554488	12.365468635180576	106.40378134026486	19.77675746636217	143.09582331731258	32.57536585338528	20.548416842969345	0.0	32.57536585338528	114.8177353377092	37.32673084774896	37.326730913285076	85.74827458338453	210.60178468718703	210.60178471582003	21.740942990637308	21.740942927644653	7.429481563099898	6.91197017158953	1.2863041808300295	13.938923655570193	0.2874347667333552	9.562413569130882	25.947677529339302	25.94767733279764	53.94471988836952	14.650309456049285	255.0
