254.8962217214373	254.46623094	254.21552109994974	254.20528294810867	247.4849094424029	249.88511018629808	246.9048490902404	244.0953947368421	214.2	253.86666666666667	254.9733182625581	232.23214285714286	181.5125280247342	250.46666666666667	210.83080182581102	235.571428569	242.857142862	218.08314099212626	242.857142862	205.45714285714286	241.7532467631818	177.99266192900518	238.42951365712133	238.42951365712133	153.43405728194745	250.7759010643769	184.42451027114737	253.12991197107976	253.3279716843138	254.46417620786497
254.97668789534043	253.12990880456263	252.7501562465934	243.33333333	249.99999997802198	246.9048499052624	241.7532467631818	241.5406335153624	236.8324160183017	254.87403905550482	255.0	147.421875	235.85876299007356	232.9772725948993	243.4090907707903	199.6344958899949	215.28688524590166	179.64270249555847	215.48885077186964	230.22601793829372	122.93594177184681	227.03853016228976	236.61940522366098	253.7627242063106	237.19349013945165	240.9208283729926	254.79804162527586	245.37453061224488	253.1299119714176	254.89661087441428
254.8248448781236	253.51972789113333	248.37988826719015	238.68	224.93448351310875	241.5406334835206	230.99495118044752	230.99495001554698	231.20991082088327	227.109375	250.5467852874405	130.91336481435542	254.5910865250288	151.77615932590805	254.12570348230054	176.45516903478688	218.6106315308336	220.42195821384678	205.9352067359231	250.9318169123591	219.720561146367	243.8201160541586	232.60135136706765	248.625	231.9788532874454	237.41617975848095	245.37585294830953	248.83978084564274	253.12990880400818	254.94390788641502
140.2177684328748	254.42176870706666	232.0556224250264	144.34863421450058	228.6889684835788	216.82952182952184	226.562499875	231.20991069650947	229.59999379524945	130.05	246.13899613899613	232.862703467799	191.25	232.63967112024665	232.862703467799	200.456439496627	223.31653253572753	166.3855625367785	234.84232160970444	214.9098068986045	214.82031093255603	236.4113259132155	240.0043129481432	236.12653061441327	248.625	234.5325843432183	250.0924210722377	245.3758529525916	253.60310648342812	249.8844623655914
29.032796099065564	254.29332119896287	16.586193475972465	124.24651032328526	183.22816076596652	185.76923076923077	221.10315221053014	230.76923076923077	215.62500003234376	213.59063598449893	254.99575042963073	213.46153846153845	191.25	93.38755667849912	111.5625	182.14285714285717	231.27018738236615	190.06681514476617	190.0668151447661	200.62945114329568	205.93520674257923	205.9352067299087	237.98076922000087	204.23076922152802	210.375	239.2721088435374	246.62563615523487	245.3758529474333	254.0714728208345	247.190625
30.81611864483679	251.3396937282351	42.129395665900205	175.10958105129166	170.48400309264107	89.10503441534354	101.47470229499999	215.62500005292614	205.75038344402142	193.5629418095317	86.1751072658025	191.25	207.70909090909092	153.0	238.0	221.0	251.70654871492798	231.27018734532402	231.27018734532402	80.65076405823856	187.66573145522392	217.94414724086153	175.07901234567902	223.98648648648648	183.60000000000002	183.60000000000002	219.6122448979592	251.866181156122	229.95151267591322	249.0260291753281
195.50341631026174	254.41086647825975	0.13966535852441098	193.7217117985826	101.47470222504387	101.47470222504387	207.76887773514966	205.75038308204196	191.27298938457676	196.5149550375	157.13203535753348	249.0591662862472	250.0707628581291	250.0707628581291	133.42859264927637	226.3987894941309	185.47594941313824	200.3814834012576	200.38148340532268	188.28010074645488	212.03069738645462	231.27018738236615	199.7711323039341	199.77113230408	221.79865768090627	211.01606144956682	230.22857142930002	241.42011834319527	235.67624731439486	249.0260291754279
223.2915430932212	247.21411289349453	241.00452106890816	101.4747021675	101.47470221	101.4747022250439	101.47470226911383	194.6162906891539	190.1226834518052	191.27298952499223	164.95577479194338	169.99267206505044	120.73248407643314	250.0707628581291	102.46634199467582	199.3544379689672	184.61331292024616	240.32867647983045	142.6014743441911	212.0306972685147	200.5086552168927	196.15384615384616	169.2965168397415	195.48863286616103	199.67796609158574	199.6779661016949	187.00000000136995	214.31502247278797	235.67624731206266	235.008
64.50058671583639	237.82812840340176	203.8032875651634	196.15384615384616	196.15384615384616	179.59119267318619	194.61629068915389	194.61629059503218	194.61629061485812	101.47470254999996	166.67917034032092	169.99267200084984	247.91305084803145	120.73248407643308	92.28195484478547	120.73248407643311	170.32943027136707	171.2630405903686	120.0666830622028	148.32584655810757	185.6261238269022	194.7406340057637	161.51162790697674	169.29651684356764	179.98707267670835	193.375	210.375	212.92756539235413	198.76451280381946	236.5125
191.42026026664996	39.098118588129864	167.97658759685672	137.30769230769232	191.80255362639593	117.17854150809637	194.61629049637042	194.6162905851192	194.61629059503215	194.6162906148581	166.67917027705292	247.9130499557536	247.91304920444747	247.91304937600876	92.28195491131157	65.71330691903614	65.71330691903614	170.47858164456602	149.8199816716827	149.81998171356003	175.52224031195587	165.70937447593494	165.70937447518622	152.5103386725	137.57247815371608	183.4411950347149	165.81338886056193	161.92057291666669	202.25522994990098	252.59363265354
232.02276298975403	210.61804064484159	14.598502146010901	117.17854127917988	117.17854122918652	117.1785412470974	117.17854124411568	194.6162906891539	194.61629039997865	194.6162901125092	56.100000005609985	247.91304938606717	247.91304920444747	247.9130492121676	247.91304902413864	227.67357958403585	227.67357958403585	114.36991509508451	112.24198146324676	149.81998163092777	149.81998167291152	113.43155544275473	112.04711970698631	112.04711983951887	66.26552323473356	137.57247794410227	180.642	173.53497164461248	198.76451280381946	249.60627586489395
126.43340348258178	82.41840880030011	137.30769230769232	59.04137231957486	134.92552669983712	117.17854125605282	159.3588642685072	159.3588644812329	117.17854122658358	117.17854138233633	56.100000005609985	244.70429893863175	160.44430822970247	160.444308205201	108.04034592990575	108.04034629448395	108.04034641331185	108.04034738012427	108.04034568952699	159.56843577296445	132.76738056495128	132.7673805690602	132.76738056495128	132.76738061772676	132.76738052968477	138.47272727272727	161.92057291666669	174.99483483483482	174.83102918586792	248.83978084564274
64.50058671583639	89.85526494981661	169.76514915475138	71.99616450855797	151.85900071552433	151.85900063316592	134.92552639809696	134.92552647917762	134.92552649867702	134.925526548967	134.9255265408837	63.75	127.5	128.73214172617122	135.99555652441933	135.99555653558397	141.2684910540571	108.04034629448395	108.04034593150965	108.04034623712542	132.7673805092282	132.76738058874793	132.76738058352566	132.76738058874793	132.76738062067437	148.1095890410959	137.30769230769232	16.651445557913974	167.53500000000003	16.2415109079993
19.731644655449884	108.33134455917761	122.23261937932563	122.23261937932563	151.85900067005628	151.85900068235307	151.85900068235307	151.85900066834665	134.92552647917762	134.92552649974633	163.2	161.8871652522563	189.1592832044682	44.332831698646004	44.33283190081292	128.73214178964906	240.8314236957779	95.44312111776023	195.3367793596111	117.98507462686564	116.6949152641267	132.76738028325127	132.7673805690602	132.76738059281286	132.76738062067437	100.9375	198.33333333333334	114.09141988413191	18.36638238986143	107.93023255813952
67.82195025615178	139.03703093488934	122.23261937932563	122.23261940718714	122.23261947031526	122.2326197167487	151.85900066834665	151.85900070694663	48.43567764252737	93.93366886594421	106.36121555390037	93.72383928884992	117.12272903746364	210.66716809918705	210.667168301354	97.75888479707504	118.9476783031811	86.84457382166369	117.98507463709066	85.45212774974311	85.45212765340906	103.14099929305337	103.14099933165332	132.76738052968477	132.76738077611822	104.19354837338713	110.86956521739128	9.221709653395692	16.2415109079993	80.14285714285714
67.82195025615178	139.03703092269996	122.23261947031526	122.23261941647436	122.23261943093979	122.23261943093982	122.23261941125207	89.82221451846235	134.0559400507985	99.48651034606061	99.72667676450538	118.33227766145009	62.48025312703518	71.07587726758103	71.07587697003743	97.75888488282732	71.0758771069994	71.07587699872502	71.07587654789086	119.00444346441603	103.14099933165332	103.1409993052466	103.14099931764693	103.1409993299437	103.14099928447567	117.29999999999998	110.86956521739128	198.33333333333331	126.79730458680291	124.34091870544177
139.03703095246834	139.03703093928408	139.03703095147625	122.23261941125207	122.23261943504875	122.23261943504875	122.23261949077181	68.69764203338713	57.67329763298622	57.67329764129829	91.9437722598091	91.45015526013194	71.07587717008624	114.68188953535312	114.68188957121487	136.48472191931143	136.48472193737507	119.00444347558073	91.36802631945159	67.42961584197562	101.99999999999997	72.55277219896314	103.14099936683408	72.76507722538511	90.66666666666669	100.9375	195.95862768042514	54.484544397620965	186.34649274599536	7.462369508717586
79.55480077005168	139.03703089392366	139.03703092609982	146.9232291545934	122.23261938227327	103.2802619365448	63.56990847191281	68.69764204411518	57.67329761936665	89.43679454112913	98.59958013869803	57.67329764833514	57.67329761697491	57.67329764660582	89.8222145801845	111.80137874845019	111.80137875882244	76.30436232498803	91.36802630456	67.4296158503692	72.5527719322925	60.383709385141884	60.38370960002132	60.383709887490795	60.383709310846086	84.99999999999997	145.77907817165195	208.82296368761874	171.37259010977056	0.0
79.55480067913831	79.55480064883383	139.03703093229205	103.28026186356792	103.28026189363717	103.2802618929594	103.28026195174243	68.88030575389115	82.64697183948945	86.73433490062484	98.59958013869803	92.01912809687695	57.67329764833514	57.6732976274283	99.01137137439116	99.01137136182678	99.0113713541298	76.30436230489875	99.01137140117447	88.32082972294708	60.383709385141884	60.383709404967846	60.383709414880826	60.383709503629575	60.383709310846086	85.0	145.77907808376273	188.7289934625465	254.85278885741565	50.806252099826764
79.55480050350016	79.55480067359403	79.55480071713092	61.54312464535451	103.28026187218342	103.28026175568664	103.2802618316963	63.56990848089802	81.25895080644318	68.88030575389115	68.88030573854886	68.88030568909866	68.88030572442557	68.88030572442557	68.88030575975259	92.01912809687695	99.01137132096429	99.01137138225803	99.01137136324303	88.32082965967905	60.38370938514191	60.383709404967846	60.383709414880826	60.383709503629575	60.383709310846086	145.77907805172396	145.77907803167864	115.25595016855854	250.76784808428508	69.39967342142893
64.58380336909639	79.55480067913831	79.55480064592066	33.970578274329256	61.54312464535451	61.543124840907666	97.82715438320758	78.5486508110827	78.40970006976619	78.66983410532578	68.88030559229671	68.88030578590059	68.88030572888451	68.88030578590059	68.88030573854886	68.8803057336045	86.73433490062484	68.88030579991803	99.01137131360716	67.20277789952999	60.38370931084606	60.383709310846086	58.89889044567076	56.79319510416292	65.40425432226871	48.68981113180138	76.5	51.0	25.35047836328937	15.66314283595446
14.598502146010901	60.66363235609373	79.55480067359403	33.97057811094041	33.97057814505803	61.54312470324399	61.543124732188744	74.58435710250865	76.4819019010454	235.79511162133076	235.79511170712522	235.79511152167012	68.88030563646782	68.8803057232065	68.88030569252192	68.88030575389115	68.8803057232065	68.88030579991803	68.88030575975256	65.94456770696976	65.94456744597616	77.48222439103321	65.94456749914855	67.61403464488947	55.90201636104911	171.13993871679463	76.49999999999997	51.0	120.11464211969945	61.85100739304778
187.0810621177804	39.49999979999998	26.815898519817495	79.55480058822485	33.97057816211688	33.97057817162272	61.54312466606723	61.543124691208334	61.54312470377886	34.163521979999985	235.79511168961469	235.79511161224875	164.17014979250553	75.75839772108276	68.88030568909863	68.88030569252192	68.8803057244256	68.88030575975256	65.94456733313905	65.94456736896768	65.94456736896768	65.94456736896768	42.7102272806211	42.71022727000002	42.7102272806211	33.19275349477999	171.13993871679463	133.47007584694552	243.23797119017482	180.98787332021126
240.59879354807882	39.499999803047444	39.49999980000001	39.49999980000001	26.815898648685845	33.970578120269465	33.97057809520953	30.69476157262642	30.694761592228673	54.71879279264195	54.71879273173863	54.718792752265756	235.79511163503236	164.17014966610088	46.160263984430514	46.16026400749308	75.75839774607232	65.94456736896765	65.94456733313905	65.94456736896771	65.94456718498265	54.75439969617301	42.710227312499995	42.710227243706015	33.192753538756875	33.19275350674701	112.45529623877391	254.96178001888987	32.799956663204426	254.79248212152194
126.49166398225466	64.58380336909639	39.49999980304747	39.499999803047444	39.49999979999998	56.12855147378181	23.729812617633883	23.72981265467598	33.970577966209646	221.73739323205058	221.73739324962136	221.73739324962136	54.71879264089492	54.71879302960639	68.8069946150753	76.70487055152768	65.94456710746476	65.94456723878679	65.94456729609993	54.75439952798797	54.75439963190257	42.71022718500001	42.710227188424795	33.19275354494485	38.00014776573238	38.00014769859769	255.0	3.255504189071331	156.13496590147076	240.6101071247926
97.16220133529279	187.0810621177804	131.05757464032	39.49999982020208	49.84641377316041	55.98979194288006	54.513349835942535	56.94414981139272	41.65169310899307	139.07317400055928	139.07317370530023	221.7373931919783	221.73739327014653	221.7373932374937	54.71879260523568	54.75439939799594	54.75439951437889	54.7543995535535	54.75439952798794	54.75439952798797	42.71022744000001	33.192753538756875	33.19275349477999	38.00014776573238	38.00014769859769	69.94802710171192	37.54600569256246	77.29543765753044	178.91621725246856	219.37792645330438
43.35351103053904	1.1193144955083199	70.8338523031205	0.05436853275153908	0.0	44.1235753292639	44.12357532926384	44.12357533950885	44.12357528566696	139.073173690632	139.0731737220775	139.07317382624333	139.07317376427818	139.07317382075433	139.07317378537857	38.26068932404951	38.26068923525247	38.26068925794027	33.19275362671067	33.192753564043755	33.19275356074533	33.19275354494485	33.19275350674701	33.19275350674701	110.95474892207613	25.94767772596174	0.025055437542334857	57.48914993072401	160.09044105349864	244.69976070245505
50.569832212185304	103.263711639011	0.0	4.496901491118507	3.603123976254068	22.90011514635688	44.123575311390795	44.12357532425477	44.12357532425477	44.12357529755869	44.12357535095086	44.12357539026959	148.8355049372947	38.26068922667139	38.26068919085395	38.26068922979917	29.55101353557569	29.551013440931	29.551013440931	29.551013440931	29.55101343605847	30.552260506749775	30.55226047270537	30.55226060888299	149.46075717923594	25.947677583643525	25.947677551569484	10.824729493136601	133.6343171056982	234.4736838672404
10.119145011993368	10.161734288915483	12.293725000522699	19.33078732987579	25.197220940614272	0.0	30.080315971484453	30.374465792951497	46.96371222022785	44.123575291972855	44.12357532425477	44.12357533950885	44.12357535999885	38.260689036052554	38.26068916413365	29.55101343441129	29.551013428552466	29.551013431054457	25.43275766451896	30.55226047901371	30.55226045260693	30.552260409285054	52.10880364579657	57.682052275129564	25.947677562684618	25.947677562684618	25.94767752696606	8.235988090015269	195.6355474454944	255.0
1.0875229209165695	15.455492128537372	10.157534804454173	12.293725000522699	48.635636238366715	21.02161815896386	85.46758721613247	27.01249382867556	30.374465792951497	27.01249382867556	255.0	54.61283193544992	44.12357532425477	44.12357535999891	39.3350700344275	133.53238800304803	133.53238815777766	30.55226040461659	30.55226047901371	25.889600149471278	24.20572744748779	5.553337593788115	5.255924533383393	3.413999583173677	20.283443501017388	25.947677529339302	25.94767733279764	160.90215960547835	6.583647280131572	255.0
