254.58545917340146	254.06336088518518	161.50617111784666	235.54433436239918	233.21748673875427	209.43978673377404	175.86757160349055	0.0	48.44999999999999	226.66666666666666	254.84982432260313	104.73214285714286	165.3841628979977	214.2	254.85930300676614	228.555555548	226.666666661	72.54610167428106	226.666666661	65.66249999999997	229.242424245	237.88716464985873	254.5437540892058	254.5437540892058	245.2715762451886	254.98069907458077	250.96042195897178	167.06560235684424	134.9962000572952	254.45270587431625
254.99982689566255	150.61705290124297	254.90926120665736	239.54545453	235.63936061813186	175.86757393549829	229.242424245	201.97256864707805	185.82145055015118	254.51894518924843	188.76222903657293	127.29887538000001	0.0	212.11363624311724	208.63636351782026	254.3881815091158	138.99590163934425	204.55524670708502	86.74957118353342	116.4153939211752	226.54956748782064	227.97720962591626	253.48400213643873	235.8117565786443	234.85985825626682	240.9253497650267	250.28368484294882	114.41690625000001	167.0656023561469	252.2847600001016
253.33860099469388	252.2576131692	241.91975624053273	69.10499999999999	231.39608952371393	201.97256876773895	139.16707126664778	139.16707185078974	178.4082949805349	0.0	2.237130219503115	109.50481361517174	253.4176480511328	135.4631445949711	252.16685653193417	253.8350244714535	72.72157320352991	74.9539123310119	76.35851087845612	223.94281932835275	219.4168054183748	160.0531914893617	221.52509655483277	242.25	231.58399710006248	239.4118965861044	129.60404999877187	143.9220469949541	179.0685942939434	245.50211157865553
140.2177684328748	251.8518518516	0.0	252.33216078460276	121.78814359248003	47.78883278883279	152.935606125	178.40829493489758	180.48074632563421	48.44999999999999	0.0	249.4260611395923	63.75	0.0	249.4260611395923	192.22333959759544	206.8987742280779	252.64322697479327	224.39700364008806	215.88445747082233	216.62480523088345	226.30283083441213	170.121771395616	198.9	242.25	80.13086135767574	127.48871017668046	129.60405002544297	242.65800000000002	254.80257127133257
180.49029923352117	93.26392217942202	202.51952592186117	148.5377202213716	144.66443227333787	33.46153846153845	136.75837478405353	0.0	149.4524795423664	131.08383725858474	115.36801638773946	17.307692307692292	63.75000000000003	76.31265308571511	94.191176565	104.73214285714286	211.88151867840145	244.30400890868597	244.30400890868597	200.40831118247274	76.35851081914456	76.35851082870951	222.52747253223856	227.30769230894535	222.214285707	174.85714285714286	162.88977963031448	129.60404996364596	226.56049872649604	250.7846938788
16.293259858849893	216.26061510987986	1.3560366221938978	252.08087677363068	17.557759180931896	234.98819856692782	11.668160204999992	149.45247933094805	133.6477809849446	94.1913474461756	226.15902462877463	0.0	0.0	25.5	170.0	153.0	245.66499035107833	211.88151867035631	211.88151867035631	189.06030268450763	45.050747113661174	248.02338520202815	80.46666666666664	234.32432432432432	224.4	224.4	234.96428571428572	254.88393263541192	135.54162962962963	254.55503418656997
97.50887235880919	2.5484101068077223	13.794119410088967	253.08600392670877	11.668160093920989	11.668160130836014	133.69739749092815	133.6477810030421	90.62329097785701	111.13571064375	43.382286616298956	238.59205125061402	241.26855367621678	241.26855367621678	248.74257462882522	236.68770100261713	222.32067109140021	166.75913170721918	166.75913168659247	188.69377382733694	215.61524552535192	211.88151867840145	127.2917305022389	127.29173050863845	222.82550331831786	231.24002394083465	236.2999999983	253.49112426035504	252.41597283408927	254.55503418650116
162.40284004650775	17.09360508112431	141.85766351601876	11.668160077500005	11.668160120000039	11.668160075463504	11.668160135903463	117.54598825659937	88.86433100411483	90.62329134004295	0.0	141.04682563922194	247.23991507430998	241.26855367621675	88.38584806685736	169.9999999780531	172.88219842890075	184.99972528317224	35.27047874325572	215.61524549950002	112.20385111476162	235.3846153846154	231.0751913183305	243.79561927390313	242.6513317198818	242.65133171542374	234.26373626545248	245.06714415990962	252.41597283432952	251.328
37.42943886822411	227.04990510908172	254.80384744985008	0.0	0.0	73.06221952234861	117.5459888349499	117.5459882813845	117.54598824279032	11.668159949999989	119.51989747030254	141.04682555201904	235.59296495195505	247.23991507430998	119.9633799862533	247.23991507431006	43.18324401078476	171.1425923105426	166.66540882178197	163.56501133552078	135.39439811948077	75.32420749279538	95.23255813953486	231.07519123492722	225.6980752599611	240.580357144375	232.05	239.6076458752515	241.552734375	253.13812303766827
47.79402487916653	24.328066147800627	187.90724061073277	19.61538461538464	98.34047667084522	26.08351197377587	117.54598825659934	117.54598830068159	117.5459882813845	117.54598849396476	119.51989743312944	235.5929653655819	235.59296501538006	235.59296506792467	119.96337994543904	137.96922893011612	137.96922893011612	170.46053888785724	43.560065118965895	43.56006515984086	185.945673544334	95.79070937447597	95.79070941804287	220.87469212875	215.8892936676467	147.83298586538643	214.63753035327784	219.140625	238.9418131461683	253.62866666712
237.92454103946375	65.13592503772361	228.38343534127276	26.08351197377587	26.083511995047928	26.083512024797272	26.08351204227617	117.54598767824882	117.54598825659934	117.54598799161582	93.49999991585	235.5929636477527	235.59296501538006	235.59296503652163	235.5929647335405	181.16124811815837	181.16124811815837	246.4018209320759	44.035547995900714	43.560065008579244	43.56006510145485	190.9999592362086	195.28493788378188	195.28493783622463	21.864347398025842	215.8892937930371	196.248	211.49574669187146	239.18470594618054	124.37235237350043
234.23618524900567	50.025613207278184	19.615384615384613	66.85124590484952	0.0	26.083512039671888	64.81243358361655	64.81243335129471	26.083512076526347	26.083512183713026	93.49999991585	228.2729652032986	124.36949359892509	124.36949365081125	245.5055681700606	245.50556869585483	245.5055691368721	245.50556962027912	245.5055699164148	159.73275154078573	213.3176543380726	213.31765438547487	213.3176543380726	213.3176543795789	213.31765437204754	145.37575757575758	215.04557291666666	181.8703903903904	181.70014880952382	143.9220469949541
24.416707394499014	28.743041690255836	0.0	6.562921269940745	67.9273824512716	67.92738241740054	0.0	0.0	0.0	0.0	0.0	52.50000001500001	63.75	206.53229861885475	114.92957826587073	114.92957827693121	145.12945021580686	245.5055668063883	245.50556867240462	245.5055688681715	213.3176542485422	213.31765426897184	213.31765436791608	213.31765439218856	213.317654427603	113.813200498132	144.15264423076923	217.74160256159274	69.10499999999999	5.915597588826927
236.4960752108526	13.619868011328208	41.682345572397026	41.682345572397026	67.92738239310503	67.92738244581028	67.92738244581028	67.92738243016879	0.0	0.0	0.0	93.72383937307688	107.77568139329088	104.90787736499979	104.90787719128534	206.5322986229495	220.84384993746335	242.02503726987555	206.05824906530862	60.8955223880597	168.559322048183	213.31765412561407	213.31765438547487	213.31765432932545	213.317654427603	159.375	234.95934959349594	250.3177665810421	149.65066852677987	107.93023255813952
228.54324199064013	0.0	41.682345572397	41.68234567067452	41.682345627952486	41.68234587438593	67.92738243016879	67.92738236880948	38.857568903578965	43.382286616298956	106.31515999051572	13.085759023430995	105.61251978909647	150.0921228087147	150.09212263500018	131.86576396880227	120.88219103777124	237.6945143288655	60.89552240254508	168.53555687867302	168.53555711931818	187.0726176311905	187.0726175698312	213.3176543720475	213.31765412561407	153.54838708306454	149.67391304347825	100.3700060304732	5.915597588826927	80.14285714285714
228.54324199064013	0.0	41.682345627952486	41.68234563208395	41.682345614525104	41.68234561452516	41.682345731028164	15.760525225342377	0.0	99.0347087547471	99.20372906188484	94.3958869700759	52.38572491991462	234.66226843587626	234.66226860146577	131.86576399003772	234.66226851680918	234.66226846267207	234.66226832849122	140.0704217230688	187.0726175698312	187.07261756983124	187.07261755418972	187.07261760689497	187.07261754872837	132.60000000000002	149.67391304347825	234.95934959349594	248.62582479382831	249.8993751305767
0.0	0.0	0.0	41.68234560781147	41.6823456619274	41.6823456619274	41.6823457514578	11.917191440866418	10.480311945622248	10.480311996735054	92.30706126915166	86.18105086297959	234.66226844352053	47.64790845468781	47.647908485910705	43.119051851596566	43.119051888542685	140.0704217341293	44.28304388469019	125.87409579183907	74.18181818181819	153.34494859456896	187.07261758259943	156.85278465664354	96.33333333333334	154.0625	188.14875409515048	191.23943969423897	81.41346726279332	62.93117334151353
8.731527656174563	0.0	0.0	62.629207281313256	41.682345620421074	0.0	14.189255799573914	11.917191494078594	10.480311928745351	94.16412533052701	85.7420946814324	10.480311936675434	10.48031193834106	10.480311927298658	15.760525237429675	43.677046845599676	43.677046867758236	98.28306831929507	44.28304397209192	125.87409579256052	153.34494841646728	137.45401150603527	137.45401174340063	137.45401200838415	137.45401232175118	90.3125	255.0	11.036877651581534	191.27177010557372	0.0
8.731527937604568	8.731528031414541	0.0	0.0	0.0	0.0	0.0	14.919805065656021	85.8712756050393	87.89708904445689	85.7420946814324	87.09635447245753	10.480311936675434	10.480311937785757	57.58229222514797	57.58229224100697	57.5822922218523	98.28306828033615	57.58229230282831	135.48010256687058	137.45401175720968	137.4540117186155	137.45401169931841	137.45401174340066	137.45401174340066	90.31250000000003	255.0	3.2249305744174706	114.74746923075185	255.0
8.731527857851972	8.73152804552069	8.731528106632453	26.08351197377587	0.0	0.0	0.0	14.189255761026061	81.31584853859783	14.919805065656021	14.919805066885885	14.919805006313538	14.919805051882605	14.919805051882605	14.9198050974517	85.7420946814324	57.58229222137882	57.5822922508211	57.5822922508211	135.48010252969743	137.4540117572097	137.4540117186155	137.45401169931844	137.45401174340066	137.4540111650501	255.0	255.0	102.12337202700925	0.0	0.787773974626873
87.91144043345099	8.731527937604568	8.731528023705607	27.22109830062513	26.08351197377587	26.083512183713026	75.05631546279795	79.1260390393835	85.57667063071824	77.97657904780178	14.919804909511612	14.919805103115522	14.919805048325372	14.919805103115522	14.919805087906155	14.919805091787936	87.89708904445689	14.919805167067778	57.58229221526105	106.5332600587461	137.45401174340063	137.45401174340066	94.15796169954658	94.56601824911601	69.96046091508899	134.63912571858032	25.5	51.0	134.6077648308089	155.9986697766879
241.87382059211066	255.0	8.73152804552069	27.221098311886777	27.22109826832377	26.08351204227617	26.083512076526347	68.75065429452758	76.01481860419167	208.38261012239934	208.3826100960472	208.382609885061	14.919804986494455	14.919805068115778	14.919805070575507	14.919805107696561	14.919805068115778	14.919805167067778	14.9198050974517	29.88619460242009	29.886194470109388	54.66163523987461	29.886194421340008	78.33081762023389	59.79627581153014	220.57004200271052	25.5	51.0	64.45162559290986	187.0810621177804
184.25962860203032	11.668160204999992	30.874307009970067	8.731528219034516	27.221098246542226	27.221098290950124	26.083511995047928	26.083512024797272	26.083512039671888	27.761138805	208.3826100126122	208.38260997976414	187.69358688171747	22.582284941807274	14.919805006313538	14.919805070575507	14.919805051882634	14.919805097451757	29.886194414295517	29.886194377946396	29.88619437794631	29.886194421340036	46.016296440949844	46.01629640500002	46.016296440949844	64.60823364874435	220.57004200271052	69.8185202597571	0.6316125268044459	140.18381936138718
205.89625858704557	11.668160130836014	11.668160120000039	11.668160077500005	30.874307066296296	27.221098286112635	27.221098181197675	69.24144174778701	69.2414418024625	221.34331426048846	221.34331412518185	221.34331406275456	208.38261010054762	187.6935868555367	15.084627299543541	15.084627332090719	22.582284928561478	29.886194291159114	29.886194414295517	29.886194356249604	29.886194337798827	37.39638063387241	46.016296447500025	46.016296440949816	64.60823368649261	64.60823368998862	193.81768016709603	163.203309728499	146.05354833247753	16.679946273160823
0.5703303464803184	87.91144043345099	11.668160075463504	11.668160093920989	11.668159949999989	65.58023134551937	43.11848132159855	43.118481329643686	27.221097999702295	184.631481824145	184.6314817769428	184.63148186340732	221.34331415204107	221.34331409123195	69.83356645276507	76.85858914459277	29.886194002915175	29.88619442133998	29.886194320233216	37.39638086375464	37.396380889294505	46.01629632000001	46.016296239444245	64.60823367886232	58.890763854395715	58.89076378074205	1.6891279839787785	247.32679287927917	171.06306538455658	246.3832069349243
35.96822438983446	205.89625858704557	50.860619980996034	11.668160135903463	54.65289945075776	55.5345583133132	53.936296744405695	56.99172258188085	13.085759023430995	200.55128451908757	200.55128426757545	184.6314818345858	184.63148177667597	184.6314818621405	221.34331411993378	37.396380733762584	37.39638076158346	37.396380804153864	37.396380820423985	37.396380798758656	46.01629632000001	61.04677008029577	61.0467700418414	58.890763854395715	58.89076378074205	69.94802710171192	37.54600569256246	0.0398994090045619	244.72127572386358	52.586669865842254
4.869457859596679	101.66089977818402	0.13700991990987177	25.053014585122327	197.41229054437125	102.10632512821027	102.10632512821024	102.10632514802697	102.10632511332844	200.55128424175115	200.5512842406057	200.55128426757545	200.5512842604266	200.55128429339973	200.55128427033705	67.6536566964129	67.65365670914755	67.6536567146482	61.046770308878166	61.04677010790334	61.04677009952297	61.04677009120283	61.04677005780178	61.046770123672815	204.3177098185135	25.94767772596174	6.57304837090004	244.19078624604646	127.46235854071608	130.69327426696054
254.9684571783871	190.39469723281098	50.852469013865004	28.743041690255836	6.562921269940745	4.1183414799669436	102.10632517285592	102.10632513133305	102.106325147474	102.10632512811833	102.10632516682972	102.10632516897289	165.90649872827083	67.65365674591706	67.65365671551487	67.65365670975581	51.85298258234852	51.85298265663465	51.852982675387665	51.852982684764186	51.85298263503171	32.91721831244806	32.91721827812171	32.91721823301589	220.97746225803277	25.947677583643525	25.947677551569484	77.33084730240006	0.6387247397703959	125.19123819261998
10.08633707085454	8.55808205880723	12.591642402379165	19.48010005803127	26.41178298841487	64.2375798748107	35.636105857355005	64.2375798748107	255.0	102.1063251367134	102.106325147474	102.10632514802697	102.10632518766033	67.65365669641287	67.65365668337932	51.8529826451946	51.85298268663158	51.85298266943164	80.6476836760443	32.917218302448845	32.91721830244879	32.91721815423466	255.0	0.0	25.947677562684618	25.947677562684618	25.94767752696606	26.238182264919857	61.29964638584909	255.0
1.080702726697126	9.947237157270706	8.524866095301007	12.534009275536334	68.11637492138473	19.120263096418654	106.69315093410063	39.19820460146647	50.852469013865004	37.841467812178905	39.19820460146647	220.97746225803277	102.10632514747402	102.10632518766033	193.81768016709603	123.96390683469062	123.96390679305404	32.917218209468984	32.917218302448845	121.24575737262884	116.4155480624701	48.81601972418267	13.97068792020201	11.229942437273905	75.25205516395567	25.947677529339302	25.94767733279764	103.55742134856013	15.19675659054053	0.0
