253.71138887976986	254.55729166666666	254.9382997311898	254.86874207949307	251.7291247481619	253.63498275240386	253.4371063719634	249.78070175438597	232.05	226.66666666666666	250.47299526993257	242.85714285714286	245.17795302126166	250.46666666666667	196.25337348127422	247.444444452	234.22222222599999	239.29662601338268	234.22222222599999	228.77142857142857	247.27272728045455	253.70280250458123	254.26186117517992	254.26186117517992	233.30801636580532	254.96028379570805	245.0495596859834	253.04618870418244	254.25305182881957	254.37406448640363
254.94763173582942	254.72251241983074	251.53573441112158	244.375	246.1652930247253	253.43710540188786	247.27272728045455	245.3142146359133	247.68882103078957	248.11381856901656	180.42670017611778	239.721377415	253.87617311702817	246.88636349608728	222.54545441900825	184.5160497558487	170.46448087431693	241.06074963625957	234.1509433962264	228.40103055413937	208.06362971824873	227.60776870738175	230.88660068797972	246.44508731753137	236.58485426667238	240.91930831558423	253.1093079900517	252.30220408163265	253.0461887050876	253.4408928281238
251.65736139741273	254.77613168746666	253.57541901714305	248.115	255.0	245.31421477323192	247.86024586988722	247.86024461993554	237.34944031365137	239.0625	249.67481824025324	236.8538215907706	237.88978959779635	229.73147029625784	233.47093817578352	159.8006985822889	190.90100575664582	200.78246620237607	205.20494005272928	236.72406511953528	219.8369288521927	191.86653771760155	219.67905406889724	186.9999999915	231.59985734245686	239.46745914858096	245.09066773954763	253.27349331379372	251.8229199767007	250.32453080302682
140.2177684328748	253.30699588533332	227.54798063576987	241.50336602193346	230.10360643044783	250.75883575883574	243.489583421875	237.34944025293674	235.80989609326485	48.44999999999999	154.8024948024948	118.72533789032158	212.5	220.29064748201438	118.72533789032158	202.94834296370655	236.10410685662174	150.0012948913658	242.97804126057196	214.89831378378346	214.9260885069893	202.66433846039013	188.0703729675787	208.37142857142857	186.9999999915	241.38494387708516	243.15989603524847	245.09066774027627	246.47363265306123	226.81355606758834
239.31044882870648	253.74120869882788	171.04699415884312	123.11761078204805	253.42007832787993	241.15384615384616	241.2403170475078	120.0	224.93607969370788	237.5496314245102	62.087866838957154	208.84615384615384	212.5	208.77977935270104	215.954631285	133.57142857142856	116.8300120732587	241.369710467706	241.369710467706	200.4652635708241	205.2049400377397	205.2049400393771	164.42307691563695	247.02797200420687	140.25	243.89795918367346	238.30922638614945	245.09066773680473	237.26977215302588	203.3625
222.75641427232466	46.73767033271318	190.4017070686992	169.95380355455205	137.6633153074971	30.803029119271912	133.33408022999998	224.93607957612764	216.87942960178708	228.48871751499618	151.99585363621645	212.5	190.4	178.5	170.0	221.0	210.50085868770068	116.83001213418356	116.83001213418356	162.95923983921514	201.28338943240294	182.25363355128246	182.46666666666667	235.47297297871623	213.272727282	213.272727282	205.0408163265306	215.18889394629042	234.3682962962963	226.15558117543245
250.77104625692286	244.37186527623572	236.78543721668487	35.58829175712836	133.33408004696048	133.33408012079056	218.7507985611613	216.87942938081096	227.42130806383634	226.73480071875	183.35567747190316	186.21143725131407	194.96893337935796	194.96893337935796	117.92867592446714	146.13694964589814	105.43461208989316	137.75880033704763	137.75880034146007	187.50848094729207	171.23071134626161	116.8300120732587	120.97682689483347	120.97682689451395	207.42281875714383	128.21229050100263	227.8000000017	181.06508875739644	196.7895082358558	226.15558117627336
140.7865364928221	254.99379315306325	118.20024839072104	133.334079975	133.33408006000002	133.33408006541805	133.33408006795173	207.6405299925303	226.88315821781268	227.42130756273855	190.8199153710995	220.96302723640713	105.57324840764332	194.96893337935796	187.44670700474404	182.2103487028524	211.106188718685	206.70293884546817	173.2180599866988	171.23071128117942	129.31863732639516	117.69230769230771	111.29834238347192	138.16998792674127	144.78813555586038	144.78813559322032	212.03296703078414	90.29959246878698	196.7895082302974	248.1719008224
195.91321736026075	46.57745264187736	0.58025228995308	78.46153846153842	78.46153846153848	221.9379480152876	207.64052941417978	207.64052980472724	207.64052990400174	133.33408022999998	198.20641519284624	220.9630271686392	176.90589450407143	105.57324840764332	192.17255439638126	105.57324840764335	145.43590143526396	171.67492256705117	151.84742098965268	83.94079968303217	145.95741329603652	63.198847262247824	189.4186046511628	111.29834246704115	64.4642344017139	138.125	178.5	174.4466800804829	138.20570203993057	196.5625
226.0460880685399	246.40806408559064	183.6106229105255	215.76923076923077	207.6742852045366	145.77907817165195	207.6405297997468	207.64052975509003	207.64052980472724	207.64052990400177	198.20641513156488	176.90589459313125	176.90589475929323	176.90589461047477	192.172554321456	117.1808624380509	117.1808624380509	169.01230636597361	148.95485544318922	148.95485545329893	171.7173487382474	90.44524568170388	90.4452456824622	97.91352204374999	115.66465565285054	55.37201384771342	61.560874089490085	103.48307291666666	86.52076130374948	252.09866666712
218.10330680018626	212.251436830154	230.94980523015693	145.77907817165195	145.77907808376273	145.77907803167864	145.77907805172396	207.64052941417978	207.64052970335504	207.64052940165283	203.9999999439	176.90589435938705	176.90589475929323	176.90589484436686	176.9058947213161	197.06989482775734	197.06989482775734	99.45364857020482	119.00000000975419	148.95485537476287	148.95485542710188	94.71560864145593	92.2151690095782	92.21516894644583	218.78475156982893	115.66465553128316	99.85799999999998	21.691871455576575	58.58506944444446	254.00999453481688
238.64859563673588	39.89454856053513	215.76923076923077	224.24283193725313	164.1671677880119	145.77907805534517	206.42542132641057	206.42542119855838	145.7790779917599	145.7790781263448	203.9999999439	163.0313866919575	189.6847468619199	189.6847468525305	93.41291018891252	93.4129099803996	93.41291018891272	93.41291018891252	93.41290931522849	159.6512865886306	77.52865535375327	77.5286554020341	77.52865535375327	77.52865541425669	77.52865542700889	20.193939393939417	40.72916666666666	29.421741741741698	29.394201228878615	253.27349331379372
247.32468434352202	138.4777707241397	57.70016904383286	110.95474892207613	196.85481217556904	196.85481219162585	164.16716718453165	164.16716729272787	164.16716728511167	164.1671673354017	164.16716740492876	155.21739126	84.99999999999997	199.6981108419344	112.04792769744446	112.04792776682729	142.0047881090175	93.4129099803996	93.41290958129713	93.4129097294292	77.52865532121413	77.5286553895468	77.52865536459964	77.52865538954683	77.5286553862924	39.05977584059775	20.02403846153848	19.90825226914214	69.10499999999999	253.08323059981964
13.031707991246833	194.24785373032108	177.47134461370763	177.47134461370763	196.85481212121698	196.85481209774738	196.85481209774738	196.85481211441265	164.16716722720582	164.16716728644678	142.79999999999998	161.8871652522563	107.77568139329088	85.86041337980419	85.86041360136545	199.69811084675666	152.66675143973345	82.0132815982999	105.03747871748081	57.089552238805965	34.57627116776072	77.52865518057541	77.5286554020341	77.52865537002285	77.5286553862924	58.4375	76.70731707317071	109.62547452609536	215.8970257057761	107.93023255813952
231.11140764449462	39.25226473762433	177.47134461370763	177.47134462997718	177.4713445729912	177.4713448194246	196.85481211441265	196.85481205080808	139.42192576610353	59.264070933906396	106.27934693347129	115.33074784287777	110.23027663856078	169.13958639863455	169.1395866201958	191.51256786634835	118.08622636619222	74.39425019417848	57.08955223454555	68.71753238709232	68.7175324261363	58.14518794919192	58.14518788558735	77.52865542700883	77.52865518057536	32.903225806451616	11.086956521739097	7.274800573309932	253.08323059981964	80.14285714285714
231.11140764449462	39.25226466749447	177.47134457299114	177.47134463540036	177.47134459796584	177.47134459796587	177.4713446104532	69.80330016559074	113.91063488374635	98.8015887904022	99.61551585445389	110.58601445879964	136.73344239062382	59.92549859599188	59.92549856824883	191.5125678187665	59.925498442463095	59.92549849660031	59.925498031562654	142.95207223317266	58.14518788558735	58.14518791199413	58.145187902252616	58.14518787878302	58.145187824430934	56.099999999999994	11.086956521739097	76.70731707317074	29.93654701159801	132.85791934120994
39.252264797433156	39.25226460687247	39.25226478431094	177.47134461045317	177.47134464624673	177.47134464624673	177.4713446787859	98.89811871056807	80.06038239951243	80.06038241008588	91.36257196771771	85.33022114357715	59.925498476907165	129.02034525862518	129.0203452612551	60.92913602122698	60.92913608725766	142.95207230255554	41.35877427142202	90.40503092280156	23.181818181818187	57.63288509834794	58.145187808374146	57.325583496980045	11.333333333333343	21.24999999999997	30.75716806274687	37.79322173477084	135.44972747730674	254.59679934204317
167.277400676434	39.25226467723496	39.25226470771992	166.49857664070768	177.4713445857433	84.85992465208011	85.28801168787561	98.89811870403983	80.06038240503827	95.59380543561392	92.96913151177463	80.06038242494466	80.06038239714226	80.06038239398666	69.80330021651704	53.08550867588838	53.08550869896945	62.980718485309666	41.358774265378685	90.40503086519556	57.63288506824267	47.35947009599826	47.35947029664496	47.359470598347144	47.35947058582025	10.625	61.54312464535451	190.9299216003292	128.76784659628856	0.0
167.27740033956917	167.27740032441693	39.252264706433294	84.85992469635244	84.85992465208011	84.85992467991318	84.85992464703469	68.26656418411761	86.63469723080385	88.62632061061524	92.96913151177463	79.57382311928222	80.06038242494466	80.06038240640973	64.61489056465092	64.61489054699456	64.61489054635823	62.98071848162323	64.6148906849075	56.79358486843512	47.35947034717273	47.359470195272735	47.35947024491	47.35947020025324	47.35947000746975	10.625000000000028	61.54312466606723	223.73384572651503	2.685285128298034	201.42729657638873
167.27740037830705	167.27740033679703	167.27740029528698	36.55815588547094	84.85992465208011	84.859924737966	84.85992484479425	85.28801169023845	81.10680662255547	68.26656418411761	68.26656418974497	68.2665641464252	68.26656418186863	68.26656418186863	68.26656421731215	92.96913151177463	64.61489051538888	64.6148905437824	64.6148905627974	56.79358480715376	47.35947009599832	47.359470195272735	47.35947024491003	47.359470200253185	47.35947058582022	61.54312470324399	61.543124691208334	178.4643341564011	218.99395618967839	254.66175070426837
149.9919158334981	167.27740033956917	167.27740032296032	110.79439834976196	36.5581561143874	36.55815625268963	116.9483897918634	76.26482766492978	89.75458988501055	78.57747461350456	68.2665640496233	68.26656424322718	68.26656417997947	68.26656424322718	68.26656418974497	68.26656419139707	88.62632061061524	68.26656425131657	64.61489050977283	17.917628609035205	47.359470007469724	47.35947029664496	17.019586069593686	10.856087511507184	7.534740318687881	36.755539186502915	25.5	51.0	115.34146174959216	211.13929726434128
71.59620419382347	108.28624857065597	167.27740033679703	110.79439827162176	110.79439821515851	36.558156103447885	36.55815609797804	68.82755723924043	75.90666141792445	125.265047888373	125.26504800027502	125.26504778282546	68.26656420662712	68.26656415333179	68.26656420662712	68.26656418411761	68.26656419537238	68.26656425131657	68.26656421731215	27.803256663164177	27.80325652962918	16.261566907962703	27.803256409364224	29.790097876794306	6.440057775081698	55.67912008024098	25.5	51.0	91.06407836399003	109.68656380318882
12.88781470953765	11.668160204999992	176.85609602319778	167.27740029411245	110.79439818692691	110.79439821975058	36.55815606810825	36.55815606335727	36.55815606098176	95.48647328999999	125.26504772617741	125.26504770643137	70.8233925462618	60.463382226272415	68.2665641464252	68.26656420662712	68.26656418186869	68.26656421731212	27.803256474223417	27.803256452757807	27.80325645275778	27.8032564744546	4.520835628027754	4.520835585000015	4.520835572655244	17.145115870721384	55.67912008024098	193.17853236150233	22.524240221804234	55.13582276494327
52.98159042815382	11.668160130836014	11.668160120000039	11.668160077500005	176.8560958914136	110.79439815474484	110.79439810223204	135.1549549939536	135.1549550061919	45.82328678265475	45.823286875244094	45.8232868623202	125.26504781467966	70.82339259019548	50.01916067296773	50.01916068764001	60.46338224453348	27.80325640936414	27.803256474223446	27.803256409364224	27.803256396094355	10.574285896177003	4.520835585000015	4.5208355911127	17.14511591788002	17.14511590034951	167.58900253029617	254.88828162445546	16.59612639612675	249.689255090479
237.09798521891085	149.9919158334981	11.668160075463504	11.668160093920989	11.668159949999989	55.9121349271029	138.16998792674127	138.16998786581644	110.79439795972777	100.86516917303408	100.8651693162303	100.8651693162303	45.823287010078445	45.82328703930773	46.29072526866244	76.08107075099139	27.803256063659234	27.80325640936414	27.80325637975301	10.574286062815844	10.574286183082648	4.520835585000015	4.5208355192459635	17.14511589739689	2.9606323477676995	2.9606322900547184	0.0	13.159922988285587	183.9175571767538	254.75493999669578
28.84086859321968	52.98159042815382	7.259137131810434	11.668160135903463	49.805958447274776	53.273374844219745	52.28138060744453	54.26010862652629	13.085759023430995	37.11906936647674	37.11906958911712	100.86516920094428	100.86516918349335	100.86516928129325	45.82328673580312	10.574285802831724	10.57428588997098	10.57428598767487	10.574286019485157	10.574285997819828	4.520835329999983	5.731529087571062	5.731529088707447	2.9606323477676995	2.9606322900547184	69.94802710171192	37.54600569256246	72.72057015880802	8.30106709699956	173.51246473325025
254.30603946397932	70.48207699203127	99.48594910961239	82.194350033393	83.83151515604055	94.34137915444333	94.34137919160926	94.34137917463724	94.34137921502509	37.119069526093426	37.119069644958614	37.11906958911712	37.11906963144625	37.11906963198362	37.1190696246901	9.112488265902584	9.112488219618399	9.112488221824918	5.731529236971994	5.731529071198651	5.731529087002912	5.731529071692165	5.731529072679223	5.7315290068081595	3.603123976254068	25.94767772596174	19.617485873570615	110.61924454525348	216.30125821904196	12.3677238332196
52.44025414744354	20.562581758967355	64.2375798748107	8.190895078656808	6.562921269940745	187.040334698861	94.34137912136183	94.34137916566672	94.34137918180772	94.34137916146898	94.34137920214644	94.34137920494493	41.929391046716916	9.112488190556036	9.112488196476278	9.112488191300969	7.772214714889913	7.772214651747959	7.772214670501029	7.772214679877521	7.772214593245252	3.2339267475797158	3.2339267471941753	3.233926566325124	220.97746225803277	25.947677583643525	25.947677551569484	172.75498969617402	153.53542978825885	23.81396105688802
10.143326181495866	10.130690651971122	11.959045893389401	19.26984262266842	25.408447595456863	64.2375798748107	30.076218770232515	32.57536585338528	56.758671672870065	94.34137917104707	94.34137918180772	94.34137917463724	94.34137921502509	9.11248797790563	9.11248812801827	7.772214650033163	7.772214656041768	7.772214678290084	18.902553358388616	3.233926777837098	3.2339267514303742	3.2339266996214917	30.704048922865496	51.55725119257383	25.947677562684618	25.947677562684618	25.94767752696606	220.1421038098811	71.34935752500166	255.0
1.0905418846309374	10.097345073404398	10.415908302760442	12.478442813217782	0.9953964115382519	20.30910127236686	6.490047152596816	30.374465792951497	32.57536585338528	45.684891360443885	30.374465792951497	31.451129933216095	94.3413791818077	94.34137921502511	21.479235177439392	13.186627986250329	13.186628002828797	3.2339267464230943	3.233926738227069	7.742532670517875	7.20381746880534	1.4838414969872815	9.849081377618432	0.3329127076921168	255.0	25.947677529339302	25.94767733279764	163.9623995177647	242.0094218182078	255.0
