254.74813884948256	254.3781435762963	254.92656391632565	240.5069718611991	171.02615694175313	217.62630862379808	211.4420250416299	244.0953947368421	244.8	244.8	211.4235735588162	104.73214285714286	252.7364022289025	117.86666666666667	210.35706835447832	212.5	144.5	238.3463044097924	144.5	250.90178571428572	139.0909090909091	240.8474246151914	231.56493493619186	231.56493493619186	246.15853928923966	247.8955568964508	252.73500883362524	254.96769938375456	254.9569700855573	254.90293341848457
254.09149352658775	254.99894146888667	239.96444328735024	242.40740742	189.4078144285714	211.44202431834944	139.0909090909091	178.895780048135	193.70248854968963	205.41577025395245	141.93942908266126	251.47488	247.40982989770743	243.4090907707903	215.59090896841425	199.13516008491024	138.99590163934425	200.32309723132292	238.7435677530017	246.03873756109482	234.65063711737636	229.45594283406365	198.222253240768	233.97547266719246	234.99973830003023	241.28240760984167	246.65196024790094	254.93413584183673	254.96769938376076	254.94982509944836
254.67709234039944	247.91666666666666	237.43016759318124	252.96	228.2809592022531	178.89578004621336	177.81137566580628	177.81137554068326	152.84590206402498	227.109375	147.95795015577926	250.81089798360665	176.6628385857189	245.55849974675064	170.56373370453923	175.88757092506836	238.92280665540412	240.66212617779598	242.75662251930146	212.3537066726157	219.76785801537162	249.45116054158606	155.0675675780451	247.35	230.68380413121943	238.86284169612884	254.35816607432864	253.94625639061434	254.9448955880732	254.9971532301495
140.2177684328748	207.11666666666667	224.93448351310875	119.7490350688224	86.36104482230442	246.13899613899613	163.461538359375	152.8459019596969	157.58157331618276	244.8	89.21591921591923	72.86762294374537	63.75	226.9054470709147	72.86762294374537	198.33333331997687	78.74419980887203	165.82269843850486	142.86240848688672	214.84932640226532	215.2416125616208	219.01555205754346	249.71371438269335	240.16836734693877	247.35	251.87725103605382	254.0947723013838	254.35816607440927	254.13734381507706	254.7294623655914
140.59791759160635	46.13489201110241	29.291559747252506	226.00746280340655	220.64096585197706	230.76923076923077	148.34828194338786	64.61538461538461	123.04195824609585	163.04972919989675	156.40635614645086	184.6153846153846	63.75000000000003	237.55450302306025	240.312	104.73214285714286	227.0993289100996	177.76169265033406	177.76169265033406	205.20675374834013	242.7566225172293	242.7566225165563	169.6153846077097	246.30177512347052	234.6	240.6887755102041	253.7945857602934	254.3581660741844	254.87329054399152	253.368
31.14375435528717	210.53342804364058	237.6174287598658	109.50744534082975	253.6444616503505	146.51169801650144	178.23735127499998	123.041958048483	107.58684645617018	128.45762390288118	32.89483849579571	191.25	199.36363636363637	204.0	204.0	67.99999999999997	138.85935839358206	227.0993289289333	227.0993289289333	202.82949328382708	232.3875563502882	148.4284995380355	251.22222222222223	249.8310810810811	247.153846146	247.153846146	239.3877551020408	195.57350933090578	254.9440329218107	254.03010994534523
38.67055409012943	250.82461979305276	21.33078297437021	166.68555654616765	178.23735113097945	178.23735116789447	106.36915415074961	107.58684641813716	124.85875717007565	121.06964173125004	43.382286616298956	106.60575972442504	117.42147048671035	117.4214704867104	132.88122256982737	86.55563131327355	118.6842766314312	179.20059263722408	179.20059267211496	188.76430820226682	140.5739016544248	227.0993289100996	245.1108361632303	245.11083616258284	247.46979861619633	237.19273742685485	232.05	158.43195266272187	250.09114347099546	254.0301099453735
31.645017000710425	163.12528633683417	253.10032060897385	178.23735102	178.23735110500002	178.23735111252194	178.23735113455692	92.36306673537743	123.07062864530647	124.85875689496311	164.95577479194338	127.80500377202151	120.19108280254778	117.42147048671038	214.9316490708944	87.1384498834868	150.8966859316828	168.53091139944	222.67284977146568	140.57390169142928	226.07675143489735	98.07692307692307	216.98032265769214	83.84712598538911	234.25423728110314	234.25423728813558	249.75486052908246	252.85450313820525	250.09114347052673	254.7585798822
61.77361131272448	38.67055409012943	170.20813484575444	39.230769230769226	39.2307692307692	106.87946655007696	92.3630661570269	92.3630666192906	92.36306658896478	178.23735101999995	54.758866833198624	127.80500369732482	95.93780849902274	120.19108280254778	114.55910651685758	120.19108280254775	205.13033280181745	171.2031577411146	210.27004103686065	182.8751083066917	193.50149330057977	214.21469740634006	240.69767441860466	216.98032271184005	244.45130709490456	238.0	249.9	251.9215291750503	254.85243055555554	252.64615384615385
35.99435395311167	24.296865981557858	81.02472022209636	196.15384615384616	71.94553067770258	26.08351197377587	92.36306654259394	92.36306663445353	92.3630666192906	92.36306658896478	54.75886687537357	95.93780886541401	95.93780901885853	95.93780878897587	114.55910664578667	176.64251528041422	176.64251528041422	170.27904522119508	207.86848639485024	207.86848640383525	178.49999998557502	228.99966459835653	228.9996646002767	215.9562136875	229.35661337501693	245.32440755121166	250.75442247658688	253.22916666666666	254.45218354536604	252.9345
109.50695664652508	210.99764312803484	131.24308211199946	26.08351197377587	26.083511995047928	26.083512024797272	26.08351204227617	92.3630661570269	92.3630664462022	92.36306658896476	64.73076930197303	95.93780901473784	95.93780860217217	95.93780891434636	95.93780865280911	143.30800101612763	143.30800101612763	113.83419218208024	223.96238842277273	207.8684863787456	207.86848640050624	208.52515160107177	213.13632778830146	213.13632782050894	188.89825662652981	229.35661347561117	250.002	253.07183364839318	253.81944444444446	253.8881148679387
3.281120775934852	64.32429140391295	196.15384615384616	46.36015338143048	134.92552669983712	26.083512039671888	93.2724161533452	93.27241641971	26.083512076526347	26.083512183713026	64.73076930197303	86.39394363950817	42.77363404728766	42.77363405436256	107.51204563315022	107.51204582368436	107.51204563314974	107.51204708336877	107.51204668613718	137.1111609077125	192.09231483318868	192.09231486485186	192.09231483318868	192.09231484198955	192.0923148445871	240.16363636363636	247.91666666666666	250.76888888888888	253.52906586021504	253.94625639061434
46.11482188176447	28.743041690255836	27.73548727941244	155.65596279056598	75.69581184626648	75.69581179051568	134.92552639809696	134.92552647917762	134.92552649867702	134.925526548967	134.9255265408837	193.8	63.75	116.84932675000289	54.11807289091661	54.11807285573474	140.86146744085647	107.51204519386275	107.512044829583	107.51204593886769	192.09231475256664	192.09231475176753	192.09231482438778	192.09231487498428	192.09231480678602	229.40473225404733	247.13341346153845	236.75338141413278	252.96	236.75811407004795
240.26649385319476	169.76514915475138	62.9076850861893	62.9076850861893	75.69581176344161	75.69581175441695	75.69581175441695	75.69581174353007	134.92552647917762	134.92552649974633	153.0	36.6310462787533	140.9605332114484	144.94641678906714	144.94641682058227	116.8493267738626	79.6134269162898	94.95417520202506	65.24478038821752	194.1044776119403	203.1355932159437	192.09231459815362	192.09231486485186	192.09231481998734	192.0923149138107	233.75	44.227642276422785	225.66310764379477	248.82598610733757	107.93023255813952
38.70289315363749	18.110407652639083	62.90768519321398	62.907685180012635	62.907685155412906	62.90768540184635	75.69581174353007	75.69581173636757	182.96641748734805	43.382286616298956	106.38672474355351	140.9605331234972	116.8814143892503	110.05358317941773	110.05358321093286	187.96331166415717	119.08136213138974	86.38951611762138	194.1044775974549	190.60606070704202	190.60606067045453	179.30418826363243	179.30418825646996	192.0923148445871	192.09231459815362	222.09677419354838	232.82608695652175	253.7242139327124	156.321649120114	80.14285714285714
38.70289315363749	18.11040765795508	62.907685155412906	62.907685175612215	62.907685135148085	62.90768513514814	62.90768524823244	128.19207412874465	123.80324627575328	99.566901326632	97.90961109732837	107.38215231735373	167.68789145116125	70.6620956127403	70.66209531473888	187.9633116173684	70.66209536451427	70.66209531037711	70.66209496729027	200.88192714426526	179.30418825646996	179.30418825646996	179.30418824558302	179.3041882365584	179.30418815373352	219.3	232.82608695652175	44.227642276422756	50.806252099826764	226.02760314429548
18.110407485961844	18.11040761096976	18.110407716739473	62.90768512501572	62.90768516681132	62.90768516681132	62.90768524743339	96.82998178827344	145.40288945974643	145.40288945392984	93.8561562114188	106.10889858213906	70.66209480910027	118.56762627875065	118.56762632166576	167.05931858180503	167.0593185614091	200.8819271090834	168.09742154219475	185.75406448839453	194.72727272727272	177.16856153519598	179.30418820948432	181.01731958176032	209.66666666666666	212.5	208.6398466185695	253.72443295082203	254.9959762975174	146.04431531114636
139.03703095246834	18.110407472613787	18.110407735977645	44.0972921696206	62.90768515801045	93.74087836933353	93.71792890039865	96.8299817725973	145.40288945218197	87.8937565638891	84.50391060456437	145.40288947413967	145.40288945672188	145.40288943211044	128.19207418039804	151.36625410213654	151.36625411112814	107.92151793735951	168.09742137104047	185.75406442339775	177.16856173374552	162.63693341103522	162.6369335537978	162.63693341103522	162.6369338429731	217.8125	48.26781180431158	255.0	5.077691157618119	0.0
139.03703093928408	139.03703093488934	18.110407677549915	93.74087823702345	93.7408782835183	93.74087831766212	93.74087847893952	125.75496675786178	84.67833899263073	92.39109415394947	84.50391060456437	84.50391060456437	145.40288947413967	145.40288946252778	108.17641195245204	108.17641194589902	108.17641194626074	107.92151790438484	108.17641193387809	200.24113312462646	162.63693341103522	162.6369333807094	162.6369333655465	162.63693345740606	162.63693326462254	217.8125	48.26781189348836	207.81150535919954	253.95201279126127	237.2394010006285
139.03703089392366	139.03703092269996	139.03703095147625	26.08351197377587	93.74087830497211	93.7408781932908	93.74087807358615	93.71792884875896	81.4133581741404	125.75496675786178	125.75496674720782	125.75496678407634	125.75496676020705	125.75496676020705	125.75496673633782	255.0	108.17641196933116	108.176411953198	108.176411953198	200.24113316680135	162.63693341103522	162.63693338070942	162.63693336554653	162.63693326462254	162.63693384297312	48.26781186617356	48.26781185407657	95.13813547841485	243.67248241615863	105.5392639342083
61.85100739304778	139.03703093928408	139.03703093229205	168.51925209703617	26.08351197377587	26.083512183713026	60.28602076131972	78.16400025226696	78.11916853501151	78.38740801550142	125.75496678407634	125.75496678407634	125.75496672589983	125.75496678407634	125.75496674720782	125.75496668859927	110.20681453349508	125.75496678982378	108.17641193387809	139.99815771058104	162.63693326462254	162.63693326462254	163.40129598113387	150.89668593840264	182.77285353352815	166.47051936563128	204.0	51.0	7.362709408335235	28.47195571238521
38.67583053029398	60.66363235609373	139.03703092269996	168.51925220038964	168.51925213501613	26.08351204227617	26.083512076526347	69.6203622304968	76.48415849525594	57.07815476597091	57.078154603547745	57.078154409438355	125.75496671524587	125.75496673655383	125.75496671524587	125.75496675786178	125.75496673655385	125.75496678982378	125.75496673633782	138.10520607054752	138.10520630159505	168.78879625009324	138.10520646928296	159.58773660153548	183.51582814125817	31.05151456483489	204.0	51.0	107.89148934704664	84.91559138168168
36.059571905415794	178.23735127499998	20.513122651336346	139.03703092609982	168.5192521023294	168.5192521277733	26.083511995047928	26.083512024797272	26.083512039671888	130.076023005	57.078154399994645	57.07815431060405	35.2024313391459	118.74511564303583	125.75496678407632	125.75496671524584	125.75496676020705	125.75496673633782	138.1052063244967	138.1052062957085	138.10520629570848	138.10520633910215	149.18179627075352	149.18179626	149.18179627075352	163.68336183631212	31.05151456483489	198.10214952864752	56.049792569307215	233.09928244269653
36.059571905415794	178.23735116789447	178.23735110500002	178.23735102	20.513122704508163	168.5192521431419	168.51925212235278	74.1070361724837	74.107036189312	54.38611869353295	54.386118711784974	54.386118696446005	57.0781543479317	35.20243138728671	167.58207511456783	167.58207509326013	118.74511563782605	138.1052062089213	138.1052063244967	138.10520627401172	138.10520623289017	138.81078713777515	149.18179626	149.1817962707535	163.68336180385927	163.68336179345025	193.81768016709603	46.5764925997438	191.77313091963782	253.48961922456851
3.335581360973066	3.287065818830939	178.23735111252194	178.23735113097945	178.23735101999995	56.13428276061279	27.900671089900413	27.90067107106671	168.51925191734978	44.22425216915164	44.22425217049528	44.224252343424354	54.386118541948946	54.38611886618847	69.50205311792186	76.15530046752158	138.10520607054752	138.1052062089213	138.10520630159505	138.8107867996062	138.81078697483974	149.18179626	149.18179611405213	163.68336180917606	162.66827563836955	162.66827565462836	46.52486151824618	6.590473304589494	167.96626052451725	128.52456612090123
30.742812180863893	0.0	8.243919034382401	178.23735113455692	48.63437489118064	54.53369803286128	53.525551116670954	57.17483030316947	140.9605331234972	19.994798592730547	19.994798658340244	44.22425222813831	44.224252301989424	44.22425252078335	54.38611855297822	138.81078679960618	138.81078675698973	138.8107868296064	138.81078679960618	138.8107867996062	149.18179626	118.02504270578888	118.02504267863137	162.66827563836955	162.66827565462836	69.94802710171192	37.54600569256246	74.95517000671228	125.13328179820579	202.37052159660615
43.428057394940254	0.23606069959015485	3.238928792503458	79.70329312867574	46.96371222022785	38.528960060423174	38.528960060423145	38.52896005855135	38.52896012913956	19.994798667823545	19.994798592730547	19.994798658340244	19.994798678279295	19.994798709328535	19.99479872105354	99.59953973274193	99.5995397034904	99.59953971608459	118.02504291177755	118.02504272555842	118.02504271936763	118.02504270278556	118.02504272311089	118.02504265723985	0.0	25.94767772596174	241.93977737292363	12.704527671893743	74.95460600287953	243.66936716249504
5.802568680499633	31.838977528004335	50.852469013865004	28.743041690255836	155.65596279056598	42.05675998542287	38.528960002937936	38.528960045527924	38.52896004552795	38.528960050405516	38.528960105214225	38.528960101962525	15.899179983704698	99.59953968481574	99.59953968886461	99.59953969295782	115.20137094405618	115.20137081853574	115.20137083728875	115.2013708466653	115.20137080201926	135.84668159599354	135.84668157979746	135.84668146217044	14.214236831995947	25.947677583643525	25.947677551569484	0.0219830644267347	143.82061469408256	57.48914993072401
10.0601594849239	10.71566940755929	12.253706918451911	20.57498326474567	26.217823065681813	34.24016530082338	29.50826212448854	34.24016530082338	143.7916034413019	38.52896000248538	38.52896004552795	38.52896005855135	38.52896005480764	99.59953973274196	99.59953968481571	115.2013708493786	115.20137083752849	115.2013708256921	106.77499838427019	135.84668154758657	135.84668154758657	135.84668158978968	52.10880364579657	20.283443501017388	25.947677562684618	25.947677562684618	25.94767752696606	16.752202244457607	67.94592443356598	255.0
1.088719379504198	10.09359668675603	10.819774518339756	12.47318700415721	0.05300276751009392	16.075081572747962	0.9199466530279494	27.01249382867556	50.852469013865004	40.76568839783258	27.01249382867556	14.214236831995947	38.528960045527924	38.52896005480764	193.81768016709603	150.96933423649492	150.96933411354064	135.84668154740535	135.84668154758657	81.82070597462621	77.68495610175279	40.151882826302796	37.22244731192836	19.128822073425795	69.25617754596345	25.947677529339302	25.94767733279764	1.6541037075100746	8.778672842662786	0.0
