254.32067440939156	254.8740740740741	254.33571453383882	252.97619047619048	252.69114688105546	245.19230769230768	238.86787603393333	208.02631578947367	244.8	182.46666666666667	246.56691447715335	250.44642857142858	242.08466068832425	236.86666666666667	236.77082976315805	204.0	221.0	220.08469914390759	221.0	211.28571428571428	243.4090909090909	218.19967450275357	251.08337725443286	251.08337725443286	243.42063404657165	254.51459610105582	251.29290019168155	248.11500310278385	253.3584565627028	254.46035646454794
254.97625215263594	253.71533527696792	252.72753138380403	249.33333333333334	247.52747252747253	238.867878378551	243.4090909090909	234.26755802042922	227.65982066500402	243.3544288537896	204.33070903080971	234.92711374499999	208.3467577714148	52.15909087945511	121.70454538539516	228.3308789253923	247.6844262295082	243.101890165327	220.15437392795883	195.85914138861517	227.90890233959703	227.77832120645226	236.50095926347768	238.7980108348802	234.86666914231523	240.82770509185977	249.86254369359258	247.5061224489796	248.11500310347446	250.45449804078234
252.77386447122765	244.8	246.16759777636503	252.96	232.0556224250264	234.2675580568687	216.0408215033963	216.04082118548337	220.15020550831431	175.3125	186.27662376742	231.1701077369887	228.96540643434037	224.58366556516214	223.83415880987096	211.88582973768922	144.00443994197104	155.65342072920936	178.91533920101784	222.4129346890108	220.7449013803548	136.6247582205029	249.83108108073182	178.5	231.5695784269223	239.68479870185485	232.05125053054917	250.20400006661225	244.02826884864442	231.1082342900462
251.09549485182453	250.46666666666667	231.79632520868742	254.78259782565158	254.88205542898282	124.73566973566975	212.5	220.15020545199928	218.80655207012694	214.2	216.82952182952184	48.06440198159942	233.75	171.8065775950668	48.06440198159942	216.98684439241865	189.73070362959643	202.4251708657116	213.47432148338766	214.41159558449112	215.0732777086832	195.4583323940051	139.4128967231731	188.38775510204084	178.5	234.72182442752987	215.85122598072545	232.05125053218964	237.59925031236986	252.97619047619048
10.23745440178834	164.75651909346146	91.28803945274075	195.8709408072024	197.06943319605523	93.46153846153848	204.51425377672183	185.76923076923077	199.94318194996254	197.51460874526268	229.62995581432835	148.84615384615387	233.75	199.65188644026745	208.163265405	232.23214285714286	107.57693860302297	223.47995545657017	223.47995545657017	200.31965229218116	178.9153391769849	178.91533918023984	236.53846151621997	207.69230768290984	238.000000017	199.48979591836735	217.74380889765504	232.05125052414996	202.39734648359553	253.8666666678
28.58957738410615	214.9292967471359	102.05870886613866	16.971089239233663	224.30454764095728	253.23528812293708	178.23735127499998	199.9431818454468	187.62437012959788	171.46144194395617	200.79538670209246	127.49999999999997	136.3090909090909	204.0	119.0	187.0	197.16090041065326	107.57693863578461	107.57693863578461	191.24153920597084	188.00828925507835	209.10215291902688	174.4074074074074	155.06756756756755	229.5	229.5	213.3673469387755	247.57168866636323	229.52876085962507	252.06443666197725
221.5214766172622	39.733741724402336	53.757267705412914	199.0402210403547	178.23735113097945	178.23735116789447	189.56134465136623	187.62436993766954	168.55932234816146	176.20066659375001	214.46176166652586	169.1996029561828	179.12495685191578	179.12495685191578	171.4612350235946	95.29545842061904	77.40798933380071	154.2124427318874	154.21244274508328	187.59271152266356	176.93578088880872	107.57693860302297	139.3234028075677	139.3234028071997	51.342281870580166	220.8100558663993	204.0	230.85798816568047	243.4948675101456	252.06443666206283
105.42990694665738	249.73741681272074	0.02088021439172394	178.23735102	178.23735110500002	178.23735111252194	178.23735113455692	174.10085687461526	167.1060460444598	168.55932197675955	100.05556928287305	158.06280678356438	159.53290870488323	179.12495685191578	180.19123899619797	161.8871652437	140.96053311301793	182.68569598744287	149.41996942051827	176.9357808768877	86.67421535891697	176.53846153846155	190.32765497936504	181.28846924833988	216.10169490206837	216.10169491525423	205.49450549601096	197.0715847315416	243.49486750904703	252.45
249.76306920068768	210.84315739670626	108.39448459782955	137.30769230769232	137.30769230769232	153.84264916860275	174.10085687461526	174.1008566920314	174.1008567185933	178.23735101999995	209.32870843000845	158.06280671168827	158.82576368666167	159.53290870488323	198.88351256125173	159.53290870488325	101.53175092267185	171.64696112446444	174.3619196689565	189.1592831213825	124.66918074002453	139.62536023054756	88.953488372093	190.32765500598381	160.0617638541412	212.5	204.0	153.9235412474849	179.44444444444446	245.19230769230768
224.0102766769382	252.9632273517446	55.99449217432618	58.84615384615387	166.0982574665381	186.08927052513167	174.10085668183177	174.10085667875052	174.1008566920314	174.10085646741882	209.32870840238797	158.82576454749915	158.82576400097165	158.825763900862	198.88351260163114	151.65019134547853	151.65019134547853	169.3466744401647	121.16880704293624	121.16880707402294	140.96053315575247	106.22505450276708	106.22505450365779	176.20066646625003	165.85953589599802	118.55356425606797	148.8605619146722	141.66666666666666	186.52294317075626	244.8
229.6727218618328	207.9556014712637	0.869056209377959	186.0892707540482	186.08927066430186	186.08927064011823	186.08927062205782	174.10085571791421	174.10085658544	174.10085646741882	210.3750000210375	158.82576258964815	158.82576400097165	158.82576410574137	158.825764037365	169.17597930745444	169.17597930745444	153.366825346925	111.64341275204177	121.16880699048008	121.16880704308144	138.8168538756463	139.39917808277937	139.39917794970987	27.172874183441763	165.85953580240601	122.80799999999999	160.51984877126654	179.44444444444446	250.17234458163716
224.0102766769382	44.597571202690204	58.84615384615384	210.74334728203206	73.33433497254356	186.0892706280264	134.62622147834418	134.62622168614615	186.08927055606267	186.08927069116817	210.3750000210375	145.1627816424306	167.68835617484345	167.68835616704285	147.1045614075241	147.1045612916534	147.10456140752308	147.10456140752342	147.104561687266	159.34965236680728	156.93426914521257	156.93426915334737	156.93426914521257	156.9342691589321	156.93426928604595	92.72727272727272	141.66666666666666	124.56456456456456	124.44796466973887	250.20400006661225
249.76306920068768	194.2674012294443	108.33134455917761	155.65596279056598	127.5	127.5	73.33433436906324	73.33433458545571	73.33433457022335	73.3343346708034	73.33433454776932	145.714285605	191.25	168.47472430481508	200.88192705002126	200.88192700826968	141.6183504021974	147.10456003200906	147.10456102516346	147.1045611007158	156.93426918637118	156.93426908699814	156.934269131493	156.93426921021484	156.93426910405395	88.40846824408467	91.94711538461536	91.33284619619315	238.68	145.884990057276
245.66196612506238	42.40528844360006	98.06573089594607	98.06573089594607	127.50000004560282	127.5	127.5	127.5	73.33433458545571	73.3343345728936	91.79999999999998	123.31856626171214	68.77433050451256	118.32162020081006	118.32162042372997	168.47472430767334	135.27133581578715	132.57984388950524	114.68187449728651	68.50746268656712	99.40677964783109	156.934268793179	156.9342691533474	156.93426912463326	156.93426910405393	84.99999999999997	28.333333333333286	5.56355199245067	233.0330166856263	255.0
28.63976903825923	79.55480064883383	98.06573089594605	98.06573087536671	98.06573096038755	98.065731206821	127.4999999603899	127.49999990879438	129.0647925905609	157.13203535753348	106.50838597739374	140.9605331234972	116.75570397603806	136.67837957627	136.6783797991899	101.84278436057338	118.73504017665022	121.88266679516579	68.50746268145468	110.11363615618546	110.11363636363635	127.50000009120562	127.5	156.93426903961245	156.93426928604595	90.48387096774195	99.78260869565216	63.94162820212961	145.884990057276	255.0
28.63976903825923	79.55480067359403	98.06573071395408	98.06573086850696	98.06573084665257	98.06573084665263	98.06573091300183	42.612502565418765	68.77725920590521	98.23321431242951	99.33976393232078	115.52722889793822	129.32239813758468	104.42194005200241	104.42194016753723	101.84278437661837	104.42194001771486	104.4219400718521	104.42193966349481	54.118072991730315	127.5000000396101	127.50000001320336	127.5	127.49999995439717	127.5	71.4	99.78260869565216	28.333333333333343	221.29466968959895	7.9043926741263135
79.55480077005168	79.55480067913831	79.55480071713092	98.06573078978516	98.06573085478743	98.06573085478746	98.06573081362882	70.67290949056266	62.07909540738112	62.07909541498364	91.84105253114058	87.45453339598498	104.42193990151611	62.765936295617536	62.76593633747211	33.49343648470895	33.493436517657784	54.11807294997871	50.20320631415177	83.35459308062846	55.636363636363654	95.28352993514739	127.5	96.48472538694736	56.66666666666666	84.99999999999997	44.25665271796791	51.23074265059688	237.87214532146805	210.4785658398044
28.24036914114933	79.55480050350016	79.55480058822485	119.60592595868448	98.0657308410679	47.82869095136445	67.84405009131711	70.67290945470305	62.07909539406563	87.45453339598498	93.41781133187663	62.079095394450775	62.07909540431672	62.079095385496146	42.61250263676138	31.43141115799955	31.431411199311725	70.0250986795877	50.20320636451868	83.35459302607819	95.28352973629433	80.89914353258118	80.89914341455997	80.89914353258118	80.89914428208581	53.125	117.17854127917988	77.58719960252859	163.7530844603379	98.57694873568684
28.24036940028509	28.240369389527643	79.55480064592066	47.82869081583456	47.82869090845685	47.828690905367495	47.8286910844333	50.61567791130787	85.95394993085569	122.35959306696776	93.41781133187663	88.91492119126411	62.079095394450775	62.07909540102804	51.050539013516925	51.05053899504114	51.05053899600057	70.02509866475046	51.05053913610254	45.671291597612	80.89914328140677	80.89914330796856	80.89914332124948	80.89914331816826	80.89914312538474	53.125	117.17854122918652	143.73038271370356	77.16944988613477	126.79730458680291
28.24036923126951	28.24036935081861	28.24036947036771	117.17854150809637	47.82869088700306	47.828690798498	47.82869073244524	67.84405007299995	81.23655569548117	50.61567791130781	50.615677936500475	50.61567791747203	50.61567790786475	50.61567790786475	50.61567794665851	88.91492119126411	51.05053896208685	51.05053899250328	51.05053901151828	45.67129156999155	80.89914328140677	80.89914330796856	80.89914332124948	80.89914331816823	80.89914312538474	117.17854124411568	117.1785412470974	219.98784224278634	247.14505631728608	125.17539475959143
1.3052392164147761	28.24036940028509	28.24036939066832	100.0521093628353	117.17854127917988	117.17854138233633	89.86811691492662	77.10952134981741	77.95286912167356	78.64970147361805	50.615677820670044	50.615677820670044	50.61567792382496	50.61567801427395	50.615677936500475	50.61567797584496	122.35959306696776	50.6156780038921	51.050538960967856	55.81096625281987	80.89914312538474	80.89914341456003	50.1790711629514	46.79337187680525	39.37139434026247	69.12116644818241	153.0	255.0	253.57479107544827	1.0365027879307718
0.869056209377959	0.0	28.24036935081861	100.05210938679087	100.05210941070834	117.17854124411568	117.17854122658358	69.06655985081215	76.4666875076899	107.26972313574714	107.26972295078991	107.26972326321496	50.615677899970336	50.6156779196526	50.61567792799735	50.61567795334841	50.615677919652626	50.6156780038921	50.61567799505943	34.154801047480476	34.15480121743113	40.23376993013758	34.15480109547988	38.625324945374985	33.651332828012954	19.593725661632874	153.0	255.0	11.682474878048367	224.41615954287295
112.82603105762448	101.47470229499999	154.21670775976605	28.240369368012608	100.05210942266703	100.05210941790725	117.17854122918652	117.1785412470974	117.17854125605282	88.063313895	107.26972304259795	107.26972294529548	39.63926430534215	42.6561388541769	50.615677917472	50.61567792799735	50.61567790786475	50.61567794665851	34.15480116078092	34.15480118226708	34.15480118226708	34.15480116057029	24.712053282193295	24.712053314999963	24.712053337565862	26.70840451494348	19.593725661632874	23.48935041010114	180.62060880990015	243.40696255812912
208.37615823282135	101.47470222504387	101.47470221	101.4747021675	154.21670765072497	100.05210944544314	100.0521093404594	49.62102586926497	49.621025877975626	82.2884802990367	82.28848042260068	82.28848043535214	107.26972306094419	39.639264253692374	45.82732801674322	45.82732805831506	42.65613886118385	34.1548010954798	34.15480116078092	34.154801160570315	34.15480108762944	26.99146547920799	24.71205331499999	24.71205331910835	26.708404509648176	26.70840451656113	39.3350700344275	83.30402209935087	2.564048814265533	180.82060938443027
51.21289042101279	1.3052392164147761	101.4747022250439	101.47470222504387	101.47470254999996	55.83089424651877	147.423061396977	147.42306136421536	100.052109528051	85.3160122953077	85.3160124040453	85.3160124040453	82.28848025871937	82.28848047360626	68.65896816583819	75.93887265814459	34.154801047480476	34.1548010954798	34.1548010675549	26.991465595592302	26.991465746843232	24.71205331499999	24.712053182180483	26.708404511961646	33.06431520650045	33.0643151846927	19.845186134859404	94.36846100993517	250.62034624689878	191.3317414297657
220.3082365955631	112.82603105762448	118.22099791638345	101.47470226911383	49.94008579898244	45.57848135606994	51.83991955502262	53.94584123534045	93.72383928884992	12.423096940922477	12.423097036228597	85.31601228875928	85.31601226180493	85.31601239944564	82.28848029903665	26.991465465600243	26.99146546336678	26.99146555785893	26.99146559559233	26.991465595592302	24.712053570000023	26.708404509648176	26.70840451494348	33.06431520650045	33.0643151846927	165.75165402282317	255.0	46.93811546771863	10.734531337127066	150.19924026486666
1.9243308919721187	135.08449751424496	36.85321394152996	0.31953065748214726	96.27562641868838	67.40509423518861	67.40509423518859	67.40509424430246	67.40509433686222	12.423096719605667	12.423096940922477	12.423097036228597	12.423097029227392	12.423097090808085	12.423097073379921	30.89480370706437	30.89480371287982	30.894803697724228	26.708404650731012	26.708404509661875	26.708404507000466	26.708404511961646	26.70840451656113	26.70840451656113	71.99616450855797	255.0	0.504334198480251	234.4736838672404	171.56951654298064	28.67686690923844
122.06551170064529	81.36549892324382	30.374465792951497	89.85526494981661	71.99616450855797	48.29974628515657	67.40509422749525	67.40509424153947	67.4050942415395	67.4050942500727	67.4050942975702	67.40509433492397	50.167992010853965	30.894803728993082	30.894803715787504	30.89480368982683	24.655831024596864	24.65583106947588	24.65583106947591	24.65583106947588	24.655831049647475	17.677477691990674	17.67747768988309	17.677477880724638	54.61283193544992	255.0	255.0	178.70784222788254	244.65495048484834	15.5639372242822
10.108370611520456	8.893510082006628	12.899458193685575	19.96821715426725	23.91451685241472	30.374465792951497	29.977103681801566	34.24016530082338	0.0	67.4050942415395	67.4050942415395	67.40509426907977	67.40509426253035	30.894803563065892	30.89480360391758	24.655831007777067	24.655831043384836	24.655831045472382	37.138088565628834	17.677477665669244	17.677477692075968	17.67747759194077	130.04808610065737	191.9817856261043	255.0	255.0	255.0	224.37368564819224	175.4767328269645	255.0
1.127543409914182	7.97334000451653	10.271896143910823	12.899458193685575	1.717721788267255	17.765628853234233	9.330597207651039	255.0	34.24016530082338	255.0	42.768578068619036	14.214236831995947	67.40509424153947	67.40509426253035	8.19095797599445	19.482261683731053	19.482261919985092	17.67747768566798	17.677477705279358	41.814096141057206	39.263720874208104	10.632105633036218	0.7436748669015003	5.60281316661559	57.682052275129564	255.0	255.0	240.64032388095907	21.94616464611059	0.0
