254.82995128647687	248.5752078562963	254.99759912239975	207.43310086345525	212.56108079905042	172.00990979567308	165.4415428553774	249.78070175438597	214.2	253.86666666666667	249.7794541394756	232.23214285714286	90.89628097870136	253.86666666666667	241.7412258416027	234.6	241.4	249.81013264075563	241.4	247.35	236.45454545454544	190.83083123425317	252.71705008822772	252.71705008822772	242.73241830155644	254.78398476256	250.88116712830927	254.99631023474424	254.9240255720233	253.1382616080452
254.48471615387965	254.993115	243.7247527598059	214.52380954	230.18053377197802	165.44154237809033	236.45454545454544	125.7001363383699	153.67052984707894	247.24233625137398	46.71642762072963	54.435594089999995	176.19832353082163	243.4090907707903	249.2045451680656	234.35151904380845	240.60109289617486	150.14837481220638	249.02229845626073	253.59686115691545	226.23372727713414	227.81158348400228	206.69171095391405	239.6930292985279	236.6517656074341	240.78832918835658	250.3742244871798	254.7705	254.9963102347451	254.99999405247814
253.62573073304023	253.368	227.11891461998297	238.68	227.54798063576987	125.70013640750255	129.04069473826678	129.0406948590928	101.1725812055673	239.0625	82.06924623533047	40.47605864865318	236.15906729273823	67.83633586060449	231.57403689289194	220.30710488744185	250.41436312295497	251.55264235968866	249.3632539833383	224.2803971638099	219.5053148017295	255.0	223.98648648439098	255.0	231.5539171657269	238.21258916938137	254.84986753432625	254.85320321737248	254.9986363745773	254.99998249082049
255.0	254.27466666666666	205.50063994642045	7.073608713011623	42.67050227480968	239.24710424710423	113.83928582812501	101.17258124491673	109.92288437201799	191.25	250.75883575883574	250.1171180501614	191.25	245.18787255909558	250.1171180501614	153.40556819503166	233.98797980776428	211.3792043803777	241.63171744227535	215.2232543425339	215.5515255588136	253.07199537848447	254.35458943988158	254.27142857142857	255.0	250.78883259320762	254.9285013258821	254.8498675343725	254.99791836734693	254.92885044642858
9.573604056803077	1.1713949001809851	150.1975809811995	160.0130924321855	8.33209758954996	218.07692307692307	95.65081965925128	241.15384615384616	76.1688310286113	122.72933132776768	107.83372089676732	231.92307692307693	191.25	26.917704791686873	37.72189347	218.57142857142858	255.0	230.9576837416481	230.9576837416481	200.88118537105774	249.36325398353878	249.36325398245927	236.53846151621997	207.69230768290984	212.500000017	253.78571428571428	254.95543082607387	254.84986753431988	254.99623715750894	247.9166666712
0.0001258430312134351	0.7988506116123517	1.5077644973100632	16.801101660830085	253.7225564715705	254.92945126924468	101.47470229499999	76.16883112209118	64.22846002975663	86.09981771749898	240.93349223412085	212.5	229.03636363636363	153.0	238.0	238.0	207.7401256156099	255.0	255.0	188.55996862081162	227.83094749549034	240.2241935475124	246.1851851851852	232.60135135135135	191.25	191.25	253.17857142857142	254.0714610832954	254.69529035208046	254.63003445591565
7.0181090718321	167.518299749979	4.698099108131487	236.78450780982354	101.47470222504387	101.47470222504387	61.52756685682462	64.22845978617343	82.62711821972854	77.79764846250004	157.13203535753348	182.58441278257408	191.62409389023128	191.62409389023128	182.1589415798279	236.7800672185519	232.05955026059553	188.77572973360674	188.775729734683	188.09202784347855	225.05228522844075	255.0	253.0698024812931	253.06980248008577	250.72147642521452	243.9594971997352	247.86	248.96449704142012	252.7933277631893	254.63003445586696
98.83149893790596	98.48304507715568	0.0	101.4747021675	101.47470221	101.4747022250439	101.47470226911383	53.07544417966875	80.91868051514206	82.62711859953316	190.8199153710995	106.51132093433219	170.9023354564756	191.62409389023128	38.59633790181692	196.11027253949882	182.87510831578982	185.5169906499808	210.83270439358083	225.0522852522348	248.62604200658868	215.76923076923077	233.82925465518676	231.27018738236615	244.1949152419305	244.1949152542373	238.88736263911272	254.84479912762953	252.79332776395256	239.0625
2.0417682982473764	4.506609618220438	106.27759288079179	215.76923076923077	215.76923076923077	65.60196020435626	53.07544417966875	53.075443802281285	53.075443868579754	101.47470254999996	87.9037254709186	106.51132090798046	173.0130442882447	170.90233545647558	68.2734798137669	170.9023354564756	235.91103045700052	172.6772193118404	127.49999994298027	150.89668592843498	241.36967664673142	246.91642651296831	241.74418604651163	233.82925469167472	253.16862970580786	247.03125	223.125	247.56036217303824	254.937744140625	254.15715144230768
93.8774764059099	88.16744506919	44.0254050910803	176.53846153846155	36.65277285676726	117.17854150809637	53.075443794101744	53.07544376913211	53.075443802281285	53.0754438685797	87.90372544263357	173.0130451560529	173.01304455618924	173.01304458307362	68.27347980206207	146.77446363594356	146.77446363594356	170.68092493044983	226.08099256806753	226.08099254158748	212.33033863386743	247.8156967969143	247.81569680326862	234.41667693	243.73011144462035	253.568024023105	254.52826916480228	254.00390625	254.9797105016406	254.80008
0.8386912246181168	127.32135647228195	22.27312754484248	117.17854127917988	117.17854122918652	117.1785412470974	117.17854124411568	53.075443022967704	53.075443601318256	53.07544336623084	0.0	173.0130443375108	173.01304455618924	173.0130446455034	173.01304433751102	173.6021766937104	173.6021766937104	165.02871446503036	207.58926515024262	226.08099254065812	226.08099253006645	231.14118094431706	234.73318918191893	234.73318921739	252.5732932483466	243.73011141858885	254.592	254.87948960302458	254.937744140625	254.88645124749362
11.956250934632976	3.519593297476888	176.53846153846155	19.036355345500084	164.1671677880119	117.17854125605282	58.54413096834065	58.54413113688602	117.17854122658358	117.17854138233633	0.0	159.12817968812942	142.19076521771706	142.19076521508015	159.02584054895058	159.025840861015	159.02584103235614	159.02584054894993	159.0258413057013	159.53360647567146	217.72258425750653	217.72258427912107	217.72258431101886	217.72258428055915	217.7225843492572	252.52727272727273	254.00390625	254.55483483483482	254.31655625960062	254.85320321737248
2.0417682982473764	89.85526494981661	194.24785373032108	71.99616450855797	44.332876986434485	44.332876865485645	164.16716718453165	164.16716729272787	164.16716728511167	164.1671673354017	164.16716740492876	19.615384634999998	170.0	180.0290837643081	119.0044434755807	119.004443464416	138.49033344174165	159.02583960137065	159.0258406239693	159.0258410011508	217.7225843266644	217.72258424405302	217.7225842701288	217.722584244053	217.72258429537334	249.41095890410958	250.40264423076923	150.22626462218986	223.125	105.58706695023267
125.91629417203652	147.6310923283741	37.277415704626634	37.277415704626634	44.33287694083478	44.33287696595113	44.33287696595113	44.33287697266172	164.16716722720582	164.16716728644678	193.8	189.1592832044682	189.1592832044682	113.45472570762456	113.45472584911508	180.02908376841776	148.8400249417367	144.37956973806467	236.92324666088058	232.16417910447763	233.38983052825338	217.72258410282373	217.72258427912107	217.7225842496838	217.72258429537337	239.0625	237.03252032520325	144.7435496460469	61.63304238336849	0.0
2.543680077157944	167.27740032441693	37.277415704626634	37.27741575031624	37.277415650742824	37.27741589717624	44.33287697266172	44.332877016183886	13.336542269487751	134.02854290821654	105.88134981627124	93.72383928884992	116.76633501618895	141.54527415088495	141.5452742923754	101.84278436057338	118.55121766813807	133.25574651835308	232.1641791061818	220.90909073243802	220.90909085795457	210.6671229838161	210.66712302733828	217.72258434925718	217.72258410282373	244.03225805080646	249.45652173913044	190.76141842812578	105.58706695023267	0.0
2.543680077157944	167.27740033679703	37.277415650742824	37.277415729871194	37.277415720878935	37.27741572087896	37.277415755946976	184.93754263449802	167.44715694248214	99.23805598269934	101.4148071570529	110.24300348338824	20.746683338815444	115.89908583808176	115.8990858722691	101.84278437661837	115.89908587455153	115.89908582041431	115.89908553495115	135.99555653558397	210.66712302733828	210.66712302733828	210.66712303404887	210.66712305916525	210.6671230135655	244.8	249.45652173913044	237.03252032520325	74.55015093557105	241.61132702278923
167.277400676434	167.27740033956917	167.27740029528698	37.277415755946976	37.27741568898114	37.277415742493474	37.27741567333561	137.45628708465773	123.43238281090677	123.43238280862846	91.31754688456894	84.0952556144434	115.89908561577215	220.11998479493732	220.11998478273313	170.41829230688785	170.41829232966685	135.99555652441933	217.71123504754658	137.72605724879463	236.45454545454544	212.03071250288696	210.66712313451438	215.24124350954565	243.66666666666666	239.0625	235.9636446544999	112.89568207189456	201.5002075244647	109.49564036141533
115.96296904753169	167.27740037830705	167.27740029411245	21.460218652362016	37.27741571944085	137.0525172159779	127.36394923482649	137.45628711694675	123.43238280182592	90.48581641427057	88.50219187467002	123.43238276746345	123.43238282760603	123.43238281998762	184.93754263724685	218.10620390682948	218.10620388175212	190.93083991041945	217.71123503203552	137.7260572428485	212.0307121804596	201.9245561314203	201.92455639868172	201.92455663376916	201.9245569770323	228.4375	186.0892707540482	176.24487887962425	251.65467452168377	116.60688921279043
115.96296906071595	115.96296906511068	167.27740032296032	137.05251726549173	137.0525172159779	137.05251723894162	137.05251718584134	156.14689276025672	86.10274297137295	61.44897317968477	88.50219187467002	86.17444576780304	123.43238284851546	123.4323828075585	222.77725424264457	222.77725421951908	222.77725421529965	190.93083995233042	222.77725433574454	167.09627455736643	201.9245561314203	201.92455619771872	201.92455623086792	201.92455620589826	201.92455639868177	228.4375	186.08927066430186	98.44915090013086	24.159075538381813	29.93654701159801
115.9629691060764	115.96296901402161	115.96296904852375	94.99424144864417	137.0525172159779	137.05251727551723	137.05251702654056	127.36394918874417	80.71527309347897	156.14689276025672	156.1468927731283	156.14689276391795	156.14689278268102	156.14689278268102	156.14689280144412	86.17444576780304	222.77725422899204	222.77725423379763	222.7772542147826	167.09627452908137	201.92455613142027	201.92455619771872	201.92455623086792	201.92455620589823	201.92455582033122	186.08927062205782	186.08927064011823	248.55841281627434	170.5491137356584	127.31934773126348
1.804639302562009	115.96296906071595	115.96296906770797	9.451743079918657	94.99424144864417	94.99424149254489	31.1293849709553	77.40668686259917	77.96736700569156	76.45588122549188	156.14689266711605	156.1468928607199	156.14689277785115	156.1468928607199	156.1468927731283	156.14689274216832	61.44897317968477	156.14689282674337	222.77725416060989	180.76663002937306	201.92455582033125	201.9245561095065	202.11546362791552	191.25000002057521	233.39312226210578	214.06409472579497	127.5	0.0	253.23570852793029	3.352990878166281
22.27312754484248	108.28624857065597	115.96296901402161	9.451743187963388	9.45174314714319	94.99424142021834	94.99424140600541	70.14022789819046	76.1987585907944	121.20007993203859	121.20007959481038	121.20007972789551	156.14689276970242	156.14689278599985	156.146892811743	156.14689280229726	156.14689278599985	156.14689282674337	156.14689280144412	198.32992654660973	198.32992651330187	224.11688486243327	198.32992661638485	204.0	199.48467075191937	223.80340695470014	127.5	0.0	81.56202574615847	11.534791858763072
55.57213740917237	76.76264897999997	7.991152743264877	115.96296907390018	9.451743126733106	9.451743167191921	94.99424143016324	94.99424141781807	94.99424141164548	10.003924635000004	121.2000796064934	121.20007962758478	187.93457392894737	191.87438518834273	156.14689276391795	156.146892811743	156.14689278268105	156.14689280144412	198.32992642448698	198.32992644281038	198.32992644281038	198.329926486204	217.73735086019684	217.737350905	217.7373509155694	182.63327647904939	223.80340695470014	161.794144365453	7.594451603231192	170.84857558701844
102.33335621475788	76.76264894285057	76.76264889500001	76.7626488525	7.991152754871109	9.451743210828596	9.451743183586558	35.369692501146176	35.3696925056569	92.18593851416611	92.18593846743914	92.18593844143928	121.20007961452674	187.93457389624007	133.87181096814973	133.87181102901405	191.87438517934487	198.32992635602315	198.329926424487	198.32992642111358	198.32992647999404	207.1987042114631	217.7373509475	217.73735089711187	182.63327639228152	182.6332764130995	61.04660656008079	184.37670534354933	107.94651495553828	8.563336699161397
1.5119554869714875	1.804639302562009	76.76264888747806	76.76264890593558	76.76264897999997	56.417170429202656	0.0	0.0	9.451743069840603	97.30382691375746	97.3038268054321	97.30382689189656	92.18593840653077	92.1859383634393	69.488865776898	77.10743010650816	198.32992594710475	198.32992635602315	198.32992636342564	207.198703998075	207.1987039682543	217.73735082000002	217.73735095475897	182.6332763816479	255.0	255.0	250.80407654943377	252.4577074552609	152.83359940848746	231.3301475430044
113.25155139295242	55.57213740917237	118.22099791638345	76.76264886544314	49.284072640696905	65.35977704942465	55.42693448371571	55.76214032185439	74.68777074986073	205.17387690465551	205.1738773022177	97.30382686307507	97.30382682547906	97.3038269238034	92.18593837361144	207.1987037380909	207.19870394019983	207.19870394955132	207.198703998075	207.198703998075	217.73735082000002	182.63327639228152	182.63327647904939	255.0	255.0	255.0	0.0	18.745829293209255	81.72232791119046	6.218282640234406
3.26455932993656	85.71235904829973	22.653658955649433	0.31953065748214726	20.060841885110875	76.11726186316247	76.11726186316244	76.11726185946452	76.11726192640043	205.17387711732832	205.1738771831373	205.17387718127458	205.1738771084482	205.17387714443487	205.1738772103445	154.34938108199185	154.34938101504656	154.34938101147208	182.633276522093	182.63327639885762	182.63327634889754	182.6332763816479	182.6332764130995	182.6332764130995	155.65596279056598	0.0	180.1100758961399	23.81396105688802	247.5135270851912	194.04927981573735
28.962102664766746	10.643800129530803	27.01249382867556	50.33831008208182	40.333365616098604	100.19958743348005	76.1172618221126	76.117261866603	76.117261866603	76.1172618762391	76.11726185696682	76.11726191510661	220.0159645786694	154.34938104274096	154.34938098157392	154.34938101366697	177.0083171357923	177.00831716966348	177.00831716966348	177.00831716966348	177.00831718609328	155.75586192796197	155.7558618789904	155.75586189246542	82.77595861339341	0.0	0.0	8.502381058765621	202.18634960602134	110.21292534936174
9.977481621169574	9.21846380321196	13.22770200462196	19.029219848978613	26.08179701291479	27.01249382867556	29.794866119396772	30.374465792951497	83.83151515604055	76.117261866603	76.117261866603	76.11726188424177	76.11726192640043	154.3493807939949	154.34938091766546	177.00831713061123	177.0083171411327	177.00831715611957	158.4059184563535	155.75586184036786	155.75586186677458	155.7558618887561	30.704048922865496	1.0810466101290217	0.0	0.0	0.0	157.2578626670794	0.010031283795115087	255.0
1.08254903727601	7.97334000451653	9.159865252581795	13.22770200462196	162.914551579195	19.93247621946199	189.47542213470405	30.374465792951497	30.374465792951497	30.374465792951497	20.548416842969345	54.61283193544992	76.117261866603	76.11726185206848	39.3350700344275	200.7962157209978	200.79621571859064	155.75586178104732	155.75586187997794	131.40978029652595	126.54667499753864	87.8367206863125	102.69055832553573	44.076329133043004	51.55725119257383	0.0	0.0	8.360510443753952	223.86897185613577	255.0
