254.75563666441235	254.94403292740742	254.98654725725007	253.83568983414938	251.4084506782101	248.31396896033655	244.36768306565858	244.0953947368421	244.8	244.8	231.37554931894584	250.44642857142858	234.4260299209701	214.2	250.26560491176738	212.5	187.0	245.6276939650422	187.0	241.33928571428572	231.8181818181818	246.99225444251644	223.04646039996564	223.04646039996564	250.18878260929876	243.6887918269749	253.99463829131517	254.86768679926777	254.85905979145568	252.5737632448396
254.72204583401782	254.96079514395043	246.77044296570884	251.22222220333333	244.41391939835165	244.36768030736263	231.8181818181818	238.53441357552575	233.45473138615458	226.38456057869067	249.51048255551166	223.125	235.85876299007356	246.30681818675748	237.613636373515	245.7674311373453	254.18715846994536	247.68635234072482	244.21097770154375	239.12483316811088	242.611711376337	226.76205200114265	214.64213965759734	218.35310032326942	234.79997146589906	241.01500676450436	236.84999948175988	254.26817602040816	254.86768679929202	254.94147846560531
251.68455666834652	247.91666666666666	250.7262569830492	252.96	232.0556224250264	238.53441365229327	225.89449587441456	225.89449473523547	226.5282197070836	227.109375	201.58538546329157	217.21847516821984	203.00525375976082	213.1919436960543	196.9761950289631	237.97138499470532	219.46974314013406	224.6005735354363	235.05459101977664	190.1458445960705	219.38767012362112	218.00773694390716	237.77027028633583	178.5	229.06697517995536	239.77616716193893	253.35476138240043	254.53171576545822	254.79973735687582	254.1793223253776
255.0	236.86666666666667	224.93448351310875	124.74584002864827	129.39376056101375	246.13899613899613	221.354166578125	226.52821961652222	224.9768410871607	244.8	216.82952182952184	19.34372464743757	233.75	232.63967112024665	19.34372464743757	223.96238838409027	124.46140735335652	231.16715392949172	171.94864310472065	214.63815382418613	215.41070676828596	228.86472448408125	217.7118325589494	239.3877551020408	178.5	249.19533272878184	251.1799826036803	253.3547613825512	254.04414827155352	251.49097542242703
254.98849040650302	121.99304944867887	232.11511074343844	33.70335860390901	4.8709534472859275	230.76923076923077	214.94139890171982	185.76923076923077	208.82954550331948	207.79963235294116	250.20886322954092	213.46153846153845	233.75	180.02651824055465	191.25	250.44642857142858	107.57693860302297	164.79398663697106	164.79398663697103	199.2277555801205	235.05459101505505	235.0545910148559	204.23076922152802	237.98076922000087	234.6	228.9795918367347	252.5441475591716	253.3547613819748	249.44212553690105	253.368
88.2210539160686	221.51943096119038	73.11125281530383	204.98017878438418	221.991603225284	98.53777684983936	178.23735127499998	208.829545527454	197.80466535575752	185.46383340427673	149.8139208088538	191.25	207.70909090909092	204.0	204.0	153.0	165.63593371244644	107.57693863578461	107.57693863578461	218.7848109171834	222.08020788781846	255.0	242.40740740740742	215.3716216216216	242.25	242.25	255.0	251.866181156122	254.37814357567444	250.47218116003256
164.6783000062283	192.70483477713552	216.93779196114622	95.43390666651322	178.23735113097945	178.23735116789447	199.83333844769197	197.8046651432439	182.93259742029807	188.6208575625	214.46176166652586	133.35349039962227	144.4442526751812	144.4442526751812	208.89748148815016	48.53038199198372	84.61869657252808	179.9457288336587	179.94572887906813	188.63314835942916	186.60295848380616	107.57693860302297	212.87405884354246	212.87405884230657	231.0402684176107	192.31843575150393	178.5	241.42011834319527	239.18257340654094	250.4721811602389
221.51943096119038	149.7264329608248	233.39822543183035	178.23735102	178.23735110500002	178.23735111252194	178.23735113455692	185.5198432269989	181.6624484578283	182.93259757909067	164.95577479194338	186.92605442370927	200.31847133757964	144.4442526751812	165.551917321458	123.31856622189565	150.8966859316828	141.88239775559384	195.97896865549606	186.60295843191352	163.6799120309316	196.15384615384616	177.86539827940777	255.0	206.59322031392992	206.59322033898306	218.33791208951163	227.7442435717749	239.18257340454358	254.3625
163.12561353905073	255.0	215.27087282503413	137.30769230769232	137.30769230769232	170.0463356171822	185.5198432269989	185.51984313736455	185.51984316017717	178.23735101999995	194.98957848277908	186.9260543372784	122.1457042098701	200.3184713375796	216.2943160446408	200.3184713375797	176.46391639432233	171.56014051058804	197.98026656101072	182.8751083066917	191.90386345823873	169.02017291066284	204.06976744186045	177.86539823781663	197.56822752402817	201.875	229.5	179.5774647887324	230.44813368055554	240.6971153846154
126.43340348258178	255.0	6.201464499451191	196.15384615384616	180.45391097147353	186.08927052513167	185.5198430342154	185.51984312595826	185.51984313736455	185.51984290900273	194.98957847465275	122.14570424773967	122.14570464405554	122.1457045670798	216.29431597889865	189.0692584653234	189.0692584653234	167.5739845969086	191.96331867450112	191.96331867696676	115.33074784631978	181.10430991111858	181.10430991049896	162.59502888375	150.97302759114734	202.18564351701318	189.8716614622789	201.43229166666666	222.08567837455104	232.05
254.5110845511823	6.2010751521143845	91.34709127272149	186.0892707540482	186.08927066430186	186.08927064011823	186.08927062205782	185.5198432269989	185.51984293782363	185.5198429090027	210.3750000210375	122.14570366985626	122.14570464405554	122.14570478878352	122.14570511757339	128.04754737340107	128.04754737340107	195.7292543539575	198.3333333495903	191.96331864122533	191.96331865429715	125.24219080352177	124.72764773411393	124.727647637361	41.7932761002603	150.97302750954628	175.03199999999998	179.68100189035917	218.97230360243057	254.6414615495088
92.86246379042183	191.20427677403026	196.15384615384616	220.50979192641537	134.92552669983712	186.0892706280264	149.94835156005703	149.94835177901797	186.08927055606267	186.08927069116817	210.3750000210375	110.43766454608067	130.08527787244424	130.08527788731965	190.95959871153724	190.95959893568957	190.9595991949427	190.95960016175576	190.95959951183107	159.71663147644975	142.28695761365373	142.2869576145563	142.28695761365373	142.28695766509736	142.28695774253646	164.84848484848484	185.82682291666669	200.12012012012013	199.93279569892474	254.53171576545822
200.37424294655582	194.2674012294443	108.33134455917761	155.65596279056598	141.94355105075965	141.94355094957692	134.92552639809696	134.92552647917762	134.92552649867702	134.925526548967	134.9255265408837	127.5	233.75	105.31133958511373	149.17488765764668	149.17488768738963	141.9568974914988	190.95959767604523	190.95959877751676	190.95959925454318	142.28695755393522	142.28695767378298	142.2869576335599	142.28695767378298	142.28695767337223	168.43337484433374	163.46153846153845	5.077890810664826	252.96	4.646151832917894
191.22850820707512	169.76514915475138	112.71304232662777	112.71304232662777	141.94355099001376	141.94355094268892	141.94355094268892	141.94355092744217	134.92552647917762	134.92552649974633	163.2	93.72383937307688	140.9605332114484	159.37159908198834	159.37159919842628	105.31133958653706	102.16506823758934	177.46903445240713	132.9952892150031	133.2089552238806	133.9830508155918	142.28695724966948	142.28695761455634	142.286957643513	142.28695767337223	138.125	11.05691056910561	254.8813112114496	3.907383294708893	0.0
91.41100953616265	79.55480064883383	112.71304232662777	112.71304235648702	112.71304250389704	112.71304275033049	141.94355092744217	141.94355084803928	109.71452417934529	214.46176166652586	106.60469905181398	140.9605331234972	117.24729388625846	95.62840080157372	95.62840091801166	157.24111520292496	118.66237984992603	166.04218506838694	133.20895519490978	96.63583486838871	96.63583506818179	113.05644915196075	113.0564490725578	142.28695749610296	142.2869577425364	126.12903227177421	116.41304347826085	228.7579514171502	4.646151832917894	0.0
91.41100953616265	79.55480067359403	112.7130422574636	112.71304236644008	112.71304238544366	112.71304238544369	112.71304232621702	95.51487938917853	134.0559400507985	255.0	99.3556974474642	125.42631242298145	115.08791618135834	150.82249506653295	150.82249485722264	157.24111511717268	150.82249478502143	150.8224948391587	150.82249481472996	105.82511231261034	113.0564490725578	113.0564490461511	113.05644905731108	113.05644900998627	113.05644894924035	112.20000000000002	116.41304347826085	11.056910569105696	50.806252099826764	33.863847956855324
79.55480077005168	79.55480067913831	79.55480071713092	112.71304232621702	112.7130423863463	112.7130423863463	112.7130424460648	116.98824264133287	103.02251632947073	103.02251633634617	92.27022052224171	92.3883733077057	150.82249470024004	93.95696144944199	93.95696143420201	84.25929168820556	84.25929166400076	105.82511234235332	105.15646193494038	98.25396991338408	120.54545454545456	82.74611849449053	113.05644905042308	83.38244795754224	113.33333333333331	122.1875	34.490208073584654	116.34397477580993	163.97644568500306	213.10324312278337
139.03703095246834	79.55480050350016	79.55480058822485	134.3049669553839	112.71304233490264	103.2802619365448	107.5639801562308	116.98824265381361	103.02251633658139	91.45015526013194	105.8274397143222	103.02251629659995	103.02251635349887	103.02251632236008	95.51487941464447	76.18324071233641	76.18324073257133	148.79149030575675	105.15646197960146	98.25396990714145	82.74611840818548	69.48015709099727	69.48015706217635	69.4801570909973	69.48015677300111	106.25	145.77907817165195	144.07718732383708	253.04808622889743	116.60688921279043
139.03703093928408	139.03703093488934	79.55480064592066	103.28026186356792	103.28026189363717	103.2802618929594	103.28026195174243	105.99575602304398	85.61268015224397	90.88935871319453	105.8274397143222	74.51128293182353	103.02251629659995	103.02251633453255	106.22572749184388	106.22572746890043	106.22572747116968	148.79149030598987	106.22572751738855	60.01042152534728	69.48015683982283	69.48015686263545	69.48015687404177	69.4801569657846	69.48015677300111	106.25	145.77907808376273	125.6023759951816	238.33775028957817	126.79730458680291
139.03703089392366	139.03703092269996	139.03703095147625	186.08927052513167	103.28026187218342	103.28026175568664	103.2802618316963	107.56398010272005	82.11662863905045	105.99575602304395	105.99575603178144	105.99575604001012	105.9957560198913	105.9957560198913	105.99575604817349	105.8274397143222	106.22572742875525	106.225727488973	106.22572746995803	60.01042151722092	69.48015683982285	69.48015686263545	69.48015687404177	69.48015677300108	69.48015677300111	145.77907805172396	145.77907803167864	17.93493719377193	160.62893517020188	56.471729692203525
163.41933966788224	139.03703093928408	139.03703093229205	81.84941906399308	186.0892707540482	186.08927069116817	106.40382859908479	78.55688256588425	78.5466283061831	80.85071412061274	105.9957559432082	105.9957559432082	105.99575602823617	105.9957559432082	105.99575603178144	105.99575605633677	90.88935871319453	105.99575608091257	106.2257274298212	79.33178423292202	69.48015677300108	69.48015677300111	73.72094232390435	70.96960173896332	84.05993466861233	57.504146634276225	204.0	0.0	35.01816279885716	0.01339687610538931
166.71052749004866	60.66363235609373	139.03703092269996	81.84941901606803	81.8494189640727	186.08927062205782	186.08927055606267	68.99768087504262	75.18378168402046	76.18327581186409	76.18327556992196	76.18327589298784	105.99575600193984	105.99575604051893	105.99575605799393	105.99575602304398	105.99575604051896	105.99575608091257	105.99575609657444	77.52382631868005	77.52382621436846	93.61488587535234	77.52382622118614	64.17547328370907	71.84731164427541	7.527318919043154	204.0	0.0	195.39144708414864	61.85100739304778
249.3061437834513	178.23735127499998	170.14312559973564	139.03703092609982	81.84941893807502	81.84941894426936	186.08927066430186	186.08927064011823	186.0892706280264	74.68777084500002	76.18327561872073	76.18327560671165	18.06062381914853	102.96287983350615	105.9957560400101	105.99575605799393	105.9957560198913	105.99575604817349	77.523826049304	77.52382609100528	77.52382609100525	77.52382609100528	56.571431177939985	56.57143116500001	56.571431177939985	51.3898482463882	7.527318919043154	218.37313389339704	15.803598590186539	188.9844013489688
250.24171802047954	178.23735116789447	178.23735110500002	178.23735102	170.14312544499418	81.84941888440747	81.84941886008198	88.69040675154486	88.69040676895202	124.04641500291598	124.04641502234173	124.04641505927569	76.18327564815391	18.060623863826436	119.68127996982233	119.681280030458	102.9628798399277	77.52382609100525	77.52382604930403	77.5238260910053	77.52382611005686	67.7644531782206	56.5714311225	56.57143114102493	51.389848185641455	51.389848143018554	8.19095797599445	214.03751049342327	242.82139633482188	235.42831637264436
92.91968844486121	163.41933966788224	178.23735111252194	178.23735113097945	178.23735101999995	55.60985764563844	147.423061396977	147.42306136421536	81.84941897671979	59.54628667104589	59.54628682557336	59.54628682557336	124.04641506707674	124.04641517007747	69.39432074734557	74.11425915597519	77.52382571917511	77.52382596082438	77.5238260644922	67.76445299394024	67.76445309867901	56.57143125000002	56.57143098101841	51.38984815612562	40.61237519461852	40.61237517936547	214.0580848472972	9.716149717720953	78.6768391393295	5.329217799810635
41.37875479008801	250.24171802047954	23.141167308233975	178.23735113455692	49.88198951733321	55.98979194288006	47.79088972297842	56.199065575721136	140.9605331234972	4.697410429304625	4.697410870179624	59.546286767930354	59.54628669773069	59.54628683916624	124.04641490921284	67.76445273395612	67.76445283913205	67.76445292564773	67.76445295060947	67.7644529289442	56.57143125000002	42.96933224442253	42.969332303499726	40.61237519461852	40.61237517936547	255.0	0.0	238.02460235116655	11.007505227754478	127.34193775654029
41.3780427014309	0.02977802789163775	54.15667180811465	52.92773442301046	46.96371222022785	33.52446593248777	33.524465969653704	33.524465968025	33.52446603909951	4.697410791778736	4.697410707786418	4.697410749236468	4.697410798903718	4.697410807480139	4.697410844462411	46.61144160870742	46.61144152148225	46.611441533092176	42.96933242961529	42.96933224529997	42.96933221488388	42.96933224899985	42.969332256399696	42.969332256399696	110.95474892207613	0.0	197.4761511239275	234.4736838672404	4.3781952746487605	191.06748897568016
0.06959018271589912	0.029678616544515535	34.24016530082338	194.2674012294443	155.65596279056598	6.41167321596609	33.52446590998028	33.52446594466306	33.52446596080401	33.52446596504808	33.52446595655999	33.524465996773216	67.90646787538591	46.611441533092176	46.61144147786965	46.61144151605663	38.39413415290184	38.39413397847281	38.39413399722591	38.39413400660237	38.39413393282794	40.46771018679232	40.46771021236955	40.46771029247199	14.214236831995947	0.0	0.0	75.67729459409159	190.52530195269216	57.48914993072401
10.13021445388668	10.652737215718957	12.274058139827702	20.43363101134122	24.9097503523017	34.24016530082338	34.34390785756375	34.24016530082338	0.0	33.524465896240145	33.52446596080401	33.524465968025	33.524465964767614	46.61144146470892	46.611441408016645	38.39413402626127	38.39413398784643	38.39413396950698	30.396862989855947	40.46771021991822	40.46771019351144	40.467710074049734	52.10880364579657	20.283443501017388	0.0	0.0	0.0	17.055788099213345	17.055788099213345	255.0
1.0801176484185646	10.044569591924954	10.19992078787297	12.425544097846767	4.328050675407553	15.286539370211216	17.244664251024034	27.01249382867556	34.24016530082338	255.0	27.01249382867556	14.214236831995947	33.52446596080401	33.524465964767614	8.19095797599445	14.89377722095739	14.893777393572577	40.46771026352391	40.46771021991822	31.338521515713893	29.34343147341454	7.255434908915618	2.8006330075582753	1.6616752399160362	57.682052275129564	0.0	0.0	23.737513291253975	88.22098779415916	0.0
