254.88482937652475	254.65020575851852	254.99866120342543	254.66650444628456	254.40140843354138	252.25546059194713	251.2132109731871	249.78070175438597	252.45	250.46666666666667	233.50355653121136	255.0	253.6901030653357	250.46666666666667	226.92187032991842	243.666666661	232.333333339	250.76340638028196	232.333333339	248.44285714285715	251.13636362863636	218.05605770470612	242.81986676623953	242.81986676623953	245.34062552036076	252.33798956317094	252.30404803409868	254.77136046673218	253.64185922480692	0.0
254.97126515433573	254.99566425655976	252.4819813015414	245.55555553666667	246.4896215	251.2132087266628	251.13636362863636	244.22955294678127	242.97599153417468	228.6845358525733	254.7555044248157	252.96	219.68347726884986	249.2045451680656	237.613636373515	217.0419544274174	230.03415300546447	248.06580363731499	249.89708404802744	247.82389731395025	232.4593877109918	227.9470810036507	235.24877719777896	235.67995498540623	234.7233695381362	240.98771808110118	247.9612280990349	254.83138775510204	254.7713604667738	254.58579113397477
254.10586126710996	254.4962962968	252.62569833911175	254.745	232.0556224250264	244.22955303435074	241.116989917747	241.11698793022697	235.55166020740955	239.0625	221.5138348379747	252.57569974323002	206.19263087546543	248.44716009739838	200.21603216558773	197.1822398887326	216.15924649959618	225.85415813191315	230.94684088669672	216.1730366090222	219.955174326766	213.56866537717602	245.52364866523808	76.5	231.65613700614722	239.36357471982421	252.63025173817738	254.89217139336208	254.60767380965197	253.93403139025392
255.0	252.98518518493333	227.54798063576987	196.92761595005507	149.1399140546431	250.75883575883574	236.11111114062498	235.5516602123845	233.9723270229191	163.2	216.82952182952184	235.89102929245854	255.0	237.5562178828366	235.89102929245854	205.92522718482917	227.91079451447732	187.2152845619694	237.7652861978127	214.4413312409953	215.29219825847963	200.96617126115842	214.27703069561653	225.02448979591836	76.5	236.5728926954357	251.47974175078414	252.63025173837883	251.4763481882549	243.11827956989248
0.0	159.35535352911455	154.3488176702179	149.65066852677987	191.37194132101095	241.15384615384616	232.44453637529375	185.76923076923077	222.1590912332412	226.66466582055656	210.81187036535118	222.69230769230768	255.0	242.8816021564903	244.8	201.875	33.86540785136282	199.34298440979956	199.34298440979956	200.40581247956058	230.9468408805621	230.94684088061572	190.38461537600068	242.30769229672816	178.5	246.6734693877551	250.47337278106508	252.63025173754863	248.38344514323444	232.05
242.00960320503512	140.7865364928221	135.95633514958956	235.83153272555393	251.08071268571098	240.81144553502872	255.0	222.15909098381715	213.5298896628195	212.36361763572063	196.39787127778465	212.5	215.43636363636364	229.5	221.0	221.0	169.14846860135935	33.86540783124477	33.86540783124477	198.90768663722804	191.44631134427306	136.35578662277868	218.73333333333335	189.52702702702703	216.75	216.75	223.77551020408163	247.57168866636323	249.84207407407408	242.35449639005586
221.5214766172622	121.91864837970792	216.51660783894403	230.94300310475228	255.0	255.0	215.46263255706677	213.52988914143612	210.69915293520182	212.50000010625	255.0	137.08986861799735	148.14118053158438	148.14118053158438	154.59428327068935	209.92540270498154	214.44493880235464	197.98286186523825	197.98286189708952	183.1293972168467	129.14005736206028	33.86540785136282	196.1235870766513	196.12358707613322	225.9060402305527	160.26536312625328	224.4	230.85798816568047	222.12819288613034	242.35449639042452
75.65130168785353	237.86552836340206	249.5560971262839	255.0	255.0	255.0	255.0	203.68494493837622	209.86123803104473	210.69915247094943	190.8199153710995	206.83640713925124	142.0276008492569	148.14118053158438	221.809552598052	178.97368878590578	201.24127976949995	173.70857538355432	214.1090299933494	129.1400573570852	159.12977659800993	176.53846153846155	143.71446606440145	64.45845728142442	177.20338980413675	177.20338983050846	210.63186813341122	197.0715847315416	222.12819288299147	249.2625
74.95494257996509	210.84315739670626	111.62831502696636	137.30769230769232	137.30769230769232	202.1730134283347	203.68494493837616	203.68494501456064	203.68494511513384	255.0	238.6261521935848	206.83640705316895	125.88338877625245	142.02760084925688	217.91396260347503	142.02760084925694	178.3830756339448	170.12915175004565	156.23892462505398	115.33074784962139	167.57142858771994	151.38328530259366	206.1627906976744	143.71446605277401	160.0617638541412	170.0	102.0	71.83098591549296	204.38368055555557	222.30769230769232
224.0102766769382	73.81917971847369	0.11116996717962024	215.76923076923077	202.919117152154	255.0	203.68494493837622	203.684944964274	203.6849450145606	203.68494486395937	238.62615212904683	125.88338863318734	125.88338836484957	125.88338797500458	217.91396266055216	166.08888583772352	166.08888583772352	141.8466046605286	184.71475674990342	184.7147567485795	166.66540880784868	161.64682206942814	161.64682207078357	127.5	122.68212345056983	172.61748560717632	148.8605619146722	168.22916666666666	186.52294317075626	251.328
191.2042888799338	183.5724868072499	0.869056209377959	255.0	255.0	255.0	255.0	203.68494493837622	203.6849449383762	203.68494486395937	245.43750002454374	125.8833874344052	125.88338794816323	125.88338822771516	125.88338852019282	154.93657807929742	154.93657807929742	135.6229344744498	158.8334777571453	184.71475671407717	184.7147567303951	100.64542346907675	98.45722012535401	98.45722014023212	74.75161242876072	122.68212345669642	163.2	131.59735349716448	179.44444444444446	254.92312095781222
134.93190186376762	3.7662891323152223	215.76923076923077	255.0	164.1671677880119	255.0	183.14276674526943	183.14276694017087	255.0	255.0	245.43750002454374	113.90799582070656	227.2878250394044	227.28782507800395	129.17970460983008	129.17970570338355	129.17970557664256	129.17970606004863	129.17970623515004	206.93836156903276	106.63227675168889	106.63227678097431	106.63227680520126	106.63227682595817	106.63227681532439	124.04848484848483	141.66666666666666	159.98174174174173	159.8319892473118	254.89217139336208
252.1353165542489	255.0	108.33134455917761	204.3177098185135	174.0645796934601	174.0645797798785	164.16716718453165	164.16716729272787	164.16716728511167	164.1671673354017	164.16716740492876	204.0	148.75	138.4554676232566	176.93429828210856	176.93429823951303	141.75376551542374	129.17970570338412	129.1797060224439	129.17970570227115	106.63227676044721	106.63227676379935	106.6322767844444	106.63227676379935	106.63227674293063	137.18555417185553	123.00480769230768	243.66918763287148	199.92	49.587670047521414
39.89960442067914	194.24785373032108	148.36772336409405	148.36772336409405	174.06457962641534	174.06457957526098	174.06457957526098	174.06457959977377	164.16716722720582	164.16716728644678	173.4	161.8871652522563	161.8871652522563	133.3413893584667	133.34138948704046	138.45546761785073	105.44153565238267	115.2796783401852	54.55285854664302	114.17910447761193	99.40677964783109	106.63227656889092	106.63227678097431	106.63227677406599	106.63227663590595	106.25	203.86178861788616	250.9567294382398	52.77603103257783	0.0
0.8696643137298281	79.55480064883383	148.36772325706937	148.36772322593401	148.36772318467564	148.36772343110908	174.06457956016368	174.06457947295218	194.795096553448	113.14138915514471	102.83711600816386	174.36191973458108	116.5849448066264	121.65861051295951	121.65861064153324	171.3612999030675	118.59476368088553	105.43402828897112	114.17910446909113	73.89204541256137	73.89204545454544	80.9354205270478	80.9354204002262	106.63227681532433	106.63227656889086	90.48387096774195	77.60869565217388	194.73586553691771	49.587670047521414	0.0
0.8696643137298281	79.55480067359403	148.36772318467564	148.3677232155556	148.36772321902566	148.36772321902566	148.36772323620062	97.37154362456283	144.71115653267736	99.21104443468997	100.63546073362025	115.52722889793822	176.46957731958085	88.39626807136551	88.39626788703137	171.36129985235652	88.3962678187863	88.39626781878638	88.3962672817409	78.06570176048697	80.93542043983632	80.9354204134296	80.93542042473902	80.93542037358463	80.9354203065399	102.0	77.60869565217388	203.8617886178862	29.93654701159801	195.913075640131
79.55480077005168	79.55480067913831	79.55480071713092	148.36772323620067	148.36772319479874	148.3677232483111	148.3677232395528	144.39284110335888	128.85855464060074	128.8585546433153	76.28706012610411	91.22149076058622	88.39626753717761	140.86311683830866	140.86311688007504	79.31304773513918	79.31304775721492	78.06570171789147	88.01363928691816	88.81133218539296	92.72727272727269	62.20516574388179	80.9354202201215	62.04120364805112	79.33333333333334	84.99999999999997	0.0	17.055294123022975	254.99914765032332	96.12948762577432
167.277400676434	79.55480050350016	79.55480058822485	160.35818406890672	148.36772317404183	113.58358117148879	132.6279736213623	144.39284107807848	128.8585546494946	87.45453339598498	88.91492119126411	128.85855463798424	128.85855465846316	128.8585546669073	97.37154367771072	72.71173878993622	72.71173876319696	81.14030591888127	88.01363929091863	88.81133216332941	62.20516561803072	51.3150551360406	51.31505506162378	51.31505513604057	51.31505506162378	74.375	117.17854127917988	128.18540449767673	63.65834763272744	116.60688921279043
167.27740033956917	167.27740032441693	79.55480064592066	113.58358112940113	113.58358108567359	113.58358110739746	113.58358106339014	98.33085767639952	85.73769268311182	83.17434355779187	88.91492119126411	93.41781133187663	128.85855455693223	128.85855465163684	81.41779436417843	81.41779436918316	81.41779437411316	81.14030595799943	81.41779448154992	16.37384787095317	51.3150551360406	51.31505498543936	51.31505503572603	51.31505506162375	51.31505506162381	74.375	117.17854122918652	146.18771173351294	39.33879553216153	126.79730458680291
167.27740037830705	167.27740033679703	167.27740029528698	76.86834869678364	113.58358104276599	113.58358098542956	113.58358093136809	132.62797359797491	255.0	98.33085767639952	98.33085764246462	98.33085766162966	98.33085764296567	98.33085764296567	98.33085767270273	88.91492119126411	81.41779432657142	81.41779439048901	81.41779437147397	16.37384780641517	51.31505488486616	51.31505498543936	51.31505503572606	51.31505506162378	51.31505506162381	117.17854124411568	117.1785412470974	0.12209768086771078	127.34360900851335	164.363085798126
26.309043505451484	167.27740033956917	167.27740032296032	190.04846537139417	76.86834869678364	76.86834881751298	113.42171819943232	77.86393588098471	77.70808369745603	78.48255711361233	98.33085756482771	98.33085756482768	98.33085763765567	98.33085756482771	98.33085766348489	98.33085768377572	83.17434355779187	98.33085771514337	81.4177943939826	55.81096625281987	51.31505506162378	51.31505506162381	50.1790711629514	46.79337187680525	56.488583517530316	40.294654746711444	102.0	0.0	0.988653789659935	253.62364753669905
28.619742957029302	108.28624857065597	167.27740033679703	190.04846539170103	190.04846540172684	76.86834867378178	76.86834866228082	69.48805228980743	76.03820529463621	79.09053328144765	79.09053285634792	79.09053300384704	98.33085762474104	98.33085765057027	98.33085762474104	98.33085767639952	98.3308576505703	98.33085771514337	98.33085772110368	63.203816980226975	63.203816867498716	69.70427134975048	63.2038168345245	57.47784931542034	48.281656181718745	177.86654207910976	101.99999999999997	0.0	188.2801034370142	41.412324077903634
208.37615823282135	56.57143124999999	255.0	167.27740029411245	190.04846540673972	190.04846539447936	76.86834864864738	76.86834867179687	76.868348633663	140.960533275	79.09053284895774	79.09053283649035	135.8072667890993	89.4016085168825	98.33085766162964	98.33085762474104	98.3308576429657	98.3308576727027	63.20381680515729	63.2038168345245	63.203816834524474	63.20381683452453	36.38021341302937	36.38021343499997	36.38021341302937	35.504254961359834	177.86654207910976	36.21700462076407	218.44160270687928	38.13588432208937
112.82603105762448	56.57143117793993	56.57143116500001	56.5714311225	255.0	190.04846540602193	190.0484653036946	49.521200180312974	49.521200177143214	68.8397394286101	68.8397395525958	68.83973949722045	79.0905328328223	135.8072667136338	77.59644561929366	77.59644557915095	89.40160852177985	63.20381683452442	63.20381680515732	63.2038167694341	63.20381675477054	48.70716777164759	36.38021339249997	36.38021341302937	35.504254954320515	35.504254918553016	85.74827458338453	19.908315936063758	0.2806736974531532	15.418853255635554
224.07154795140391	26.309043505451484	56.571431122567446	56.57143117793993	56.57143124999999	57.26472252068373	221.13459214863718	221.13459216875526	190.04846516875187	61.90836073153807	61.908360789664044	61.90836070319952	68.83973945735073	68.83973976261316	69.83298648654738	58.42856095956003	63.203816380721975	63.20381683452442	63.20381671762249	48.70716766336088	48.70716771447536	36.38021352000001	36.380213318083946	35.50425495635278	24.170689129225508	24.170689059891117	253.08600392670877	227.79610534607303	48.778563689290166	127.01329091996092
254.31041590216526	112.82603105762448	14.584096951006273	56.57143120250862	49.81721555614388	57.85035053929602	255.0	56.47254134880663	57.47784929317484	146.5759274487503	146.57592782924047	61.908360674378	61.908360607091026	61.90836074817872	68.83973938175848	48.707167403376786	48.7071675934026	48.70716763376021	48.70716762003019	48.70716759836486	36.38021352000001	26.708404509648176	26.70840451494348	24.170689129225508	24.170689059891117	255.0	0.0	2.315548339075548	36.90758855536657	11.850955966871112
11.018193404563476	20.582096982665377	90.1708335643653	66.40792581546009	83.83151515604055	49.092027658819546	49.09202765881952	49.092027668823164	49.09202776316232	146.57592769718764	146.57592772723217	146.57592782924047	146.5759277667017	146.57592775972142	146.57592778643638	30.89480370706437	30.89480371287982	30.894803697724228	26.708404650731012	26.708404509661875	26.708404507000466	26.708404511961646	26.70840451656113	26.70840451656113	71.99616450855797	0.0	111.73441175903366	234.4736838672404	255.0	151.68946770476893
2.202166454762562	15.45631399586307	20.548416842969345	21.50232235869504	17.22864807885489	48.29974628515657	49.09202764311894	49.09202767196061	49.092027655819635	49.092027694316386	49.09202768188672	49.092027677743516	11.057315875941754	30.894803728993082	30.894803715787504	30.89480368982683	24.655831024596864	24.65583106947588	24.65583106947591	24.65583106947588	24.655831049647475	26.02415924238136	26.02415926968058	26.024159342895075	114.8177353377092	0.0	0.0	217.21939947328667	35.39294874792401	23.81396105688802
10.138984959951586	10.445527826175635	11.669563421403637	19.120263096418654	25.358242776441955	20.548416842969345	30.73864658536715	35.642129522906544	0.0	49.09202768810161	49.092027655819635	49.09202769360047	49.0920276888304	30.894803563065892	30.89480360391758	24.655831007777067	24.655831043384836	24.655831045472382	20.817120677615918	26.02415925286593	26.0241592528659	26.02415918173051	30.704048922865496	51.55725119257383	0.0	0.0	0.0	96.73797847567417	220.1421038098811	255.0
1.0938880612906416	10.071687961804031	9.977024141160456	12.450288105795977	0.017750796026376747	20.057182133969405	0.4437105464357387	30.374465792951497	35.642129522906544	255.0	30.374465792951497	3.5893330247928077	49.092027655819635	49.0920276888304	0.0	0.0	0.0	26.024159324278997	26.02415925286593	15.022192894660094	14.004174916128477	2.982107316744333	8.331531736632144	0.6778502912181068	57.682052275129564	0.0	0.0	41.37855073660586	122.15049905545749	255.0
