254.56421890222637	254.97902108074075	253.29404963551883	254.74537079373079	248.68599353658814	252.74925516826923	252.3369975616812	244.0953947368421	244.8	244.8	254.54729285450424	218.57142857142858	250.57811775654318	117.86666666666667	215.9679822549251	212.5	144.5	207.11272137808254	144.5	232.6875	197.04545454545456	251.08415256708923	248.0787196903108	248.0787196903108	213.750771248001	253.8597166654025	230.0801429879213	252.33078318511065	253.48299023355477	250.6535929069169
254.97429022199333	254.829169921875	252.6281289873264	252.68707480333333	244.47746133516483	252.33699480498038	197.04545454545456	242.38443737531503	244.51773026592966	253.89369445098077	144.28837102025375	248.115	241.25566655046077	246.30681818675748	223.12499972833808	205.09127887570332	240.60109289617486	229.06277628573918	210.49528301886792	173.88671428221033	178.27784227718914	228.6519466124195	235.9868803817699	250.80536949237404	235.3909096904923	240.90727924923792	254.28786836442137	253.04765625	252.33078318605286	251.76055555539875
254.860834899454	247.91666666666666	252.93581121845523	252.96	228.2809592022531	242.38443738326882	244.30037072332783	244.30036949132847	232.5556646638662	227.109375	240.9886308810684	246.81889367225182	251.49133372538944	240.22405784907738	249.45108529273188	182.74711163092095	182.0838932790973	172.7596272019664	199.6822982142756	245.08168402074392	220.77247119550407	174.43907156673114	206.7567567707268	214.2	231.57912129370595	238.2549383265602	242.7991600126076	247.19070571533248	250.50763064610953	248.14891275794918
255.0	207.11666666666667	224.93448351310875	254.12465520479373	239.38455603123802	246.13899613899613	238.52040825	232.55566453914813	230.9458702351667	244.8	89.21591921591923	101.92869349075656	170.0	194.53381294964026	101.92869349075656	230.71428570856153	78.74419980887203	172.64930337242464	142.86240848688672	214.82132852888736	214.37256059930036	188.41376169656274	178.9221883730828	195.49999999783165	214.2	235.5137756314415	228.06870264513358	242.79916001706985	241.11666666685105	239.65508448540706
3.1246565860574833	244.9510224282947	230.6940359366144	32.940503280077024	189.13684380642403	230.76923076923077	235.3139648296203	64.61538461538461	217.62523202445755	231.4770063045105	158.4546454921938	184.6153846153846	170.0	227.76313693097808	232.05	218.57142857142858	153.3877981584394	213.06792873051225	213.06792873051225	199.40290240607092	199.68229817599172	199.68229819223194	169.6153846077097	246.30177512347052	234.6	177.08333333333334	232.918450381655	242.79916001100884	232.12605812691908	253.368
96.43301473875522	250.10285462427174	5.204325289710454	130.32993378236586	238.24761579216874	163.74340620298983	178.23735127499998	217.62523191069886	208.11700213734514	219.4452345538241	52.31852987106765	191.25	159.8	204.0	204.0	67.99999999999997	238.84546310771768	153.38779812439338	153.38779812439338	129.4032427656973	189.45933317906395	194.3263464665393	234.4320987654321	241.21621621621622	247.153846146	247.153846146	223.125	195.57350933090578	253.34102525021592	237.31336377459087
248.3266890658553	225.7864964384216	2.8013676634568014	1.6891279839787785	178.23735113097945	178.23735116789447	210.11760244423976	208.1170018941483	218.03693382303496	216.9290476125	134.02854290821654	227.38049784265456	231.67414566793235	231.67414566793235	139.60003150953162	150.69745003483254	71.69893584282252	165.497917004082	165.4979169719239	188.30141914672362	154.56779620199623	153.3877981584394	93.64798899457125	93.64798899971251	214.7818791158084	151.7178770928531	130.05	158.43195266272187	213.46951539746956	237.31336377451177
218.2858781764244	20.171041673117003	32.610521183677804	178.23735102	178.23735110500002	178.23735111252194	178.23735113455692	197.35779826826067	217.3274825013599	218.036933904479	164.95577479194338	211.01807895322332	126.86836518046712	231.67414566793235	204.35125690993988	87.1384498834868	150.8966859316828	224.47782738473765	179.56998277468801	154.56779619368638	120.343626025871	98.07692307692307	131.08923371790874	157.55865663070597	165.10169487613618	165.10169491525426	218.14032122121347	80.4201257257414	213.46951539593886	254.7585798822
174.22623758662448	53.32096436072621	27.627272457514948	39.230769230769226	39.2307692307692	210.81337730670788	197.3577982682607	197.35779826490852	197.3577983675592	178.23735101999995	173.77273296788212	211.01807891946964	222.6251768498417	126.8683651804671	160.97686092803798	126.86836518046707	116.70076794939357	171.49127850375146	210.27004103686065	182.8751083066917	131.82329766786864	23.14841498559076	170.93023255813952	131.08923373456628	56.91898874546962	161.5	244.8	206.2575452716298	147.421875	216.16153846153847
231.21978371308938	253.7974403080919	193.7514513111476	196.15384615384616	195.18948325663968	94.99424144864417	197.3577982682607	197.35779821358327	197.35779826490855	197.3577983675592	173.77273294204923	222.62517722404093	222.62517695564708	222.6251767280437	160.9768609275148	90.45438142911195	90.45438142911195	169.8595043398072	142.60557957298448	142.60557958486612	76.50000001442498	68.20811671977194	68.20811673103478	119.18093304000001	133.23987579046667	23.231566666029153	66.30766565556709	111.56249999999997	92.68401344575545	193.7745
66.33977735690917	251.15822052137108	230.94980523015693	94.99424144864417	94.99424143016324	94.99424141781807	94.99424142021834	197.3577982682607	197.35779826826067	197.3577978652103	172.61538452476157	222.62517677399399	222.62517653896074	222.62517671312432	222.62517713592342	214.2757432235569	214.2757432235569	120.45721894356001	182.57890629541757	142.60557950317903	142.60557951217743	109.67895523090314	108.04180057452223	108.04180043671423	104.26402341490271	133.23987597540145	29.682000000000016	21.691871455576575	58.58506944444446	245.94648619352532
251.196874481592	84.79202170360503	196.15384615384616	160.97456755987253	134.92552669983712	94.99424141164548	192.97378913521547	192.97378898784518	94.99424140600541	94.99424149254489	172.61538452476157	212.40141376933855	80.37671222477218	80.37671227983597	114.05892755243678	114.05892845545446	114.05892851924884	114.05893045287445	114.05892808521304	159.58594477490544	94.8223102419428	94.8223102483737	94.82231029545514	94.82231028218936	94.82231036106381	10.199999999999989	40.72916666666666	15.011051051051027	14.99699980798772	247.19070571533248
202.37259451890822	50.33831008208182	27.73548727941244	155.65596279056598	180.810798630547	180.81079869916704	134.92552639809696	134.92552647917762	134.92552649867702	134.925526548967	134.9255265408837	178.5	170.0	154.472742370993	95.05681470766797	95.05681469565934	140.020083697424	114.05892656598738	114.05892747752264	114.0589278767707	94.82231036268249	94.82231019202865	94.8223102373712	94.8223103152454	94.82231022822785	16.004981320049836	10.11418269230768	246.12943382467353	252.96	246.15183076135602
10.532338626360058	169.76514915475138	160.17768977177218	160.17768977177218	180.81079854329099	180.81079855213602	180.81079855213602	180.81079853476484	134.92552647917762	134.92552649974633	112.20000000000002	36.6310462787533	140.9605332114484	63.40221766623793	63.402217956163554	154.47274236802622	203.1550638304227	101.03551457143482	81.14737573602014	41.86567164179101	30.25423724747921	94.82231011463034	94.8223102483737	94.82231020832916	94.82231022822782	63.75	64.26829268292681	77.88503777930404	148.5377202213716	0.0
231.11140764449462	18.110407652639083	160.17768977177218	160.17768979167082	160.1776898853697	160.17768988536966	180.81079857437496	180.81079856982615	165.44533426782385	134.02854290821654	106.47341344414835	140.9605331234972	117.43901567990616	191.59778204383642	191.59778233376204	187.96331166415717	118.4547285832945	92.0595684545977	41.865671619636885	82.00135662386288	82.00135681534093	74.18920143017385	74.18920146523516	94.82231011463034	94.82231011463034	35.645161304032285	11.086956521739097	0.03080702558341386	246.15183076135602	0.0
231.11140764449462	18.11040765795508	160.17768963893622	160.1776897626288	160.17768975162627	160.1776897516263	160.17768980797132	51.11854193881919	86.06483505285027	97.90454114284617	100.08064184112877	110.2816152552505	155.1264151974076	75.85224324458068	75.85224295232172	187.9633116173684	75.85224288416293	75.8522428841629	75.8522429807847	159.94318530434063	74.18920142562504	74.1892014520318	74.18920144786398	74.18920145670899	74.189201369453	15.299999999999983	11.086956521739097	64.26829268292681	50.806252099826764	33.101549386564784
18.110407485961844	18.11040761096976	18.110407716739473	160.1776896847546	160.17768970454486	160.17768975805717	160.1776896373175	59.47075519372791	85.75237352406978	85.75237353959324	92.77695789114279	77.75888586201827	75.85224245098996	48.80759577383665	48.807595845965835	50.29007807113419	50.2900780490869	159.94318529233203	29.887578761291508	97.98905311721214	9.27272727272728	69.44430599759187	74.18920130083299	69.53688754510574	5.666666666666657	21.24999999999997	94.0254324401275	15.626204249768818	177.22351824268162	64.32296879235011
139.03703095246834	18.110407472613787	18.110407735977645	150.8923521859494	160.17768971781064	61.39098860759097	59.51989914350938	59.470755216371174	85.75237351238823	96.21196812155677	92.96913151177463	85.75237352005848	85.75237353368672	85.75237353575133	51.118541962862224	48.01345862899413	48.013458630348	80.34363601679757	29.88757878607845	97.98905309444658	69.44430622342955	57.64220163244079	57.642201731739306	57.6422021347897	57.642201731739334	5.3125	48.26781180431158	155.8007823352902	58.674608537112476	116.60688921279043
139.03703093928408	139.03703093488934	18.110407677549915	61.390988412064274	61.390988521775824	61.39098854836905	61.39098852458346	63.894309398183594	85.4534235165452	87.57785146817758	92.96913151177463	83.17434355779187	85.75237343900648	85.752373529144	55.344587440699655	55.34458744721536	55.34458745212663	80.34363601708671	55.34458756254793	81.22726705795077	57.64220188361526	57.64220173509145	57.64220178641679	57.642201731739334	57.642201731739306	5.312499999999972	48.26781189348836	177.29137347452036	247.47476752509655	237.2394010006285
139.03703089392366	139.03703092269996	139.03703095147625	94.99424144864417	61.39098847886822	61.39098844787836	61.390988749621755	59.51989911574424	78.23919432276858	63.89430939818354	63.89430940345051	63.89430938259156	63.8943093704639	63.8943093704639	63.89430940673725	92.96913151177463	55.34458744004132	55.344587469817355	55.344587469817355	81.22726703211785	57.642201632440816	57.642201735091476	57.642201660829556	57.642201731739334	57.642201731739306	48.26781186617356	48.26781185407657	46.284547789703566	118.59560596495913	212.6570933959622
174.5436573622112	139.03703093928408	139.03703093229205	142.1696245817303	94.99424144864417	94.99424149254489	114.5722166251553	78.1401068924902	78.74222600305302	78.23639003384318	63.89430938259156	63.89430938259156	63.894309371943905	63.89430938259156	63.89430940345051	63.89430933408096	87.57785146817758	63.894309466463795	55.344587474980614	15.604574966209299	57.642201731739334	57.642201731739306	18.49316317578979	10.856087511507184	3.7481474326474995	46.110552635381225	204.0	0.0	206.76942019183352	244.876516497641
49.942872519631464	60.66363235609373	139.03703092269996	142.16962460465714	142.16962462207343	94.99424142021834	94.99424140600541	70.4181080286711	77.50802730924255	184.92684528889504	184.92684517858177	184.9268450279959	63.8943093912244	63.894309366676964	63.894309419251414	63.894309398183594	63.894309408717504	63.894309466463795	63.89430945513823	19.789598029329966	19.789598040961238	6.425598461837097	19.789598127316168	7.768327286921362	3.2035989290706937	46.03969984777032	204.0	0.0	243.83308566250076	184.25962860203032
26.309043505451484	178.23735127499998	95.7948272770802	139.03703092609982	142.16962463078156	142.1696246218327	94.99424143016324	94.99424141781807	94.99424141164548	115.33074771000003	184.92684516431837	184.92684513516755	74.21575710445586	54.25635949197215	63.8943093825915	63.894309419251414	63.8943093704639	63.89430940673725	19.789598037084204	19.789598040528972	19.78959804052886	19.789598062225792	2.237350663244314	2.23735070500004	2.237350718616881	18.94991464273724	46.03969984777032	154.08226111761104	252.69078580820397	151.65598791881536
52.98159042815382	178.23735116789447	178.23735110500002	178.23735102	95.79482714538827	142.1696246418839	142.16962453882215	106.99024800643883	106.99024800275751	58.574031235006004	58.57403128815409	58.57403130759377	184.92684521136715	74.21575716858979	100.16154691334137	100.16154692498233	54.256359503607115	19.789597997135303	19.789598037084147	19.789597997135388	19.789598052592623	4.127078064499841	2.2373507475000167	2.2373507001593396	18.949914588422274	18.94991455377823	61.04660656008079	41.79519123371125	91.44309172734376	75.31624170880852
251.2589846097809	174.5436573622112	178.23735111252194	178.23735113097945	178.23735101999995	55.56516281674078	101.61220184156056	101.61220187560662	142.16962470203754	158.03499071240265	158.03499067569913	158.03499076216366	58.57403126877628	58.574031150153786	69.07612561861441	75.99176881471519	19.789598029329966	19.789598127316168	19.789598040961238	4.127078166376833	4.127078358973193	2.2373506200000293	2.237350553470833	18.94991457247187	2.9606323477676995	2.9606322900547184	41.741498562291895	159.4290678180161	4.061554719057625	244.9070703212311
92.49745889657524	52.98159042815382	8.243919034382401	178.23735113455692	49.83702414746449	49.509782498504364	56.92876261452889	57.48044349806841	140.9605331234972	30.271403776934903	30.271403655911826	158.03499073334217	158.0349907504799	158.03499080230995	58.57403114130284	4.127078166376833	4.127078211736489	4.127078260815438	4.127078209707463	4.127078231372849	2.2373506200000293	5.731529087571062	5.731529088707447	2.9606323477676995	2.9606322900547184	255.0	0.0	14.35058901415087	75.78021028451104	144.97093041209314
217.02366104935504	112.70353606734753	76.38792271955194	79.70329312867574	46.96371222022785	58.21495630626015	58.21495630626012	58.21495629104322	58.21495633494135	30.271403670269137	30.271403498452997	30.271403655911826	30.271403673087946	30.271403702026078	30.271403760405462	7.8981248829504125	7.898124884437095	7.898124896409911	5.731529236971994	5.731529071198651	5.731529087002912	5.731529071692165	5.731529072679223	5.7315290068081595	0.0	0.0	121.24186535746634	12.704527671893743	0.3109822178464299	68.73384806446774
66.8926655005377	10.522568166278859	27.01249382867556	50.33831008208182	155.65596279056598	196.55360670958635	58.21495622021655	58.21495628831042	58.21495630445142	58.214956279539194	58.21495632936356	58.21495636749296	24.775402299494658	7.8981249276787935	7.898124885180437	7.8981248866326155	8.47109461120806	8.471094534008017	8.471094552761116	8.47109456213758	8.471094490273458	1.6004626335150647	1.6004626029223914	1.6004625428819281	14.214236831995947	0.0	0.0	10.962128937120923	170.66134302146335	57.48914993072401
10.140405132143854	9.638702020143938	12.269616964761383	18.156002412456957	25.254631009999486	34.24016530082338	30.04904316531082	34.24016530082338	143.7916034413019	58.214956272169445	58.21495630445142	58.2149563158205	58.21495633494135	7.8981248829504125	7.8981248026032915	8.471094532139091	8.471094552892481	8.471094532019436	24.00334419239286	1.600462572985407	1.6004625993921024	1.600462494262331	52.10880364579657	20.283443501017388	0.0	0.0	0.0	247.64006652368755	178.24543332838192	255.0
1.1292617825771742	10.09359668675603	9.539002770038536	12.32048575991385	0.2021804573159045	19.48010005803127	2.245069093168013	27.01249382867556	27.01249382867556	40.76568839783258	27.01249382867556	14.214236831995947	58.21495630445139	58.21495633494135	61.04660656008079	46.17129229111487	46.171292538348865	1.6004625417370448	1.6004626125955213	11.589561035458814	10.79424717213601	2.445964052462358	6.1233323847955035	0.5544169461023785	69.25617754596345	0.0	0.0	185.60602358747758	236.46157143134522	0.0
