254.89195284162034	254.3781435762963	254.44145748243383	254.94076072868663	246.2776660207523	254.27350438701924	254.1413580299072	253.22916666666666	163.2	199.46666666666667	232.30395275049153	201.875	181.5125280247342	250.46666666666667	253.15106802668123	249.9	241.4	222.05655542304697	241.4	218.11607142857142	241.0909090909091	242.183374113065	216.87957454085242	216.8795745408524	251.61744005661333	240.2610336208046	254.33680195625914	254.22833399870194	254.5731183626475	254.36713492890334
254.90826596922648	254.22833081837646	250.35388060395215	242.40740742	248.56532355494505	254.14135450796536	241.0909090909091	248.62407981909539	250.50557020026181	227.38590647630429	230.12859355376068	147.421875	199.5288299206041	252.1022725840328	237.613636373515	250.47236539022532	138.99590163934425	190.7684737571663	225.62178387650087	241.60907265109392	245.5362810815393	228.00488303557304	226.17034908816854	205.6315025675063	234.37929502384557	240.94766728197786	228.42843248728434	249.6650031887755	254.2283339990256	254.95733780142626
254.6205488656444	254.898	254.14525139660984	199.92	232.0556224250264	248.62407989743232	250.54843564885977	250.54843464254307	243.0248889658929	248.359375	252.40230863231378	130.91336481435542	204.3835467468963	151.77615932590805	198.37570720823385	246.26637796146733	222.59365669328145	227.73453502662844	218.623590487457	175.63671089197516	221.09632495942557	243.90232108317215	155.0675675780451	246.5000000085	231.03906863821317	239.13398245343464	249.66634864817402	251.58568419124381	254.2283308181445	254.99083607228403
255.0	254.27466666666666	228.73161711203332	114.6313892999107	196.3962796012118	253.56103356103355	247.916666578125	243.0248887732671	241.7312147964378	0.0	216.82952182952184	194.7269259316797	148.75	241.71798561151078	194.7269259316797	198.33333331997687	233.98797980776428	241.42004501426058	241.63171744227535	215.40069162866462	215.34246308258176	238.96103000645792	246.99379043174176	240.94897959183675	246.5000000085	244.75490225742877	251.90643972038606	249.66634864858273	254.22576009995836	199.93279569892474
208.65888685864488	235.83117449694956	26.571423786609444	252.3444619507694	255.0	249.23076923076923	246.52802806336484	185.76923076923077	234.00757583775498	242.89413032014156	0.07661499884224554	231.92307692307693	148.75000000000003	93.38755667849912	111.5625	104.73214285714286	224.40695067628167	156.46436525612472	156.46436525612472	200.60500371591857	218.6235904770833	218.6235904778951	167.30769228858335	246.63461537345546	85.00000001699999	247.19387755102042	250.3584388868343	249.66634864671417	254.7229806832916	141.666666678
228.77605854874315	198.35319213778592	14.386732738530213	245.96300338602592	192.55310905029006	229.493092070775	56.57143124999999	234.0075758487283	228.01072515451523	236.5352278355337	39.72435652709942	233.75	222.54545454545453	102.0	136.0	221.0	167.1457475252122	224.40695052510378	224.40695052510378	225.57739221647955	209.24731793220974	221.1748658342837	198.33333333333331	249.8310810810811	191.25	191.25	231.58163265306123	240.49157942649066	242.40740740740742	206.8467526815475
255.0	5.475360632076644	193.81763093063842	176.6355750324311	56.57143117793993	56.57143117793993	229.56585304150323	228.0107247899045	235.78238478535698	236.4491038125	113.14138915514471	134.95243385369062	146.02865032792542	146.02865032792545	225.55840741824403	152.84975189604603	175.34932753092636	199.45667743893202	199.45667746644762	188.93835281767855	212.03069738645462	224.40695067628167	161.0847363071377	161.08473630738575	218.20469794996566	96.15921787575198	232.05	217.27810650887574	172.34701998376704	206.8467526799777
2.4614796775403534	255.0	152.2236260860211	56.5714311225	56.57143116500001	56.571431122567446	56.57143120250862	221.01419133389498	235.40259464550525	235.7823848277009	220.1770338946926	231.92048502734613	219.44798301486202	146.02865032792542	102.46634199467582	196.11027253949882	218.93755412497455	126.75289695216387	158.01854927629915	212.0306972685147	217.5294293580012	156.92307692307693	88.69064051058604	200.67713795230458	119.57627114629705	119.5762711576271	199.0728021992606	126.09263849569734	172.34701997100473	239.0625
44.588319466025325	60.39404829009953	8.338585690228882	137.30769230769232	137.30769230769232	231.9104078827769	221.014191333895	221.01419100994013	221.01419102109878	56.57143124999999	160.4405800351804	231.92048497483015	123.74284451555752	219.447983014862	103.51856661956688	219.44798301486202	181.33841756858524	170.6859252700724	127.49999994298027	46.793371856869925	195.14174905921118	124.92795389048993	209.30232558139534	88.69064050730773	93.1801206396998	106.25	212.4999999915	218.0583501006036	138.20570203993057	163.46153846153845
235.93261453986295	6.776522061690713	7.731721748344967	235.3846153846154	223.1358581764374	76.86834869678364	221.014190948328	221.01419100436078	221.01419100994013	221.01419102109878	160.44058009802018	123.74284443039198	123.74284494452294	123.74284498572865	103.51856664957378	194.99920722144773	194.99920722144773	170.37886957209287	166.01747120662492	166.01747121051915	178.49999998557502	126.0674157303371	126.06741571001231	71.84731169249997	89.32645415441874	110.48748159057439	70.99549079344433	103.48307291666666	98.69509437413987	252.9345
37.39940673091206	204.95803269663787	193.73903825885293	76.86834869678364	76.86834864864738	76.86834867179687	76.86834867378178	221.01419017719394	221.01419104471972	221.01419102109878	70.12500000701252	123.74284444816743	123.74284494452294	123.74284480972048	123.74284481009673	120.07896509206458	120.07896509206458	216.12426117268762	134.7918471964316	166.0174711400387	166.01747117904924	72.84439088136185	69.59387706047605	69.5938771480597	189.80931669324775	89.32645424802004	130.05	42.41965973534971	84.169921875	250.69933557122357
198.63010337380535	243.86170054374853	235.3846153846154	30.648551262657293	201.8661993465279	76.868348633663	219.44464392347027	219.44464381310195	76.86834866228082	76.86834881751298	70.12500000701252	111.91905805497572	157.7974528330398	157.7974528093157	212.63039741245484	212.6303978488834	212.63039837926667	212.63040031289253	212.63039977387655	159.73668269604417	59.34526376849743	59.345263741440306	59.34526382200977	59.34526381370725	59.34526384270208	48.93939393939394	59.765625	69.17417417417417	69.10942300307218	251.58568419124381
205.48966676192194	21.50232235869504	108.33134455917761	17.22864807885489	214.53228992595024	214.53229007235046	201.86619904478775	201.8661990415468	201.86619904478775	201.86619904478775	201.86619906885218	63.75	63.75	98.3338182523926	54.11807289091661	54.11807285573474	142.68426638849365	212.6303978488834	212.6303977442351	212.6303980170831	59.34526379710229	59.3452636908095	59.34526375896252	59.345263814026254	59.34526373989257	81.73972602739724	48.527644230769255	224.3602495464587	0.0	243.686949518726
254.89297153177066	222.0369719422112	195.65473636713216	195.65473636713216	214.53228981320768	214.53228978763048	214.53228978763048	214.53228978008187	201.8661990415468	201.86619900696724	183.6	161.8871652522563	80.80183696608975	166.57311567424162	166.57311554811048	98.3338183030883	103.56296664485731	201.5607021048101	195.3367793596111	83.73134328358208	51.864406784056314	59.34526359626858	59.34526374144036	59.34526372743886	59.34526363286784	58.4375	145.8130081300813	194.73581890070994	245.1478911098111	0.0
193.874603198182	79.55480064883383	195.65473626010743	195.65473627256114	195.65473640373148	195.65473640373142	214.53228978008187	214.53228973647612	48.43567764252737	43.382286616298956	106.29980428067992	57.47784929317484	115.04278432039055	88.42688445188946	88.42688432575838	189.56538402100426	118.91776971913237	191.11568618126353	83.73134329636332	50.606736797950674	50.60673697159086	40.467710263523884	40.46771021991813	59.34526359626855	59.34526359626855	38.38709676048387	22.17391304347825	80.3517942754464	243.686949518726	0.0
193.874603198182	79.55480067359403	195.65473615729798	195.65473624103748	195.6547362585596	195.6547362585597	195.6547363091905	100.30688195578932	155.82039121390932	98.73225584648256	99.78634927462105	111.72709968825822	62.48025312703518	179.27801406190605	179.27801379003375	189.56538401805295	179.27801388557538	179.2780139397126	179.27801362670812	200.88192714426526	40.46771021991813	40.46771021991816	40.46771021236955	40.46771018679232	40.46771007404976	76.5	22.17391304347825	145.8130081300813	12.773044689726078	150.6884780394484
79.55480077005168	79.55480067913831	79.55480071713092	195.65473618597375	195.65473617799023	195.65473623150257	195.6547362028977	72.7321905084925	68.05961634143543	68.05961635394152	91.92518296733797	89.11894636091873	179.27801379773285	143.5199211780132	143.51992117624062	136.80682759071829	136.80682758326847	200.8819271090834	62.34728373568288	77.25447761185023	51.00000000000003	41.90483020057681	40.46770992764954	41.244644680454456	28.333333333333343	31.87499999999997	224.35144873734268	217.71232475386813	79.1933091556146	17.84289138618584
203.68556895391401	79.55480050350016	79.55480058822485	188.59130188615424	195.65473618629275	124.78392679576555	73.64585825730734	72.73219056258318	68.05961634613294	96.95740159839278	97.43948926410053	68.05961632516349	68.05961633597985	68.05961637193838	100.30688205686292	135.8504089831588	135.85040898437796	92.25551319681196	62.34728374830391	77.25447760574764	41.9048304194327	33.98580897890122	33.98580895528025	33.98580897890122	33.98580982280606	26.5625	94.99424144864417	28.36398058455123	127.34173521710058	116.60688921279043
203.6855687211468	203.68556874069378	79.55480064592066	124.78392663860538	124.78392670995038	124.7839267626295	124.78392671428267	81.28488185151562	85.86384602428362	91.66930596161589	97.43948926410053	79.57382311928222	68.05961632516349	68.05961633237439	110.23258891076765	110.2325888933961	110.23258890445868	92.25551316228317	110.23258889184066	94.55941990197985	33.98580897890122	33.98580899005984	33.98580899563922	33.98580905167202	33.98580924445548	26.5625	94.99424143016324	183.4665011544708	146.18751784586226	126.79730458680291
203.68556872776935	203.68556874050307	203.6855687532368	26.08351197377587	124.78392666704275	124.7839267327752	124.7839268656372	73.64585821885314	81.09966989069338	81.28488185151562	81.28488181617561	81.28488183098821	81.28488181555969	81.28488181555969	81.28488184853217	97.43948926410053	110.23258886632595	110.23258888791617	110.2325889069312	94.55941996481957	33.98580897890125	33.98580899005984	33.98580899563922	33.98580905167199	33.98580866610499	94.99424142021834	94.99424141781807	90.5293662924091	37.51230125060604	252.5816386721923
75.06047345752779	203.6855687211468	203.68556870256197	33.970578274329256	26.08351197377587	26.083512183713026	119.0684995266954	78.31248497762007	73.60659038386328	78.57501306139878	81.28488183098821	81.28488183098818	81.28488180855635	81.28488183098821	81.28488181617561	81.2848817692742	91.66930596161589	81.28488189447489	110.23258889184066	27.40479737631449	33.98580866610499	33.98580895528028	19.975979344443886	16.469341615362225	19.13759923875827	25.337841196310194	0.0	0.0	82.14741654109699	12.939019093216729
71.59620419382347	166.88213328978782	203.68556874050307	33.97057811094041	33.97057814505803	26.08351204227617	26.083512076526347	69.09159015944715	75.9477309059144	77.4193754684926	77.41937581513221	77.41937543948836	81.28488179423658	81.28488182287612	81.28488179423661	81.28488185151562	81.28488182287612	81.28488189447489	81.28488189693311	43.13635140998946	43.13635143534273	36.71439566360084	43.1363513426046	41.651693227659194	16.357198730297455	115.29344740361077	0.0	0.0	6.975209722525165	24.414367301296124
12.88781470953765	0.0	13.149323650753615	203.68556877978776	33.97057816211688	33.97057817162272	26.083511995047928	26.083512024797272	26.083512039671888	34.163521979999985	77.41937543691509	77.41937550510431	75.861335458192	88.84555190311502	81.28488183098816	81.28488179423661	81.28488181555971	81.28488184853217	43.13635132697419	43.1363513426046	43.13635134260454	43.13635134260463	11.668160130836071	11.668160119999982	11.668160075463504	17.145115870721384	115.29344740361077	236.39929251954078	230.1286469681848	51.84506749269025
18.523745751178723	0.0	0.0	0.0	13.149323622157226	33.970578120269465	33.97057809520953	76.64679394134063	76.64679397187098	152.68656723180328	152.68656726943837	152.68656729829468	77.41937547566141	75.86133535479522	59.84064003071606	59.84064001522901	88.84555191777056	43.13635134260454	43.13635132697419	43.13635134260463	43.13635116094375	24.515351657313687	11.668160077500005	11.668160093920989	17.14511591788002	17.14511590034951	193.81768016709603	2.12600686529467	186.33994537429322	169.09855493765355
135.31581602336445	75.06047345752779	0.0	0.0	0.0	56.24838605731358	30.593049323718304	30.59304947489622	33.970577966209646	60.549521273287326	60.549521263536576	60.5495213500011	152.68656715699439	152.68656716910425	255.0	78.52513378784502	43.1363514099894	43.13635134260454	43.13635128546656	24.51535178162149	24.51535192785542	11.668160204999992	11.668159914413224	17.14511589739689	6.059017022131172	6.059016994038728	101.58910129873908	106.7138544132927	253.29438310581773	245.4985362340152
21.498530461522734	18.523745751178723	7.786029472739273	0.0	49.77279809555975	60.55942225906597	54.207348557535084	39.93790920802019	0.0	84.40868076849026	84.40868092599885	60.549521263536576	60.54952129957823	60.549521365763866	152.6865671849517	24.51535152163737	24.51535164292565	24.51535173790228	24.51535178162146	24.51535178162149	11.668159949999989	8.795850444672453	8.795850446416352	6.059017022131172	6.059016994038728	255.0	0.0	214.2814258535223	191.6793228071033	86.48349431141301
102.56756076930841	0.6517599676568864	135.0880303903902	80.84247868682462	129.19444777909052	30.67611574333651	30.67611574333648	30.676115754234786	30.676115850363345	84.40868068383216	84.40868076849026	84.40868080505575	84.40868083059038	84.4086808254934	84.40868086164048	14.220448179381833	14.220448134059069	14.220448158685286	8.795850592858244	8.795850432655328	8.795850443800475	8.7958504224342	8.795850401991913	8.795850401991913	40.333365616098604	0.0	20.91315948365144	234.4736838672404	37.17592837539877	34.0901441411026
20.92066751361648	55.934514684386244	50.852469013865004	28.743041690255836	23.03024490733773	147.72814956850726	30.67611571958355	30.676115731767197	30.6761157479082	30.67611571950971	30.67611577630666	30.6761158167603	148.8355049372947	14.220448127416404	14.220448111397701	14.220448128578909	9.178765703812672	9.178765633109947	9.178765614356934	9.178765604980384	9.178765583597027	8.346681550390713	8.346681579797519	8.346681462170437	255.0	0.0	0.0	237.6753616890224	253.63283158717087	6.602773631655566
10.14592082918847	10.236121101483462	12.499510235246618	24.336367425052657	25.528702722487395	50.852469013865004	30.191110382418003	20.548416842969345	0.0	30.676115715626224	30.6761157479082	30.676115754234786	30.676115776031452	14.220448179381833	14.220448127416404	9.178765574825775	9.178765646036283	9.178765582042757	12.845413536101802	8.346681587196684	8.346681560789932	8.346681431349225	13.10051519620339	82.91372115739233	0.0	0.0	0.0	179.62154543110296	133.46636285969788	255.0
1.1543623124940723	10.095322370964567	10.165705087892434	12.512210108148366	48.635636238366715	16.806946756908275	85.46758721613247	32.57536585338528	20.548416842969345	255.0	32.57536585338528	114.8177353377092	30.67611574790817	30.676115776031452	85.74827458338453	176.9771596335062	176.977159714837	8.346681638611017	8.34668154758657	4.831601146427204	4.49194369133491	0.7899014316698185	15.6707724531025	0.17315066407741142	57.682052275129564	0.0	0.0	101.89446019255567	171.22335429437442	0.0
