254.88345967835505	254.65020575851852	254.99529728643398	254.97259390601	254.40140843354138	254.62035546875	254.75973541041316	255.0	252.45	214.2	203.87215840360935	255.0	248.93301766562124	236.86666666666667	191.3677470195169	221.0	249.333333339	248.45651745075872	249.333333339	235.32857142857142	251.13636362863636	248.2988476523228	232.41756532816083	232.41756532816083	245.51219406886233	248.27972607428265	252.48743871613576	253.66655882739272	254.59662032823408	254.462568195544
254.90291437826667	254.88293492710235	250.21480799075886	245.55555553666667	254.27350425274724	254.75973520620448	251.13636362863636	241.16733194464408	252.37982627059012	197.66801723105758	252.32377319511585	245.555555565	247.40982989770743	52.15909087945511	226.02272714430526	179.54580660657658	230.03415300546447	246.41132400715261	239.39965694682675	243.91640149784888	233.36939769853467	226.60058319032083	225.65525442503915	235.34482351095903	233.2003323283741	240.93169712430452	247.4573405687322	253.48248979591835	253.66655882744965	253.60204507725476
254.666410235719	250.46666666666667	245.02793298324147	254.745	229.42295426159714	241.16733201190507	253.48789787877413	253.4878968576338	230.61916817405233	255.0	254.60915472933425	243.77883430526128	167.82545466214353	236.73213752358907	161.8115307673133	154.53894095767942	229.49754218620816	233.37566571077429	211.22964024791315	214.66460945445732	219.94417969264012	237.24371373307542	254.13851354791476	229.5	231.60320789195546	239.73219917598362	247.31893740089137	254.0288764175923	252.77892753582856	254.6884144936603
251.09549485182453	254.8740740742	231.79632520868742	238.61745946465155	217.04239898105556	124.73566973566975	250.8680554375	230.61916814767417	229.01170195895705	163.2	255.0	215.4102152486493	255.0	226.9054470709147	215.4102152486493	205.92522718482917	151.5506128388792	144.87508374829804	189.1833567689626	215.0145492605639	215.16416738868725	199.5725067479848	228.11616356681486	210.03673469387755	229.5	245.04634432989792	253.021360221604	247.3189374014642	247.07178342357352	159.83198924731184
0.0	253.39787825370198	43.25134450979357	196.82128222784024	191.09067055744944	93.46153846153848	250.05653032099173	255.0	214.75378800551957	250.1242451856212	186.26038141213832	231.92307692307693	255.0	221.3980447347213	226.666666695	201.875	181.28846924833988	179.1815144766147	179.1815144766147	200.82554130305286	211.229640234996	211.22964023626275	253.84615382312913	51.92307692072745	229.5	205.0408163265306	241.42011834319527	247.3189373987733	252.08617891135108	252.45
246.88555350142133	24.387720304778952	254.60600386068097	210.23058183106593	211.97154514188105	102.21154192269466	255.0	214.75378789326186	204.72360676334594	247.52931147976238	208.6104956699333	255.0	199.36363636363637	229.5	153.0	187.0	130.54994337576255	181.2884691954601	181.2884691954601	200.5163572850521	209.99298051734212	136.35578662277868	146.2	51.68918918918919	102.0	102.0	161.32653061224488	138.93263541192533	208.57866666666666	139.0419957045007
252.24931947239426	41.73333579382776	40.26322051120533	253.08600392670877	255.0	255.0	206.74769549206465	204.72360688609774	247.22033916303792	243.619904625	255.0	98.85813953101254	109.41146013117014	109.4114601311702	113.24609694432564	183.15351232219234	200.21302966998357	197.70877087284032	197.70877086101603	187.7685450050115	161.17521964387018	181.28846924833988	188.35968817951863	188.3596881736325	71.87919461881222	224.37150837675458	224.4	104.11242603550295	105.0071616137503	139.0419957071379
248.75187293027037	6.298393625919658	58.850590881413865	255.0	255.0	255.0	255.0	193.4315031982036	247.06436007603958	247.22033889924734	255.0	152.8890816601164	101.0615711252654	109.41146013117014	198.30665385007	216.9868443929529	161.8871652437	171.6374508120466	184.1747623713561	161.17521959531237	178.9043388646165	58.84615384615387	45.03186902119103	64.45845728142442	64.83050841875615	64.83050847457628	71.92307692360384	149.23495101371196	105.00716160916755	163.2
223.2510716319461	222.93122009152745	221.9018938618184	255.0	255.0	245.6290969373083	193.4315037765541	193.43150326138408	193.43150328159902	255.0	238.6261521935848	152.88908161898598	88.52046710228527	101.0615711252654	211.07315322418896	101.06157112526543	190.85201505035837	171.60395026577254	57.477849250107994	174.3619196689565	147.92230553078397	230.7492795389049	105.69767441860463	45.0318690347427	113.17868428326477	74.375	102.0	71.83098591549296	164.37391493055554	123.00480769230768
212.07093591694107	4.519581473671224	181.56163139931982	58.84615384615387	190.3331010230155	255.0	193.4315031982036	193.4315032512766	193.43150326138408	193.43150328159905	238.62615212904683	88.5204669860428	88.52046764636188	88.5204675373846	211.07315324682912	174.7801517052883	174.7801517052883	169.58423791429317	156.2925048604203	156.29250488000486	166.66540880784868	153.2651349991615	153.26513501113755	48.28165620375	139.40142352380389	147.83298586538643	155.81859175208115	127.05729166666666	193.14492818804337	251.328
230.70545489791172	172.26219347682633	16.65437612199284	255.0	255.0	255.0	255.0	193.43150261985306	193.4315031982036	193.431503281599	140.250000014025	88.52046777367394	88.52046764636188	88.52046754992998	88.52046777367403	145.44302325131378	145.44302325131378	95.04742397714844	88.43469747352412	156.29250481600405	156.2925048469769	115.02457224469111	113.7512088802963	113.75120889748547	191.2021369958228	139.40142353076538	163.2	185.58601134215502	164.37391493055554	254.82215498321924
151.79205740044438	201.83438416967056	58.84615384615384	221.95012987539823	255.0	255.0	239.40050304690143	239.40050275059608	255.0	255.0	140.250000014025	79.65978876781699	227.2878250394044	227.28782507800395	89.12430356926919	89.12430498047436	89.12430453608155	89.12430501948771	89.12430555729344	159.89386121713244	28.07945387836932	28.079453883325925	28.07945393188166	28.079453927953267	28.079453810226795	124.04848484848483	127.05729166666666	159.98174174174173	159.8319892473118	254.0288764175923
223.2510716319461	255.0	255.0	204.3177098185135	228.9758408182695	228.9758410219274	255.0	255.0	255.0	255.0	255.0	170.000000085	148.75	118.16960557873608	241.82066886677262	241.8206688481943	135.36808617736102	89.12430309100782	89.12430457077949	89.12430454780949	28.079454027121272	28.079453919875448	28.079453864460277	28.079453919875476	28.079453836642045	113.813200498132	123.00480769230768	43.30929853863316	199.92	49.587670047521414
204.8752920032524	42.40528844360006	226.92054616335795	226.92054616335795	228.9758407576186	228.97584073031942	228.97584073031942	228.97584074713416	255.0	255.0	153.0	123.31856626171214	93.72383937307688	142.85733088062088	142.8573310809761	118.16960562954645	73.33755705573313	78.11566424614645	89.91231498324638	106.56716417910448	64.83050848007039	28.079453810226738	28.079453883325925	28.07945388426191	28.079453836642045	74.375	171.38211382113818	147.65024284234914	149.65066852677987	255.0
116.44316050346316	255.0	226.92054616335795	226.92054611573812	226.92054618977323	226.92054618977326	228.97584074713416	228.975840675721	155.84667300204057	113.14138915514471	106.5154920430748	174.36191973458108	115.98329709966472	112.14266891902386	112.14266911937906	14.120184700142545	118.74749846663309	70.7987518862592	106.56716419018156	86.93181813242512	86.93181818181813	26.024159324278997	26.02415925286587	28.079453810226767	28.079453810226767	95.9677419217742	121.95652173913044	30.484082535155352	49.587670047521414	255.0
116.44316050346316	255.0	226.92054618977323	226.92054613553972	226.9205461166741	226.9205461166741	226.92054608012455	110.45588767310804	123.80324627575328	98.59486856185927	99.86025376606307	112.57718485103206	148.34590517393252	56.77024942654839	56.77024920722258	14.120184735183841	56.770249209158976	56.77024910088471	56.77024895665079	13.179331151805684	26.02415925286587	26.0241592528659	26.02415926968058	26.024159242381387	26.02415918173051	102.0	121.95652173913044	171.3821138211382	221.29466968959895	144.37470159273602
255.0	255.0	255.0	226.92054608012452	226.92054606811834	226.9205461216307	226.92054597287873	129.4714827972363	90.18691809024534	90.18691809332117	90.44650583224046	90.75667501944116	56.770248831124974	67.10322616520946	67.10322617953435	116.29346337830842	116.29346341506616	13.179331133227407	81.40809638224587	17.013593797560645	74.18181818181819	73.89090561862261	26.02415897807259	74.15629452598844	79.33333333333334	74.375	33.04987012460174	202.3661099567567	27.087236413259376	31.995729775445028
28.24036914114933	255.0	255.0	145.2321362133318	226.9205460720467	93.74087836933353	95.11194138171251	129.47148281134943	90.18691807886987	88.38564748365704	144.52929173409245	90.18691806349614	90.18691807782915	90.18691813682125	110.45588778695037	89.0393901925068	89.03939021059554	38.69308919849257	81.40809634937418	17.013593746624082	73.89090603832045	61.56849671840095	61.568496801796385	61.56849671840098	61.568497380146965	74.375	26.08351197377587	128.18540449767673	167.08016066389615	98.57694873568684
28.24036940028509	28.240369389527643	255.0	93.74087823702345	93.7408782835183	93.74087831766212	93.74087847893952	73.6199834207901	85.95593611669452	83.17434355779187	144.52929173409245	86.73433490062484	90.18691806349614	90.1869181000688	65.99795240635046	65.99795239821415	65.99795241716774	38.69308918054708	65.99795243880226	16.37384787095317	61.56849671840095	61.56849673861589	61.56849674872342	61.56849680179644	61.568496801796414	74.375	26.083511995047928	146.77063149744157	75.91863686966713	0.0
28.24036923126951	28.24036935081861	28.24036947036771	76.86834869678364	93.74087830497211	93.7408781932908	93.74087807358615	95.11194135083056	81.3853807310638	73.6199834207901	73.61998344787906	73.6199834526077	73.61998343863408	73.61998343863408	73.61998347306138	86.73433490062484	65.997952366746	65.99795239493324	65.99795241394824	16.37384780641517	61.56849671840101	61.56849673861595	61.56849674872342	61.568496801796414	61.56849622344592	26.08351204227617	26.083512024797272	221.84506761309254	6.152707481900052	20.03862387202807
26.309043505451484	28.24036940028509	28.24036939066832	129.72825985365694	76.86834869678364	76.86834881751298	85.82750764983939	78.28492136776018	76.61927390795475	78.05412305480561	73.61998345260773	73.61998345260773	73.61998341797585	73.6199834526077	73.61998344787906	73.61998339671314	83.17434355779187	73.61998350768542	65.99795243880226	34.78823752037718	61.568496801796414	61.568496801796414	53.621684846759734	40.38552006883677	56.488583517530316	49.815566761979056	102.0	255.0	213.2133568918229	1.4639510218931662
16.65437612199284	234.11525312908103	28.24036935081861	129.7282598031119	129.72825974372608	76.86834867378178	76.86834866228082	69.47880397875193	76.07593344466272	52.025381587846056	52.02538129339766	52.02538145016106	73.6199833609837	73.61998343292746	73.6199834450648	73.61998346283065	73.61998343292746	73.61998350768542	73.61998342466046	57.88957500622445	57.88957519012524	54.66163523987461	57.889575237235675	57.47784931542034	48.281656181718745	140.92155274935828	101.99999999999997	255.0	186.28650728382559	84.91559138168168
64.58380336909639	56.57143124999999	172.68760647162435	28.240369368012608	129.7282597140332	129.728259716916	76.86834864864738	76.86834867179687	76.868348633663	107.775681405	52.02538129907711	52.02538125067957	102.83911785934094	65.03774661425166	73.61998345260767	73.6199834450648	73.61998343863411	73.61998347306138	57.889575128825015	57.889575150448394	57.88957515044842	57.889575172145214	36.38021341302937	36.38021343499997	36.38021341302937	22.71499815704317	140.92155274935828	220.48626831152126	146.96414626110777	1.4939290790876782
255.0	56.57143117793993	56.57143116500001	56.5714311225	172.68760652799367	129.72825964854553	129.7282596249544	93.24962664275884	93.2496266724323	43.33103632260344	43.331036381384564	43.331036369163485	52.02538124207905	102.8391177977193	33.887483130772694	33.8874831456738	65.03774661387533	57.88957510705475	57.889575128825015	57.88957510705484	57.88957507427364	37.39638063387241	36.38021339249997	36.38021341302937	22.71499820309748	22.714998188637082	85.74827458338453	1.1212395515213416	137.53362711098194	14.360487683985014
14.375060267879576	26.309043505451484	56.571431122567446	56.57143117793993	56.57143124999999	55.83195793121254	73.71153075166015	73.7115308045399	129.72825944343415	40.22430492756726	40.22430519529138	40.224305108826826	43.33103642631076	43.33103654825979	70.13990735720367	76.09764406300869	57.889575006224476	57.88957523723565	57.889575040248985	37.39638086375464	37.396380889294505	36.38021352000001	36.380213318083946	22.71499818472529	43.33125309236979	43.3312531186028	234.51182043540845	229.17390221979446	50.56634479633556	206.07830512459986
52.506738570478944	64.58380336909639	3.9759478544051774	56.57143120250862	49.85064298658233	54.53369803286128	255.0	55.2056712753581	57.47784929317484	107.97321213116584	107.97321192607839	40.22430502236236	40.22430506197583	40.22430528135885	43.331036228900246	37.396380733762584	37.39638076158346	37.396380804153864	37.396380820423985	37.396380798758656	36.38021352000001	22.71499820309748	22.71499815704317	43.33125309236979	43.3312531186028	165.75165402282317	255.0	47.20281161634716	254.49813633841987	93.84978826755136
166.92963981689238	65.04497372376042	68.51037971415082	163.21075120682684	96.27562641868838	39.12716011408361	39.12716011408358	39.12716013695996	39.12716018271274	107.9732118563455	107.97321185268396	107.97321192607839	107.97321190620596	107.97321193533972	107.97321193296693	18.345310878524174	18.3453107859784	18.345310761050627	22.714998446879633	22.714998215704924	22.714998226124578	22.71499818472529	22.714998188637082	22.714998188637082	23.03024490733773	255.0	0.11156017415117958	0.0	166.62873766218422	28.461672526511393
37.43224363153212	5.260248993107666	20.548416842969345	21.50232235869504	17.22864807885489	118.1474927202332	39.12716005685985	39.127160117873615	39.127160117873615	39.127160155108896	39.127160145202225	39.12716016342128	30.53306325700217	18.345310761050627	18.345310739705468	18.345310762550298	26.563102200097802	26.563102111920898	26.563102093167913	26.563102083791364	26.563101968003423	26.02415924238136	26.02415926968058	26.024159342895075	114.8177353377092	255.0	255.0	116.11971177515636	244.10958061773613	15.5639372242822
10.102655770518737	10.212236389327188	12.555363136287127	18.628613879564256	25.169292389830275	20.548416842969345	30.115217285639176	35.642129522906544	181.2440328297536	39.12716017167685	39.127160117873615	39.12716013695996	39.12716018271274	18.34531059052719	18.345310761050627	26.5631020498013	26.563102090797713	26.563102049866302	26.059874328356244	26.02415925286593	26.0241592528659	26.02415918173051	0.0	191.9817856261043	255.0	255.0	255.0	23.911692756398054	228.86248656088478	255.0
1.0935640713482826	10.201304320022984	10.454072696522388	12.555363136287127	0.38041786435411495	19.120263096418654	3.4206288731132304	34.24016530082338	35.642129522906544	34.24016530082338	42.768578068619036	3.5893330247928077	39.127160117873615	39.127160182712714	0.0	14.232128505118538	14.232128512532512	26.024159324278997	26.02415925286593	1.6427582528517348	1.5259798204198205	0.412825251258937	4.898640315197952	6.93067864655643	107.61725697287685	255.0	255.0	137.47916300097984	242.99001815984803	255.0
