254.88231504739986	242.40740740740742	254.8442487850056	207.43310086345525	179.5774647811446	172.00990979567308	136.77922624448038	208.02631578947367	91.79999999999998	253.86666666666667	254.21672081487225	159.375	162.98376634480866	214.2	203.01557944132102	235.875	225.25	233.54641252153434	225.25	228.77142857142857	231.8181818181818	234.15123136356186	247.79528196519797	247.79528196519797	217.15786947738354	253.78896004125963	232.259089119307	254.77136046673218	253.30824109164908	0.0
254.9769615488001	254.72251241983074	252.7644725452754	198.33333333333334	175.13736263736263	136.77922320944913	231.8181818181818	160.07759135604738	153.67052984707894	253.31523399893013	178.31059550548142	124.44	250.73650720517173	104.31818175891013	17.38636362648498	191.47003476461364	195.66256830601094	214.49101674453075	234.1509433962264	226.80484252713293	181.8993923452951	228.19983379122215	236.6946369970333	250.36302026568316	234.7233695381362	240.98771808110118	254.21247786226235	252.30220408163265	254.7713604667738	254.99352798646822
251.79455263535405	253.565625	217.9608938644899	124.44	0.0	160.07759133136642	103.03716029225967	103.03715900107201	133.62102422094546	175.3125	221.5138348379747	106.53374208143376	249.84863351215043	133.0931469888529	247.3250297846997	167.33128131371402	234.11130498591146	229.61491192134372	230.94684088669672	244.4080413826481	219.80706227200045	237.24371373307542	212.50000000861488	235.875	231.47304521609738	239.27373097446073	252.63025173817738	253.27349331379372	254.8070008257199	254.91771567353572
251.09549485182453	251.52916666666667	229.62439512960856	66.65499423269719	149.1399140546431	200.3950103950104	113.83928582812501	133.62102431722423	140.1871575081898	91.79999999999998	47.78883278883279	244.72511349317315	106.25	204.1677286742035	244.72511349317315	134.7918472232405	202.3045123434918	157.37767832692361	221.4740390519798	214.4413312409953	215.16237055179838	244.68045696729845	237.90362652371093	247.5061224489796	235.875	234.41102164571896	252.30560878872333	252.63025173837883	254.77977176176594	254.92885044642858
57.69104879474838	159.35535352911455	20.191392712652657	138.00936715021936	191.37194132101095	166.15384615384613	95.65081965925128	33.46153846153845	104.7321429642553	100.8919380625131	92.26906322177086	114.23076923076923	106.25000000000006	74.02544452557683	91.79999999999998	159.375	195.48863286616103	212.2160356347439	212.2160356347439	200.22723086487787	230.9468408805621	230.94684088061572	205.76923074453532	237.3626373469519	209.666666661	242.51020408163265	253.30251479289942	252.63025173754863	253.80102526720802	246.9407407386
122.15059060764298	75.65130168785353	174.226689349182	235.83153272555393	251.08071268571098	196.9277399160741	24.712053314999963	104.73214290950892	90.243266428326	66.52632542324602	131.2555530697436	127.49999999999997	170.61818181818182	51.0	238.0	153.0	234.20682944711947	195.4886327821671	195.4886327821671	133.10849127284746	187.44650849017472	255.0	230.82222222222222	239.0625	225.857142879	225.857142879	255.0	240.49157942649066	252.70758847736624	254.76816170152125
13.633430997032235	121.91864837970792	204.95171664288276	141.78920337296245	24.71205331910832	24.712053392938373	88.27156488831156	90.24326614967063	63.43630393733886	77.79764846250004	76.05555890942463	220.08261928105168	225.33655505695546	225.33655505695546	124.80037811437958	235.5981330534455	214.38785098127119	197.48190500979604	197.48190499505827	186.96922394506345	216.07807069854667	195.48863286616103	239.66403646499205	239.66403646429163	215.63758385643666	246.92737429704013	249.9	217.27810650887574	253.5352261876343	254.7681617015652
140.7865364928221	237.86552836340206	68.01525592890093	24.71205331499999	24.71205331499999	24.712053337565862	24.71205318218054	76.27726124951997	61.924130190447045	63.436304078496164	100.05556928287305	93.1580234643856	112.25053078556266	225.3365550569555	86.41355483195645	167.90091845388486	185.16537389985461	222.87979755375872	173.2180599866988	216.07807064662867	196.20167758962364	156.92307692307693	239.80783958805824	255.0	247.4364406667581	247.4364406779661	250.99686028881683	254.57412880423757	253.53522618700742	251.6693877576
2.0417682982473764	32.77476952091942	228.6964563842786	19.61538461538464	19.615384615384613	48.438211733419934	76.27726067116939	76.27726095750549	76.27726101618603	24.712053569999966	60.01042151722092	93.15802347131438	214.30725632383732	112.25053078556263	134.23777250904885	112.25053078556266	184.39402562740378	171.67492256705117	168.79426600052776	147.4825594825823	211.28571429385997	216.05187319884726	231.27906976744185	239.80783964193418	251.4105142161312	247.03125	229.5	251.40845070422534	254.501953125	254.15715144230768
42.11712776048586	201.8342422439893	183.6106229105255	117.69230769230771	56.61697292866498	48.26781203322804	76.27726105673642	76.27726092816528	76.27726095750555	76.27726101618603	60.01042152534728	214.30725673353157	214.30725645682674	214.3072562650818	134.23777256577335	90.5636013258291	90.5636013258291	169.96223215653535	184.71475674990342	184.7147567485795	218.93755416017217	219.07848398457153	219.0784839874776	234.41667693	236.06496614904282	243.84268309010577	251.43253555176898	251.015625	254.5780418400272	254.898
191.2042888799338	0.11207643153244362	81.31186602888627	48.26781180431158	48.26781189348836	48.26781185407657	48.26781186617356	76.27726067116944	76.27726096034468	76.27726101618597	120.21428584652142	214.30725632283796	214.30725645682674	214.30725622336556	214.3072566847674	214.21168574117118	214.21168574117118	106.00257907312846	176.4803634028823	184.71475671407717	184.7147567303951	218.40054529251896	222.80178291936627	222.8017828374335	191.87643452348732	236.06496619903461	255.0	254.87948960302458	254.501953125	253.1644558643167
15.307321924763954	39.89454856053513	117.69230769230768	107.61431363863215	73.33433497254356	48.267811884079265	43.99723289870607	43.9972330216205	48.26781189710451	48.267811874670144	120.21428584652142	202.78153646777324	130.08527787244424	130.08527788731965	99.81412340577015	99.81412420089939	99.8141238891763	99.81412485598867	99.81412335213818	159.47838163654666	227.60881012548043	227.60881019267862	227.6088101789928	227.60881018282487	227.60881018385498	237.38181818181818	251.015625	249.6518918918919	253.97177419354838	253.27349331379372
58.54367085689901	0.0	13.619868011328208	0.0	44.332876986434485	44.332876865485645	73.33433436906324	73.33433458545571	73.33433457022335	73.3343346708034	73.33433454776932	51.0	106.25	153.40848926034965	102.01333048580418	102.01333039324805	141.52297023094263	99.81412294125502	99.81412318778501	99.81412368959803	227.608810190489	227.60881007387374	227.60881017516073	227.60881019709046	227.60881016749656	226.546699875467	248.87019230769232	150.22626462218986	124.44	247.65866607160248
3.7667664364031452	90.53745299102215	27.391189832503443	27.391189832503443	44.33287694083478	44.33287696595113	44.33287696595113	44.33287697266172	73.33433458545571	73.3343345728936	122.40000000000003	93.72383937307688	189.1592832044682	63.48984917445509	63.48984921792871	153.40848927267024	192.90108154596848	87.86356946006447	207.48149679645778	178.88059701492537	224.74576268769033	227.60881018385496	227.60881011053414	227.60881017324468	227.60881016749659	223.125	222.520325203252	250.9567294382398	254.196262297727	255.0
2.543680077157944	8.731528031414541	27.391189832503443	27.391189826755323	27.391189816145044	27.391189816145044	44.33287697266172	44.332877016183886	37.61187080027483	76.05555890942463	102.83711600816386	26.921066246994428	115.85803970990531	191.5101507820713	191.51015082554488	155.45850484927706	118.59476368088553	79.80572544745402	178.88059698254625	203.5887096598928	203.58870963068182	210.6671229838161	210.66712302733828	227.60881018385496	227.60881018385496	224.83870969112903	249.45652173913044	194.73586553691771	131.0287088604345	255.0
2.543680077157944	8.73152804552069	27.391189816145072	27.391189824839273	27.391189889465835	27.391189807321354	27.39118992612626	103.44481289416646	95.06925363172851	99.43927701359337	100.63546073362025	109.58355323982823	51.01472865751967	64.7287348917713	64.72873477529691	155.4585048475641	64.72873487453742	64.72873492867475	64.72873446975544	152.98666960675195	210.66712302733828	210.66712302733828	210.66712303404887	210.66712305916525	210.6671230135655	255.0	249.45652173913044	222.520325203252	153.21763052366597	212.84920145908657
8.731527656174563	8.731527937604568	8.731528106632453	27.391189802909537	27.39118982100723	27.39118987451957	27.391189809510962	87.90019334604264	80.06038239951243	80.06038241008588	92.27022052224171	97.75612558351042	64.72873454687215	124.17166769866085	124.17166773949683	116.29346337830842	116.29346341506616	152.98666951419585	150.91542564893192	195.69231483521236	190.0909090909091	191.77278372573528	210.66712313451438	195.53938379770702	204.0	223.125	147.3856863613679	17.055294123022975	218.45081567335274	96.12948762577432
64.64853741862933	8.731527857851972	8.731528219034516	33.99573928265261	27.391189817175132	68.74857795978747	85.28801168787561	87.90019334858204	80.06038240503827	88.3347526061876	88.50219187467002	80.06038242494466	80.06038239714226	80.06038239398666	103.44481293216768	106.71471192587458	106.7147119327839	148.79149030575675	150.91542559289616	195.69231475788203	191.77278347732883	178.722738983814	178.72273903965527	178.722738983814	178.72273932883058	223.125	94.99424144864415	234.5890954361921	63.65834763272744	98.57694873568684
64.64853778186273	64.64853780580447	8.731528023705607	68.74857795498306	68.74857795978747	68.74857799106414	68.74857806322626	98.33085767639952	85.73769268311182	91.20133690567161	88.50219187467002	77.04570721689487	80.06038242494466	80.06038240640973	134.13858227143754	134.13858225579912	134.13858226376033	148.79149030598987	134.13858224840584	194.98957847465275	178.722738983814	178.72273904249448	178.72273907183475	178.7227389432636	178.7227387504801	223.125	94.99424143016324	146.18771173351294	39.33879553216153	248.62582479382831
64.64853783384575	64.64853775452465	64.64853780176057	48.26781203322804	68.74857795978747	68.74857792508351	68.74857768692232	85.28801169023845	255.0	98.33085767639952	98.33085764246462	98.33085766162966	98.33085764296567	98.33085764296567	98.33085767270273	77.04570721689487	134.13858225645916	134.1385822744841	134.1385822554691	194.98957848277908	178.722738983814	178.7227390424945	178.72273894624755	178.72273894326358	178.7227393288306	94.99424142021832	94.99424141781805	0.12209768086771078	127.34360900851335	14.705527630375656
84.91559138168168	64.64853778186273	64.64853777026994	26.349627515305883	48.26781180431158	48.267811874670144	12.46737223112396	76.26482766492978	76.33412169961241	78.48255711361233	98.33085756482771	98.33085756482768	98.33085763765567	98.33085756482771	98.33085766348489	98.33085768377572	255.0	98.33085771514337	134.13858224840584	167.165892116461	178.72273875048003	178.72273903965532	167.3009176937459	164.84388540055681	175.59455790936673	186.65733599192555	51.0	255.0	205.07276347819533	253.62364753669905
81.31186602888627	0.0	64.64853775452465	26.34962747764871	26.349627512942703	48.26781186617356	48.26781189710451	69.0526166600059	68.36959016614955	171.8912577052472	171.8912574206695	171.8912572570886	98.33085762474104	98.33085765057027	98.33085762474104	98.33085767639952	98.3308576505703	98.33085771514337	98.33085772110368	120.1206790390709	120.1206788099193	163.41259226914252	120.12067872897717	255.0	191.25	202.32758839064041	51.0	255.0	156.85339836030576	160.36885391609667
8.629038483830954	24.712053314999963	54.71008201841599	64.64853785368791	26.349627530589686	26.349627505940646	48.26781189348836	48.26781185407657	48.267811884079265	26.92106629500003	171.8912573312714	171.8912573041755	184.8975632114391	111.15340276624809	98.33085766162964	98.33085762474104	98.3308576429657	98.3308576727027	120.1206787863857	120.12067877237078	120.12067877237075	120.12067879406763	140.97470202809137	140.97470201	140.97470202809137	136.9749573213686	202.32758839064041	228.78327183801042	145.46925644790736	1.2720712848972653
102.33335621475788	24.712053392938373	24.71205331499999	24.71205331499999	54.71008209259631	26.349627501258027	26.349627583530634	64.18214729103681	64.18214731330235	49.63791093022081	49.637911035424224	49.63791098546454	171.89125749244027	184.89756312917427	93.72812316148872	93.72812316090278	111.15340275600065	120.12067872897717	120.1206787863857	120.12067872897723	120.12067888052027	133.0324113907027	140.97470196749998	140.97470199117632	136.97495729421115	136.9749572768891	140.10294706507483	222.22021970987174	246.13325000672924	3.4244123961162813
4.936531833460407	0.0	24.712053337565862	24.71205331910832	24.712053569999966	57.26472252068373	59.511367133838945	59.51136721783291	26.349627759108017	144.53084370266293	144.5308436843185	144.53084377078306	49.63791096836931	49.637911051344844	69.83298648654738	76.08107075099139	120.12067843956595	120.12067872897717	120.12067866004307	133.03241137119716	133.03241123454993	140.974702095	140.97470186782567	136.97495729721442	255.0	255.0	0.36895327975526016	244.89256230693613	77.74753891878322	216.85649928428472
11.01838302036046	8.629038483830954	24.499739612153633	24.71205318218054	49.06461193228242	50.86577077588484	54.09227130684798	52.789641057424035	26.921066246994428	176.00698444018457	176.0069845517469	144.53084374196158	144.53084379611124	144.53084377482776	49.63791088336919	133.03241111121304	133.03241131262632	133.03241128660088	133.03241132786647	133.03241130620114	140.97470184	136.97495729421115	136.9749573213686	255.0	255.0	165.75165402282317	255.0	2.315548339075548	4.061904447336303	23.911182038149803
254.30603946397932	15.471000757847008	9.437816065681943	51.092377864505664	7.641790887951288	57.56713642928892	57.567136429288894	57.567136438880794	57.56713645806457	176.00698451428156	176.00698444018457	176.0069845517469	176.00698456176764	176.00698458921224	176.00698462255906	133.3071658502879	133.30716582738125	133.30716582991604	136.97495739156977	136.97495727444158	136.97495728063237	136.97495729721442	136.9749572768891	136.97495734276015	40.333365616098604	255.0	111.73441175903366	125.19123819261998	255.0	151.68946770476893
2.202166454762562	20.562581758967355	255.0	0.0	0.0	81.91196553149484	57.567136342962044	57.56713642052168	57.56713643666265	57.567136443950375	57.56713642937487	57.56713648908024	168.24054202238392	133.30716582991604	133.30716581592793	133.3071658199678	120.09655319595223	120.0965531899908	120.0965532087439	120.09655321812036	120.09655318843025	145.1774777375935	145.17747768988312	145.1774778807246	185.3239164562707	255.0	255.0	95.57515454828948	35.39294874792401	255.0
9.832323754293839	9.731752680455713	12.282274718255792	19.39190893028652	26.14965137614152	255.0	30.73864658536715	255.0	197.41229054437125	57.5671363936201	57.56713643666265	57.567136438880766	57.56713645806457	133.3071658502879	133.3071657673783	120.09655316349466	120.09655322269612	120.0965532112742	126.16826904807036	145.17747770527933	145.17747767887255	145.17747759194077	130.04808610065737	140.59270130226656	255.0	255.0	255.0	220.1421038098811	96.73797847567417	255.0
1.0897425171449981	10.040311035440567	9.61614964719206	13.22770200462196	71.1327604788899	10.062662140590362	109.7799322656598	255.0	255.0	39.19820460146647	64.2375798748107	185.3239164562707	57.56713643666265	57.56713645806457	140.10294706507483	83.81610837144703	83.8161083723964	145.17747759446235	145.17747770527933	157.195516068039	152.52845831953053	87.8367206863125	59.377524142517046	72.65913084703325	0.0	255.0	255.0	41.37855073660586	242.0094218182078	255.0
