254.97109037834548	254.14303717777779	254.38885939094783	239.73672056511617	239.80841573690225	216.3007124248798	200.077366250645	187.8015350877193	191.25	244.8	222.44256831754288	218.57142857142858	214.21235615740895	199.46666666666667	231.8419300684121	229.5	218.166666661	221.04726034236893	218.166666661	207.87053571428572	235.68181818954545	128.54086313918742	230.87145519552186	230.87145519552186	247.26143813680807	247.5778887016116	253.11879800302904	252.21810717472522	221.73171422964123	254.1272939024822
254.99897440164517	253.39010649300178	254.6493948217074	240.21739131666666	230.47061635439562	200.07736603549125	235.68181818954545	193.46761099652963	192.39064864927894	216.88512540823555	253.54082484575278	192.744140625	161.46886655191122	234.71590895754778	223.12499972833808	222.59777550763457	230.03415300546447	242.92016510838098	217.42066895368782	197.48956399266598	236.77909215882704	227.83047120451536	250.1462321976121	231.1616127339425	235.3361133378897	240.90547874890217	245.00097122220114	246.28946508290815	252.21810717541166	254.48092903008896
254.0451867540885	252.45	243.04590721890708	223.125	228.2809592022531	193.4676109076298	164.60253099992906	164.60253042703494	168.6847195224094	152.734375	239.50075359268814	181.7482245748497	190.5464057228009	187.57683675288047	184.41351511386242	204.26546126977604	187.02800597180632	185.66110200737404	198.90638984867343	207.93911817670897	219.617461416898	186.93423597678918	229.72972972227905	214.2	231.6427771457162	239.38312403132414	242.4581363332859	249.4253390980699	251.36285897086327	249.43675992007533
255.0	249.67962963013332	229.62439512960856	205.48137211623478	240.49527453481048	200.3950103950104	161.6847825625	168.68471944664455	171.77391842746795	163.2	89.21591921591923	253.70885333057151	170.0	144.0474820143885	253.70885333057151	193.60321499372753	182.1935869699928	194.48604562717583	208.67905171792415	214.8112550074572	188.8944139968292	223.95351681086615	184.05194663397182	222.6826530612245	214.2	163.0210085027033	235.77600906609484	242.45813633419863	250.90427092877968	254.74392303498465
33.45021006283821	243.12418097696772	152.60655193910736	74.82403242635175	222.0893578577473	166.15384615384613	146.37827960081398	64.61538461538461	139.09090919996902	152.01970588931616	139.6322909530699	124.61538461538461	170.0	139.6122611167633	155.390625	201.875	153.3877981584394	176.62583518930958	176.62583518930956	200.25150262589727	198.9063898315172	198.90638983354216	209.61538462128436	235.65088757395245	220.999999983	213.10714285714286	239.79999248798077	242.4581363298048	235.09091737459977	250.4666666712
254.44756388316716	95.26407548493827	175.16988275830911	124.81037464151845	156.59200186829628	254.881187131232	76.76264897999997	139.09090912726236	123.26684246498124	116.02707631569902	103.28339294664829	106.25	110.34545454545454	127.5	204.0	136.0	152.5335147867945	153.38779812439338	153.38779812439338	206.80808693835667	104.66262484372743	242.92728708474317	202.86666666666667	227.43243243243242	231.461538438	231.461538438	246.02295918367346	247.57168866636323	244.34162962962964	254.27145246684245
81.3007728683805	252.04057447625405	194.35712002212182	49.88487613708273	76.76264890593558	76.76264894285057	122.8095433131646	123.26684222340538	112.37288128450876	119.3580916125	134.02854290821654	119.90215249126871	130.97687262685537	130.97687262685537	162.47884585086987	240.8587723074064	246.9017243971697	226.5077887890652	226.50778881192196	190.1645144446446	200.59685303137758	153.3877981584394	206.6135801242971	206.61358012375135	237.03020134529694	229.12011172389498	235.4500000017	230.85798816568047	251.10408211983767	254.27145246693803
180.19057222267952	2.735296155579931	65.73083878666785	76.7626488525	76.76264889500001	76.76264888747806	76.76264886544314	107.36301216630417	110.56213217135775	112.3728813178397	81.25765782058014	145.01546034509886	150.14861995753716	130.97687262685534	136.86874284638597	158.08508888692754	174.36191968717029	162.80107189933585	145.37329981277648	200.59685293417058	125.30566102873183	176.53846153846155	222.61652744931646	235.6113312960353	237.7118643922752	237.71186440677965	238.6897717708146	247.7589480914427	251.10408211897865	252.8272189398
56.98440639091419	131.22517696916802	7.178893677527185	39.230769230769226	39.2307692307692	94.21033658569348	107.36301158795368	107.36301209473663	107.36301214321068	76.76264897999997	136.07466632059212	145.0154603157369	108.8472571837473	150.14861995753714	198.2634605038965	150.14861995753716	129.20729108254898	171.57429154667372	177.52543845629248	161.88716519506778	164.22046776431563	147.34149855907782	184.18604651162792	222.61652736735618	231.2654409635353	238.4722222175	224.4	232.93762575452718	252.69422743055554	252.7397910729327
0.0	110.09232372253922	22.713030706216642	117.69230769230771	87.32527980100144	94.99424144864417	107.36301216630417	107.36301207049962	107.36301209473663	107.36301189203621	136.07466625760873	108.84725644351539	108.84725682802068	108.84725668625356	198.263460391708	179.15014750496522	179.15014750496522	169.79401142074693	141.73912894054058	141.73912896618623	184.3936971573481	173.57789703169547	173.57789703315092	216.83858011499998	221.82654140233348	210.20002677734635	238.01768990634756	243.93229166666666	250.6174683629284	253.50116666712
47.16706955985924	139.36809997391794	247.67136083028888	94.99424144864417	94.99424143016324	94.99424141781807	94.99424142021834	107.36301158795365	107.36301187712888	107.36301189203621	172.61538452476157	108.84725653176355	108.84725641133434	108.84725670944476	108.84725689369253	140.37358770568972	140.37358770568972	143.82325588293122	139.70039027578383	141.7391288723868	141.73912893179755	198.41938193556643	202.93681489317322	202.93681496237306	219.2162501381943	221.82654132427075	225.522	231.37996219281663	248.67296006944446	250.43339901369228
109.4881828266956	194.8626713739095	117.69230769230768	181.09345118986298	57.89956527410712	94.99424141164548	82.56197962442849	82.56197943374238	94.99424140600541	94.99424149254489	172.61538452476157	98.18115899131092	139.97618121424784	139.9761812450468	137.43197016761837	137.43196968238783	137.4319701676174	137.4319716178369	137.43196961830225	159.96023772681554	200.32904633055608	200.32904633949133	200.32904633055608	200.32904637387955	200.32904648616886	203.07272727272726	233.30729166666666	230.40972972972972	230.19405241935485	249.4253390980699
2.5019853632343825	50.33831008208182	27.73548727941244	40.333365616098604	74.32991229611349	74.32991225328749	57.89956527410712	57.89956531029941	57.8995653746872	57.899565424977226	57.8995655426331	95.625	148.75	115.8018066406608	129.77274111026603	129.77274108136697	141.9225399728669	137.43196905256565	137.4319693920076	137.43196983330546	200.32904635350175	200.32904626615257	200.32904635858245	200.3290463893693	200.32904641463514	177.83312577833124	201.36418269230768	233.7252758624638	199.92	141.6251640884476
183.1782872106246	90.53745299102215	54.67095369238953	54.67095369238953	74.3299123179076	74.32991233944765	74.32991233944765	74.32991231263168	57.89956531029941	57.89956534406261	71.39999999999998	80.80183696608975	140.9605332114484	147.7883527004093	147.78835280588834	115.80180662136556	90.63881152545943	123.18364195163755	164.50510500059204	125.59701492537312	177.20338982391553	200.3290462397354	200.32904633949136	200.3290463190833	200.32904630761044	201.875	249.47154471544715	73.76506710273603	26.140790882754175	0.0
247.84466381200207	18.110407652639083	54.670953585364856	54.67095368091671	54.67095376026461	54.67095376026461	74.32991235224179	74.32991238252771	77.69168245296063	113.14138915514471	106.38009651895794	74.68777074986073	118.42052691029639	107.21164719411166	107.21164729959068	150.76906508544647	119.04416792121373	112.91854717791492	125.59701491600023	177.72727267458674	177.72727277556817	180.6700876174723	180.67008768736832	200.32904623973542	200.32904623973542	189.19354838709677	177.39130434782606	0.02778233394431595	141.6251640884476	0.0
247.84466381200207	18.11040765795508	54.67095351383119	54.670953641417555	54.670953660508616	54.67095366050867	54.6709537338474	58.784044747258235	52.334529472376886	99.2740718944157	99.57633891991892	100.92473774807468	89.56414967377924	95.60521257038263	95.60521248807063	150.76906504251053	95.60521263766617	95.60521252939188	95.6052121098036	125.227258918633	180.6700876477582	180.67008767416496	180.67008766055235	180.6700876820924	180.6700877038865	168.3	177.39130434782606	249.47154471544715	153.21763052366597	249.76305663986648
18.110407485961844	18.11040761096976	18.110407716739473	54.670953610630676	54.67095366944389	54.67095366944389	54.67095364649822	71.66328757996871	59.431197830799306	59.431197844694964	92.16135174555214	91.91029508725103	95.60521228526778	74.35222008055263	74.35222006202079	57.64600094960852	57.64600090647724	125.22725888973397	98.18561324349142	137.16002844186656	129.8181818181818	163.1223203701157	180.6700877467125	166.83360280949557	153.0	180.625	73.90654881013705	28.490146316128687	18.55458578081246	251.63909987672068
64.64853741862933	18.110407472613787	18.110407735977645	54.705436218540086	54.67095362612045	35.560100402429356	65.2752782728428	71.66328759644787	59.43119783490124	208.72097867393583	91.20133690567161	59.431197807424525	59.431197816869684	59.43119786189774	58.7840447476878	50.7776496611541	50.77764963623156	129.30273074903513	98.18561332048333	137.1600284605978	163.1223204045835	147.63698810796382	147.63698812287106	147.63698810796382	147.63698841204638	143.4375	117.17854127917988	213.92391898672963	101.22829077591732	116.60688921279043
64.64853778186273	64.64853780580447	18.110407677549915	35.5601003371458	35.560100359521755	35.56010042905544	35.560100612874606	63.314900663326	84.44789816027068	46.642492133662245	91.20133690567161	100.04719903843704	59.43119788847656	59.431197840738605	78.55704695290649	78.55704693213849	78.5570469192213	129.3027307877314	78.5570469394182	118.92533374239127	147.63698785678935	147.63698790526337	147.63698792950044	147.63698783369585	147.63698783369585	143.4375	117.17854122918652	51.81103164189511	254.25814762107	237.2394010006285
64.64853783384575	64.64853775452465	64.64853780176057	76.86834869678364	35.56010033806797	35.56010051320152	35.56010057154191	65.27527822723982	81.73576873216331	63.31490066332597	63.31490068956546	63.31490068146951	63.31490066945179	63.31490066945179	63.314900705835186	91.20133690567161	78.55704693994903	78.5570469282332	78.55704694724824	118.92533367940788	147.63698785678935	147.63698790526337	147.6369878039132	147.63698783369585	147.63698841204635	117.17854124411568	117.1785412470974	100.18872975885293	185.7102254576169	239.03793262191505
254.68394187614024	64.64853778186273	64.64853777026994	55.49979154868723	76.86834869678364	76.86834881751298	78.91341994316923	78.83899721510534	79.52523124355918	78.17839755067004	63.31490058466758	63.31490058466753	63.314900657963335	63.31490058466758	63.31490068956546	63.314900730200776	46.642492133662245	63.314900752769745	78.5570469394182	114.15208345679147	147.63698783369583	147.63698783369585	125.45987048763027	117.284260165956	119.99695416313926	147.44648624695054	102.0	0.0	169.69109777011496	230.10406058289425
180.58643794340912	9.870999779467041	64.64853775452465	55.499791420335555	55.499791451129994	76.86834867378178	76.86834866228082	69.08988272347307	76.1684807115461	66.22675531716303	66.22675517365377	66.22675515098436	63.31490065617578	63.314900673764384	63.3149006842028	63.31490070536654	63.31490067376441	63.314900752769745	63.314900754236135	71.60549619214567	71.60549593447925	101.99999997719206	71.60549604303992	106.31072671050651	102.56323177160544	244.69270222573687	101.99999999999997	0.0	107.9995925151623	249.3061437834513
11.534791858763072	56.57143124999999	116.02705489781206	64.64853785368791	55.49979140748533	55.499791438328714	76.86834864864738	76.86834867179687	76.868348633663	53.404799174999994	66.22675519813495	66.22675510730213	199.2602595983253	62.538260699050056	63.31490068146945	63.3149006842028	63.314900669451845	63.31490070583516	71.60549592045058	71.60549591285908	71.60549591285906	71.60549591285908	85.99675297645993	85.99675292499998	85.99675292108739	103.32634699406913	244.69270222573687	236.06891383388057	254.99799454531845	128.22022281730898
84.91559138168168	56.57143117793993	56.57143116500001	56.5714311225	116.02705471207668	55.49979138314947	55.499791512718815	17.97958996851608	17.97958999940485	74.83985315330088	74.83985324423551	74.83985329504759	66.22675524166141	199.26025945928853	63.15802832769285	63.15802837437312	62.53826070419524	71.60549591285906	71.60549592045058	71.60549591285911	71.60549597656546	74.7927618663804	85.99675296749999	85.9967529395449	103.32634702414089	103.32634699198945	85.74827458338453	91.33313828015307	9.246598225024826	1.4998989707561634
0.5856670086421332	254.68394187614024	56.571431122567446	56.57143117793993	56.57143124999999	56.1328175883404	101.61220184156056	101.61220187560662	55.49979121761177	51.52007514793104	51.52007514777989	51.520075234244445	74.83985317910171	74.83985323172445	68.341959429175	77.54380066672186	71.60549559264072	71.60549578267819	71.60549593447925	74.79276159751731	74.79276177858901	85.99675284	85.99675279231764	103.32634701810946	79.23017742061734	79.23017743405833	243.7033180955068	254.9856407228538	125.58587966330666	193.74324662404618
250.861801416925	84.91559138168168	28.431655563190475	56.57143120250862	46.19254522044079	34.10744218581266	54.42091672256328	56.13113749050396	57.47784929317484	237.37715818425886	237.3771584552203	51.5200752054229	51.52007522783572	51.520075370453185	74.83985315330082	74.79276146752528	74.79276152316692	74.79276160830761	74.79276159751734	74.79276159751731	85.99675284	81.16257405239091	81.16257411904058	79.23017742061734	79.23017743405833	255.0	0.0	179.45352823612654	7.826858969384631	1.1938495105823677
11.395686342708217	26.655992326849542	0.28500806741374163	46.13888988861973	7.641790887951288	38.058255146589204	38.058255146589175	38.058255144740144	38.058255215374174	237.37715828560445	237.37715818425886	237.37715833427717	237.3771582835014	237.37715828216386	237.37715833312257	74.24266589985388	74.24266586582931	74.24266584613613	81.1625740707652	81.16257406673321	81.16257401906608	81.16257404078627	81.16257405476344	81.1625739888924	71.99616450855797	0.0	50.76889472432816	12.704527671893743	14.061851320330874	11.064740567292745
68.95533040480211	94.22792473452205	20.548416842969345	21.50232235869504	17.22864807885489	10.064162751886442	38.05825508889808	38.058255139236195	38.058255139236195	38.058255144054186	38.05825513441815	38.058255195770045	104.86109682333975	74.24266584613613	74.24266584881701	74.24266585220539	76.20552951195234	76.20552943149704	76.205529412744	76.20552943149704	76.2055293302952	61.51676927808592	61.516769240349845	61.51676920888295	114.8177353377092	0.0	0.0	83.51751625864915	141.2410428339012	255.0
10.092388285806578	11.720187984265976	13.14375658802274	19.77675746636217	26.313184558671622	20.548416842969345	30.045658682723484	27.01249382867556	143.7916034413019	38.05825509619359	38.058255139236195	38.058255144740144	38.05825514104225	74.24266575585537	74.2426658461361	76.20552935842514	76.20552944048018	76.20552940375188	90.63220714402956	61.51676927456501	61.51676924815828	61.51676913523579	157.14576639789462	140.59270130226656	0.0	0.0	0.0	19.248338835478876	12.788680024675699	255.0
1.085049069008818	10.027891512690303	11.765999211392938	12.48273347393419	16.449765854165832	17.94405229439721	41.78578377858909	64.2375798748107	27.01249382867556	40.76568839783258	64.2375798748107	82.77595861339341	38.058255139236195	38.05825514104225	61.04660656008079	34.63592769741439	34.63592793120915	61.51676916487767	61.51676923495492	95.41051320916858	90.9354542397405	41.55799312710158	21.8143236160806	9.558966484575308	69.25617754596345	0.0	0.0	188.42435506810182	200.1308689418115	255.0
