254.799746690827	253.3348637888889	254.73558396280936	189.29836596042148	193.57051400086223	151.97870303485576	158.295810599023	223.77741228070175	214.2	244.8	239.86424939872637	133.57142857142856	234.4260299209701	199.46666666666667	249.23188757586894	225.25	208.25	229.36875737616998	208.25	240.975	202.8409090909091	248.07236737712662	235.77415894536492	235.7741589453649	248.84886975962343	249.72091044081327	253.539507669455	254.85681670386472	254.83043537927924	253.97486400847413
254.7689510258649	254.95757437501135	247.51394780782485	234.39393937333332	210.16483516483515	158.29581216191144	202.8409090909091	86.03378960059175	137.55080112166394	235.6796493160305	160.5855499974795	223.125	241.25566655046077	240.5113633548231	228.92045456027247	244.2524924792101	170.46448087431693	186.02014373514214	229.88636363636363	244.29630334495866	239.3689721584923	228.01243056899858	216.79336619501282	225.5498017533168	234.7895293297596	241.01035383247296	242.24439274365386	254.228625	254.85681670392776	254.93667078718894
253.8088434901483	251.52916666666667	234.66734385227562	238.68	255.0	86.03378962389004	122.32649550514813	122.32649411668498	66.84695557980353	195.234375	204.5652932313851	217.21847516821984	216.42626452020778	213.1919436960543	210.71009380533997	235.45648875472176	229.9235450999737	233.81964358869317	234.50689100203263	201.30972812325248	219.27510750535475	248.67021276595744	191.98841698662085	249.333333339	181.5804613339164	243.80337219482368	253.26577110690798	252.50082744924978	254.78328532089736	254.9952334234882
255.0	246.42916666666667	237.78132198899715	127.36192737372505	132.1506254572006	229.62874962874963	96.59090918749999	66.84695553008902	75.89807016540442	214.2	154.8024948024948	159.63267912933907	84.99999999999997	194.53381294964026	159.63267912933907	182.51175647283566	159.74392518102366	228.22619665946803	194.39611183172184	214.6188556635449	214.6901838495198	228.5185468487012	248.64381662434909	238.9714285714286	249.333333339	248.61451263585468	253.0985914283058	253.26577110706498	253.99248979591837	254.95298777839477
255.0	127.22394604493576	58.557400499022236	186.6879383869358	28.73192852360407	203.0769230769231	78.648126449747	120.0	48.47107432728771	117.15500607658069	103.34474466743245	170.76923076923077	85.00000000000003	180.02651824055465	191.25	133.57142857142856	233.66002414651743	185.0501113585746	185.0501113585746	199.60688124350253	234.50689099712264	234.50689099695722	205.21978022532943	237.58741258924942	225.857142879	239.41666666666666	252.41142237836948	253.26577110645744	254.82106537422337	251.6693877576
220.93974784417566	226.83500757884178	30.273242800273493	209.96977790388883	1.167711294807333	227.99835168337256	101.47470229499999	48.47107443524607	40.077296959373484	80.89076600951765	128.37410379954247	148.75	159.8	153.0	204.0	136.0	180.9962873999288	233.66002402350273	233.66002402350273	211.9095769072051	220.17884480548827	201.30296126451114	242.0716049382716	245.0450450412162	236.454545436	236.454545436	238.30357142857142	247.57168866636323	254.34453569069757	254.6721167643935
17.707862942394627	15.439435104713908	50.77186034298907	166.68555654616765	101.47470222504387	101.47470222504387	37.438889893908566	40.077296601570026	77.49853902033627	64.47546384375005	59.264070933906396	150.14065373722718	160.90438384535724	160.90438384535724	204.56206252391345	135.9143618557215	146.11219490120527	184.82062588779405	184.8206259155586	188.57457559921028	186.60295848380616	233.66002414651743	242.57495969113796	242.5749596911708	247.29865771941297	239.63487629811962	240.975	230.85798816568047	253.0122867948914	254.67211676442537
226.83500757884178	180.79247924914876	62.11265402577038	101.4747021675	101.47470221	101.4747022250439	101.47470226911383	32.454684637228695	75.8319620582943	77.49853884957679	120.06994374246716	121.13647292367997	195.44585987261146	160.90438384535724	165.551917321458	145.81552308719893	167.90091845388486	154.63912053130275	195.19719904563888	186.60295843191352	222.51286247368705	176.53846153846155	235.50952922312018	168.76303735680287	245.121065370719	245.1210653740678	246.59340659521314	254.36429722489328	253.01228679664953	253.651239669
0.0	4.506609618220438	8.62425693200052	78.46153846153842	78.46153846153848	60.9108670147742	32.454684637228695	32.4546845853971	32.454684742190835	101.47470254999996	70.01258520635687	121.13647283612849	139.0922849133554	195.44585987261146	98.53518725972776	195.44585987261144	191.64889901641283	171.44759738689004	186.23161403111493	168.79426600052776	191.06811659099355	212.74495677233432	229.53488372093022	235.50952915050001	250.3116920495053	248.928571433125	243.666666678	250.26827632575453	255.0	254.39952904242787
93.8774764059099	203.19852308234064	40.75846919341623	156.92307692307693	20.983287644006083	36.55815588547094	32.454684637228695	32.454684632587515	32.45468458539716	32.45468474219081	70.01258515788592	139.09228431194043	139.0922844587842	139.0922840925849	98.5351873313293	177.63771720813497	177.63771720813497	170.45103675520096	190.95738321287786	190.9573832206214	195.1971990697973	224.21012912963275	224.21012912937456	238.83514576125	248.97038438147354	245.32440755121166	254.52826916480228	255.0	254.9797105016406	254.228625
252.04793727114927	40.75072726725071	38.67583053029398	36.5581561143874	36.55815606810825	36.55815606335727	36.558156103447885	32.45468463722864	32.454684637228695	32.454684239841924	51.00000005609999	139.09228425709603	139.09228404209748	139.0922843072602	139.09228461902535	142.1517267943151	142.1517267943151	190.58965018304792	197.58274873813852	190.95738317355278	190.95738317929516	241.1927743583589	243.636938474124	243.63693862654134	50.44877164817075	248.9703843047663	250.002	253.07183364839318	254.85243055555554	252.38775918598165
8.2357817927454	154.313962899645	156.9230769230769	32.24775963998985	90.83283281546838	36.55815606098176	54.59011805943081	54.59011799119989	36.55815609797804	36.55815625268963	51.00000005609999	126.28085326399565	86.0924964982913	86.09249651634437	185.55680184979283	185.5568026884465	185.55680233319873	185.55680330001135	185.55680261252508	159.53681437276458	220.45527796957828	220.45527803326314	220.4552780230906	220.45527799224857	220.4552780221351	245.10909090909092	253.22916666666666	252.5372972972973	252.3009072580645	252.50082744924978
20.212444114837865	8.190895078656808	57.70016904383286	71.99616450855797	35.806353808571174	35.80635395192152	90.83283251372825	90.83283270727216	90.83283271488833	90.83283281546838	90.83283285715942	127.5	84.99999999999997	123.76242106187317	80.21365186327264	80.21365189122355	141.12947852141986	185.55680079897996	185.5568018871072	185.55680237743556	220.45527803758918	220.45527791561048	220.45527798258286	220.45527803882717	220.45527800859205	229.40473225404733	243.046875	127.58045846204625	238.68	202.47415330664612
154.33351920101535	127.27672631889337	34.54472199140798	34.54472199140798	35.80635375670343	35.80635375243449	35.80635375243449	35.8063537578372	90.83283264175009	90.83283271355319	112.20000000000002	80.80183696608975	140.9605332114484	146.07027066029397	146.0702705873549	123.7624211107462	117.17584400672823	171.69326275354166	132.9952892150031	186.49253731343282	220.4237288322393	220.45527777570163	220.45527795111866	220.45527796232898	220.45527800859202	255.0	110.56910569105688	255.0	248.82598610733757	0.0
38.70289315363749	39.25226473762433	34.544721991407926	34.544722037670994	34.544721977864924	34.54472222429837	35.806353797447315	35.80635374389661	109.71452417934529	59.264070933906396	106.42982312257914	93.72383928884992	118.25183594184242	108.92972941264509	108.92972933970603	156.10093149558145	120.8766817180423	160.20440541543343	186.49253731854532	235.01567377271837	235.01567405113636	219.1936462561034	219.1936462421628	220.45527802213508	220.4552777757016	244.03225805080646	232.82608695652175	224.73729268622986	202.47415330664612	0.0
38.70289315363749	39.25226466749447	34.544721977864924	34.54472201741714	34.54472204888131	34.54472196673686	34.54472208438952	111.35970856278266	86.06483505285027	99.44318616757943	97.77409099040034	109.22091998669015	115.08791618135834	144.40677020251422	144.40677036228914	156.10093151351725	144.40677024390376	144.4067702980409	144.40677026543972	174.78634810877642	219.1936462025527	219.19364622895947	219.1936462475655	219.19364624329657	219.19364619142885	219.3	232.82608695652175	110.5691056910569	100.22164890045977	234.87473453184793
39.252264797433156	39.25226460687247	39.25226478431094	34.544721961172826	34.544721976909415	34.544722030421696	34.54472196241082	81.61403158704019	102.0961354937445	102.09613548903565	92.86785563769172	100.45565480137475	144.40677012944826	115.0620047368443	115.06200472858265	161.31222426087828	161.3122243052742	174.78634813672736	159.35817058337005	166.7091860420035	194.72727272727272	229.26632275122708	219.19364604807848	231.54447000989353	221.0	233.75	222.75224036001015	100.22215720119397	200.26434728646532	110.2806860819775
96.45412756255686	39.25226467723496	39.25226470771992	12.058156922633287	34.5447220077514	61.39098860759097	78.97317932961909	81.61403156791954	102.09613546559078	90.48581641427057	84.50391060456437	102.09613551309391	102.0961354887936	102.09613548669776	111.359708622477	144.52596300524004	144.52596301368607	105.3274485135731	159.3581704567783	166.70918600036526	229.2663225517327	222.5453152578092	222.5453153627713	222.54531576015808	222.54531536277133	207.1875	117.17854127917988	111.43104191823042	243.3284400764585	116.60688921279043
96.45412774373949	96.45412770699764	39.252264706433294	61.390988412064274	61.390988521775824	61.39098854836905	61.39098852458346	104.88936194105548	85.92654314188667	96.12488546591402	84.50391060456437	89.4823149682853	102.0961354320419	102.09613549689368	105.22487998411498	105.22487997978021	105.22487999268711	105.32744846346336	105.22488000983145	184.98741484211408	222.54531550898363	222.54531541460284	222.5453153674125	222.54531536277128	222.5453153627713	207.1875	117.17854122918652	251.75983445573053	96.12454123058697	201.42729657638873
96.45412773265883	96.45412770872369	96.45412768478849	36.55815588547094	61.39098847886822	61.39098844787836	61.390988749621755	78.973179286001	81.6011783714167	104.88936194105548	104.8893619286815	104.88936192302995	104.88936195152209	104.88936195152209	104.88936193161328	84.50391060456437	105.2248799522122	105.22487997454925	105.22487999356423	184.9874147936431	222.5453152578092	222.5453154146029	222.5453153674125	222.5453153627713	222.5453153627713	117.17854124411568	117.1785412470974	188.3226296498838	204.34226222783485	236.95588903370262
24.414367301296124	96.45412774373949	96.45412770074523	81.84941906399308	36.5581561143874	36.55815625268963	51.75698938056536	78.53248975112135	79.41164509160882	79.35660650281844	104.889361826228	104.889361826228	104.88936192495379	104.88936201983185	104.8893619497018	104.88936194019658	96.12488546591402	104.88936199919772	105.22488000983145	161.10138901405298	222.5453153627713	222.5453153627713	202.11546362791552	181.38784067912516	198.0109624612225	234.86024162793194	153.0	0.0	173.6074795365745	98.93359932646214
0.0	5.419299502783417	96.45412770872369	81.84941901606803	81.8494189640727	36.558156103447885	36.55815609797804	69.43258174161292	76.50450171514899	89.79710604261317	89.79710624563492	89.7971060403259	104.88936190557303	104.88936191630751	104.88936197564064	104.88936194105548	104.88936195834808	104.88936199919772	104.88936198001423	128.8026184161019	128.80261819205316	168.78879625009324	128.8026182863548	159.58773660153548	169.2429976899151	83.44472441904287	153.0	0.0	210.71406773008988	184.25962860203032
127.71778744946934	101.47470229499999	13.877928865076171	96.4541276335139	81.84941893807502	81.84941894426936	36.55815606810825	36.55815606335727	36.55815606098176	74.68777084500002	89.79710593844692	89.7971059644884	63.64571043106699	101.79560494251331	104.8893619230299	104.88936197564064	104.88936195152209	104.88936193161325	128.80261806690112	128.80261811278032	128.8026181127803	128.80261815617393	167.68221643090436	167.68221643	167.68221637553182	148.98466615174988	83.44472441904287	229.33102046392239	6.379210963954449	87.67233519912378
36.059571905415794	101.47470222504387	101.47470221	101.4747021675	13.877928811265605	81.84941888440747	81.84941886008198	92.3989904507707	92.39899047922955	117.9625874951366	117.96258742203634	117.96258749664597	89.79710602361786	63.645710489215276	118.63422981878051	118.63422978079686	101.79560493472718	128.80261802599307	128.80261806690112	128.80261809108353	128.80261796800443	138.81078713777515	167.682216345	167.6822163939893	148.98466612221125	148.98466612819985	167.58900253029617	196.25343706848574	45.01845877877261	224.10777849065602
2.2914888997269713	24.414367301296124	101.4747022250439	101.47470222504387	101.47470254999996	56.29714516420927	21.339975853482542	21.33997597649727	81.84941897671979	70.68630257280492	70.68630268879656	70.68630268879656	117.96258731240329	117.96258750471574	69.32916641195041	77.15444605942676	128.80261781659695	128.80261802599307	128.8026180421769	138.8107867996062	138.81078697483974	167.682216345	167.6822163929827	148.98466612449994	162.66827563836955	162.66827565462836	14.530509302230485	18.305444065629104	61.67231585887592	232.1999831613701
47.56821844481826	36.059571905415794	24.001897368346135	101.47470226911383	49.37545295270721	49.509782498504364	59.44061617254161	55.93092420670277	93.72383928884992	58.0010665286398	58.00106661211581	70.68630263115358	70.68630254504708	70.68630268484208	117.9625873545819	138.81078679960618	138.81078675698973	138.8107868296064	138.81078679960618	138.8107867996062	167.6822166	163.68336180385927	163.68336183631212	162.66827563836955	162.66827565462836	255.0	0.0	223.08341844333583	253.1132747010546	24.903914055047665
47.56739984143195	7.134739311709382e-05	37.474811849375754	51.75698938056536	4.195436580354681	41.724514063160115	41.72451410032605	41.724514073521675	41.72451409424477	58.00106647836742	58.0010665286398	58.00106661211581	58.00106660035314	58.001066645078254	58.001066636209714	124.95641356563002	124.95641354115148	124.95641355476417	163.68336204230079	163.68336181703896	163.6833617876328	163.68336180917606	163.68336179345025	163.68336185932128	71.99616450855797	0.0	119.74835788825584	110.61924454525348	25.755067470466855	43.11842300095631
0.18783550406408267	0.0	64.2375798748107	8.190895078656808	71.99616450855797	73.1949434049001	41.72451411856994	41.724514081707184	41.724514081707184	41.724514054707385	41.724514108706984	41.724514169749426	67.90646787538591	124.95641352349529	124.95641352891221	124.9564135337103	177.0083171357923	177.00831716966348	177.00831716966348	177.00831716966348	177.00831718609328	119.94950808005294	119.94950812655591	119.94950830536644	54.61283193544992	0.0	0.0	105.60733103478478	251.08888762313688	175.7995653432706
10.041872575925566	9.424924892717911	12.142007308605741	19.85222817548177	26.036661580180635	30.374465792951497	32.63111462091587	30.374465792951497	56.758671672870065	41.72451407094658	41.724514081707184	41.72451409829901	41.72451409424477	124.95641342163154	124.95641352349531	177.00831713061123	177.0083171411327	177.00831715611957	191.8385680922852	119.94950812214077	119.94950809573402	119.94950808018496	102.79109376835595	9.562413569130882	0.0	0.0	0.0	2.851558969316642	2.851558969316642	255.0
1.0779553497842187	10.041872575925566	9.350663166219448	255.0	4.328050675407553	16.075081572747962	17.244664251024034	0.0	64.2375798748107	45.684891360443885	0.0	54.61283193544992	41.724514081707184	41.72451409424477	167.58900253029617	174.0479711734324	174.04797128752529	119.94950803715068	119.94950808253066	138.11099903545443	133.25993853844082	108.3230281920658	153.19716034255003	24.929917056663356	255.0	0.0	0.0	25.93102375454052	220.93958224925976	0.0
