254.74639228863683	252.51257430518518	254.954485453676	199.93279569892474	222.3340040550638	163.46153846153845	138.04350210658137	187.8015350877193	214.2	199.46666666666667	254.96590713961672	232.23214285714286	231.58835605493095	117.86666666666667	237.2899980473126	208.25	191.25	240.8303323801257	191.25	236.96785714285716	231.8181818181818	238.77645280673934	247.6995387871498	247.6995387871498	184.7994426986016	253.76473995245752	214.17763198125022	254.73215715454657	254.11849217844278	254.836327608746
254.955647691767	254.90983008564706	251.82678599357217	229.81481484	179.02930401373627	138.04350494141974	231.8181818181818	141.76331948941788	146.75503027021375	254.8465125575035	209.76081422434066	218.78400597	208.3467577714148	228.92045456027247	217.32954533106275	228.946896861788	247.6844262295082	235.9475325836838	240.71183533447686	230.9988804698763	155.60085041595056	227.2544422318513	232.16105863065658	252.8517192694981	234.69810790726885	240.9814338289795	254.59484000229432	253.7248698979592	254.73215715455848	254.89632553202316
254.92374109685244	246.42916666666667	214.63687152557037	238.68	231.39608952371393	141.76331936272737	104.13629498068636	104.13629471272162	115.96389427401908	152.734375	226.84144972771304	212.10563130111967	254.4993139761018	209.2952794362183	253.95275743161545	212.72614362556834	213.36773380118905	217.15741499385499	229.61182209344574	248.2323453101499	219.02621764878958	210.23936170212767	239.64987714727363	184.875	231.97644109427463	238.99302942453102	252.3664231978464	254.18399973355093	254.60249842221538	253.69270872861932
255.0	239.0625	255.0	144.4475355873907	155.10535996057345	154.8024948024948	106.25000000000003	115.9638941138958	123.89816827504191	214.2	0.0	200.12773376141405	191.25	171.8065775950668	200.12773376141405	174.86123144209097	130.5385926466435	203.3093047056832	175.8150742112379	214.32755392234327	215.07879127311935	227.13139284869015	211.38070000595658	236.1091836734694	184.875	240.1924676560466	249.1481728553938	252.3664231980663	253.6005374843815	254.9407606531202
140.59791759160635	170.40798854898782	22.20563176422391	43.58043933905395	206.42535688562745	120.0	88.07596589631723	0.0	88.86363633334199	101.8309624881393	92.83722640414032	69.23076923076923	191.25	173.52374402428148	185.58601140000002	232.23214285714286	114.44017530910745	211.93207126948775	211.93207126948775	199.58677374975701	229.6118220868519	229.61182208698764	212.41258739038858	234.23076923170902	236.454545436	223.51530612244898	251.18647046813362	252.36642319714366	247.41906106567285	253.651239669
25.43747707659074	251.42015845992907	11.098771797643678	242.61813996388636	39.720372577572704	76.50363507848638	101.47470229499999	88.86363642018591	75.64268338612649	67.3230176324335	2.8477133005714848	106.25	136.3090909090909	153.0	136.0	67.99999999999997	251.11164645670414	114.44017521114046	114.44017521114046	107.87369914866252	198.70371207618857	255.0	238.37777777777777	211.0641891891892	241.399999983	241.399999983	255.0	247.57168866636323	253.91647736625515	254.76349382181192
17.707862942394627	8.002437963474648	184.47725894993636	67.72157336469962	101.47470222504387	101.47470222504387	73.18301826711004	75.64268315278187	64.2130750197193	71.84731175625001	157.13203535753348	248.00438337469453	249.19054193993787	249.19054193993787	172.48878785832713	198.68561843580355	141.59513610824536	179.03003052319463	179.0300305304815	188.27861448053517	189.27197920592513	114.44017530910745	232.61358857700736	232.61358858312866	249.01006707231375	247.68283392433403	243.525	230.85798816568047	253.50896970021483	254.7634938217668
254.957540255486	179.76515804209242	20.980867674088927	101.4747021675	101.47470221	101.4747022250439	101.47470226911383	63.123761760026554	62.69081284366993	64.21307515916507	81.25765782058014	89.08782730226463	160.61571125265394	249.19054193993784	160.87389904913948	127.5	145.81552308719893	232.5027888905534	187.18999757080542	189.27197916155046	155.43863130318317	176.53846153846155	239.58137984827317	255.0	247.31638418586996	247.31638417983052	250.70329670513337	254.36429722489328	253.5089696995855	254.2746666678
0.5854604401677079	27.299839793967834	40.55166805857158	0.0	0.0	49.11190519159476	63.123761760026525	63.12376143522502	63.12376158194908	101.47470254999996	100.43015851795948	89.08782718698555	246.66199686042725	160.6157112526539	177.4213113285	160.61571125265397	165.78437077303732	171.16250868229577	196.11027258586782	186.23161403111493	185.59424979591694	207.60086455331412	221.86046511627907	239.58137981234145	250.3116920495053	247.916666663125	229.5	244.9949698189135	254.501953125	254.27350427341347
48.61918173763499	1.0652007260605387	80.36247085274437	78.46153846153842	44.98977502352162	117.17854150809637	63.12376137445952	63.12376136186302	63.12376143522502	63.123761330774585	100.43015852282926	246.6619972683101	246.6619968876769	246.66199681335175	177.4213113750381	86.79350558056038	86.79350558056038	168.43185900418243	182.49131476538554	182.4913147804471	200.90633124025823	207.78886466543688	207.78886467145554	236.44910387625	240.66921321451855	238.56641738232312	252.05168227835588	251.015625	254.68297658907053	254.483625
154.22628733739924	203.91732785672053	81.31186602888627	117.17854127917988	117.17854122918652	117.1785412470974	117.17854124411568	63.12376060332545	63.12376118167606	63.123761330774556	205.69999992707	246.6619961013275	246.6619968876769	246.66199689676012	246.66199682518615	216.39613105707156	216.39613105707156	154.47274424058435	189.89495666740055	182.4913147155426	182.49131471477764	225.82441475492726	229.83519529968038	229.83519521881044	231.6319898590997	240.66921317559982	252.45	254.5179584120983	254.501953125	254.19177687063294
35.26356965886362	200.69162061428594	78.46153846153848	206.3000198074694	57.89956527410712	117.17854125605282	44.573262390668475	44.57326244305355	117.17854122658358	117.17854138233633	205.69999992707	242.95926214569332	130.08527787244424	130.08527788731965	148.2302489862319	148.23024931212666	148.23024898623112	148.23025043645043	148.23024908255073	159.87360075608782	227.22589494476398	227.22589490947018	227.22589499827632	227.22589496648706	227.22589498266765	234.39393939393938	251.015625	248.36336336336336	253.52906586021504	254.18399973355093
55.508114672860614	89.85526494981661	0.0	71.99616450855797	40.46771023249016	40.46771029247199	57.89956527410712	57.89956531029941	57.8995653746872	57.899565424977226	57.8995655426331	121.95652184999997	191.25	153.0560915547882	154.80410892332202	154.80410892046677	140.59885018672713	148.2302474226601	148.23024841859427	148.23024868262462	227.22589490290855	227.22589487287144	227.2258949587158	227.22589499608816	227.2258949866194	217.21046077210462	247.13341346153845	139.7046238246907	238.68	253.760847894783
20.799388184852234	57.70016904383286	27.774105120405295	27.774105120405295	40.46771018679232	40.46771021236955	40.46771021236955	40.46771021991819	57.89956531029941	57.89956534406261	91.79999999999998	36.6310462787533	80.80183696608975	60.483300680260896	60.4833009750493	153.05609156727417	238.5878989387866	133.6832854845243	138.52434876473404	163.65671641791045	220.4237288322393	227.22589498266763	227.22589490947018	227.2258949389355	227.2258948795947	223.125	152.03252032520325	247.56344213330638	240.13081480405387	0.0
10.073311891598479	0.0	27.77410501338059	27.77410506106449	27.774105017332346	27.774105017332346	40.46771021991819	40.467710263523884	103.96793300603227	157.13203535753348	106.40358842729606	93.72383928884992	117.23700944883868	194.5166990249507	194.51669931973908	147.12613237628827	119.92320564316623	122.9404879457012	163.6567164247271	213.6038957962478	213.6038960625	214.5322897364761	214.53228978008184	227.22589498266763	227.22589498266763	227.58064514758064	243.91304347826087	182.31063284157713	156.321649120114	0.0
10.073311891598479	0.0	27.774105017332374	27.7741050412842	27.774105090529815	27.774105090529844	27.774105127128564	85.82298259084433	68.77725920590521	100.78459501091154	99.87668805839186	109.22091998669015	110.72247864636734	105.47564420529255	105.47564385176372	147.126132328877	105.47564395124093	105.47564389710382	105.47564392318597	100.19589107953323	214.53228978008184	214.5322898064886	214.53228978763048	214.53228981320768	214.53228976750984	229.5	243.91304347826087	152.03252032520325	201.42729657638873	214.15647997621895
0.0	0.0	0.0	27.774105003911842	27.774105001723683	27.77410505523602	27.77410509709145	102.51181979892957	93.2497568936272	93.24975689620976	92.27022052224171	95.00875655308542	105.47564372768596	86.10984957460795	86.10984960800087	75.9396434018226	75.93964342878715	100.19589107667801	134.81057688618674	193.16541756755527	176.1818181818182	203.37208095182	214.53228970752798	206.88761270721014	198.33333333333334	223.125	48.69998019253063	2.832501573967164	224.2785530309086	219.97378409899838
39.252264797433156	0.0	0.0	26.615017192959158	27.77410503351294	47.82869095136445	98.08325497198703	102.51181980360394	93.24975688246312	88.72570550593534	87.43806789526002	93.2497568751204	93.24975688994016	93.24975690479127	85.82298260018285	70.00268441296805	70.00268444251381	148.79149030575675	134.8105769272463	193.16541749080142	203.37208065823611	191.8762386692254	191.87623881832394	191.8762386692254	191.87623939667452	217.8125	117.17854127917988	255.0	11.204161050375689	116.60688921279043
39.25226460687247	39.25226473762433	0.0	47.82869081583456	47.82869090845685	47.828690905367495	47.8286910844333	96.1131949107419	85.91502488308936	90.17154161668532	87.43806789526002	77.04570721689487	93.24975695617238	93.24975688500024	98.97643336572133	98.9764333567845	98.97643336005655	148.79149030598987	98.97643343629431	154.56984147717077	191.8762386692254	191.876238564775	191.876238638137	191.87623862554048	191.876238818324	217.8125	117.17854122918652	245.68554937564704	104.90981224902038	255.0
39.25226467723496	39.25226466749447	39.25226478431094	117.17854150809637	47.82869088700306	47.828690798498	47.82869073244524	98.08325494919288	81.47416781885408	96.1131949107419	96.11319491866476	96.11319486908073	96.11319489923864	96.11319489923864	96.1131949293966	77.04570721689487	98.97643337930191	98.97643336454081	98.97643336454081	154.56984148204052	191.87623841805095	191.876238564775	191.8762385125498	191.87623862554048	191.87623823997347	117.17854124411568	117.1785412470974	171.9668385866166	24.74458757018499	197.56653718442232
109.68656380318882	39.25226460687247	39.252264706433294	76.82382007543274	117.17854127917988	117.17854138233633	7.671745587621558	78.35038717648325	78.53563094371697	78.40314786642548	96.11319477227877	96.11319496588266	96.11319489246992	96.11319496588266	96.11319491866476	96.11319489291054	110.20681453349508	96.11319497105447	98.976433348727	161.10138901405298	191.87623823997345	191.87623852914874	171.38220594365276	164.84388540055681	168.66836947295656	202.56314140140978	153.0	0.0	220.76645507473043	79.65949201125858
81.31186602888627	9.870999779467041	39.25226466749447	76.82382004259759	76.82382003073926	117.17854124411568	117.17854122658358	69.3690153825435	76.44541677706363	232.7076543752211	232.70765427527755	232.70765423053663	96.11319488637923	96.11319488454706	96.1131949424333	96.11319491074192	96.11319492658762	96.11319497105447	96.1131949293966	104.32181991389376	104.32182012508514	147.95000479632105	104.32182017155878	174.36191966141266	183.51582814125817	121.30339404741838	153.0	0.0	230.6184641721956	224.41615954287295
8.629038483830954	101.47470229499999	147.63376525958216	39.25226470771992	76.82382002481006	76.82382004812786	117.17854122918652	117.1785412470974	117.17854125605282	70.809644655	232.70765428077186	232.70765424408924	120.50518986694618	93.20322378616578	96.1131948690807	96.1131949424333	96.11319489923866	96.1131949293966	104.321820054688	104.32182008477156	104.32182008477153	104.32182010646838	133.33408001004548	133.33408006	133.33408006541805	136.9749573213686	121.30339404741838	13.438382191732046	78.0140727158944	9.994319944015558
77.96092223893342	101.47470222504387	101.47470221	101.4747021675	147.63376537327468	76.82382003447543	76.8238200070225	70.60859565582498	70.60859568937605	83.18731787002869	83.18731798111108	83.18731792168924	232.70765440950012	120.50518972654169	108.63553138506788	108.63553141156578	93.20322381548661	104.32182004137789	104.321820054688	104.32182004137795	104.32182003652406	117.09508484533549	133.3340801025	133.33408004696048	136.97495729421115	136.9749572768891	39.3350700344275	221.02571164761056	75.4706982024415	202.49329316034894
4.775156016446374	3.287065818830939	101.4747022250439	101.47470222504387	101.47470254999996	56.28769890201565	140.55982469089258	140.55982478885954	76.8238199935181	217.08561958697604	217.08561959053753	217.08561959053753	83.187317829271	83.18731795918288	69.53851590512926	76.1504157006633	104.32181991389373	104.32181991119708	104.32181997520888	117.09508473183763	117.0950847078899	133.334079975	133.3340800679517	136.97495729721442	208.8341378524864	208.83413790399402	31.319033253838853	36.27393274545631	38.42406006453419	44.49366664703072
97.49254920059803	8.629038483830954	31.87758955661829	101.47470226911383	49.21340862230667	45.57848135606994	53.525551116670954	56.90491339304202	93.72383928884992	89.73222028737896	89.73222039769271	217.08561953289447	217.0856195768306	217.0856195824139	83.1873178231771	117.09508460184557	117.09508477661274	117.09508475370512	117.09508477516832	117.09508479683365	133.33408022999998	136.97495729421115	136.9749573213686	208.8341378524864	208.83413790399402	255.0	0.0	221.5810396566203	0.1401937941436131	143.95543452921504
130.86635295433274	1.1325528192304546	16.39913616197802	42.17991487397961	56.758671672870065	57.35405351652875	57.35405355369468	57.354053550908276	57.354053619667354	89.73222031930837	89.73222028737896	89.73222039769271	89.73222044036848	89.732220476077	89.73222051686321	124.95641356563002	124.95641354115148	124.95641355476417	136.97495739156977	136.97495727444158	136.97495728063237	136.97495729721442	136.9749572768891	136.97495734276015	71.99616450855797	0.0	226.53741988864542	244.19078624604646	202.98181127958523	41.446561380386896
3.447801067716796	2.7771753094619953	30.374465792951497	89.85526494981661	71.99616450855797	73.1949434049001	57.35405350444066	57.35405353466277	57.35405355080374	57.35405355806449	57.35405354354299	57.35405362478767	73.80241363577522	124.95641352349529	124.95641352891221	124.9564135337103	125.45861890751962	125.45861880764235	125.45861880764238	125.45861880764235	125.45861877590414	135.84668159599354	135.84668157979746	135.84668146217044	54.61283193544992	0.0	0.0	133.4800352397279	252.99252068223842	110.61924454525348
9.730291894704095	9.719916442605921	12.275962387498254	18.395906003347847	26.108153393441825	30.374465792951497	30.579891175030866	30.374465792951497	255.0	57.35405352928245	57.35405355080374	57.35405355090825	57.354053545335404	124.95641342163154	124.95641352349531	125.45861877996316	125.45861880880801	125.45861879784007	143.78747022349185	135.84668154758657	135.84668154758657	135.84668158978968	157.14576639789462	255.0	0.0	0.0	0.0	231.90450935942874	197.29572982244775	255.0
1.0736661340777118	10.016789904508414	9.606553594880268	13.976022178919266	5.585064420619034	21.271896435047466	20.425284056351984	64.2375798748107	30.374465792951497	37.841467812178905	45.684891360443885	54.61283193544992	57.354053518521795	57.354053545335404	39.3350700344275	21.631258600814988	21.631258639109745	135.84668154740535	135.84668154758657	156.11470695450856	151.431228370444	96.61289586349537	82.21528757309497	84.12411722970981	75.25205516395567	0.0	0.0	47.58210072902219	9.04009108017621	255.0
