254.5498855520467	254.10452675037038	253.40498494948957	253.83568983414938	236.01609655191308	248.31396896033655	245.7488436657619	244.0953947368421	91.79999999999998	244.8	249.38759454390657	159.375	90.89628097870136	250.46666666666667	252.84443037859936	244.375	233.75	208.1784933796872	233.75	200.35714285714286	231.8181818181818	211.81379372096865	245.17500148698394	245.17500148698394	248.78500496384086	253.0714500804226	253.3297965919593	253.6541739739664	254.77749528180945	254.46446019110348
254.82392263724805	252.490889212828	248.48938045035902	239.88888887	241.30036631593407	245.7488442253518	231.8181818181818	234.26755802042922	233.45473138615458	246.75613808268633	253.54082484575278	54.435594089999995	253.87617311702817	173.86363626485021	86.9318181324251	249.9183415569551	195.66256830601094	171.231795245754	211.4065180102916	237.94619782855708	238.03892831345885	227.802904394319	219.7803417106264	225.82442933991877	233.1255693280868	240.93141559990454	243.7843665886664	243.2908163265306	253.65417397420964	254.99783253576317
254.58872917471746	254.55729166666666	250.7262569830492	124.44	226.21922258834715	234.2675580568687	228.61462651738609	228.61462562168091	220.15020550831431	227.109375	254.5580348990147	40.47605864865318	235.2152022539289	67.83633586060449	230.54610243280231	245.24537307771334	208.6820269638082	216.76566980745596	211.09271524347716	204.91395352183596	220.1650742533069	242.66924564796906	175.74324325511776	248.625	231.50529400826932	238.83897814191783	247.27144176865897	247.50620326733167	254.5030519596548	254.98136829611133
251.09549485182453	253.22916666666666	224.93448351310875	47.68938541157152	217.37533176911927	246.13899613899613	221.354166578125	220.15020545199928	218.80655207012694	91.79999999999998	179.87080487080488	21.708870591890616	106.25	220.29064748201438	21.708870591890616	192.92477688838872	233.98797980776428	240.0943640093098	241.63171744227535	215.0111187324637	214.92378731205974	249.84719095965602	244.74469458328093	249.79591836734693	248.625	247.6572735464192	249.02928719238028	247.27144176923514	254.89379425239483	251.49097542242703
254.98849040650302	253.536268224247	253.72379340196488	74.82403242635175	176.92410735604037	230.76923076923077	214.94139890171982	144.23076923076923	199.94318194996254	210.83869608601356	253.7233422554718	201.9230769230769	106.25000000000006	26.917704791686873	37.72189347	159.375	231.27018738236615	205.02227171492206	205.02227171492206	200.44699013360344	211.0927152305129	211.09271523178808	190.38461537600068	242.30769229672816	173.39999999999998	246.3265306122449	252.7260625547885	247.27144176652757	254.55500825464324	228.888
16.349851992725263	38.67019698410533	51.28516700346523	209.39319788085618	252.63758139110502	254.7021039512391	24.712053314999963	199.9431818454468	187.62437012959788	189.69560199623675	200.97149390844402	191.25	190.4	51.0	204.0	221.0	206.27518137517202	231.27018734532402	231.27018734532402	209.2512137611443	217.21985657543738	255.0	204.62962962962962	247.67736486486487	214.2	214.2	255.0	240.49157942649066	245.05029721079103	249.781220732404
180.56180101845456	156.41427598568322	114.08652694396181	146.042865903507	24.71205331910832	24.712053392938373	189.56134465136623	187.62436993766954	187.28813575511347	188.6208575625	76.05555890942463	180.6832439910496	189.8636520538488	189.8636520538488	223.23554725304405	71.88847789460485	58.40512002269753	164.68000136330528	164.68000137975662	187.60947498319837	225.05228522844075	231.27018738236615	206.6135801242971	206.61358012375135	102.6845637411603	192.31843575150393	235.875	217.27810650887574	237.4683695392695	249.78122073255614
253.0496803619756	9.077935607555332	4.481651446014752	24.71205331499999	24.71205331499999	24.712053337565862	24.71205318218054	174.10085687461526	186.0794035978526	187.2881356233769	164.95577479194338	186.92605442370927	216.74097664543524	189.8636520538488	38.59633790181692	181.38784065791333	202.9483429658414	159.015221193972	136.95793727289424	225.0522852522348	211.4676493749223	156.92307692307693	173.53333501265433	255.0	203.13559320275783	203.135593220339	226.04395604561205	221.47661153445694	237.46836953759546	248.472
163.12561353905073	253.72837045112968	73.82906696554676	98.07692307692307	98.07692307692307	175.01861293290858	174.10085687461526	174.1008566920314	174.1008567185933	24.712053569999966	125.89158170235106	186.9260543372784	170.98087180398167	216.74097664543524	84.69725161877739	216.74097664543524	165.25203423347324	170.83337284469212	152.99999997719212	110.75021661338337	218.57142857142858	146.97406340057637	204.06976744186045	173.5333349552218	189.0706693431536	201.875	229.5	237.29879275653923	236.55381944444446	240.6971153846154
109.4881828266956	164.2073308475363	246.06726662855158	196.15384615384616	166.0982574665381	48.26781203322804	174.10085668183177	174.10085667875052	174.1008566920314	174.10085646741882	125.89158167154395	170.98087098080373	170.98087124519452	170.98087113841285	84.6972516177396	166.7486458003425	166.7486458003425	170.4873472296576	156.1203912408501	156.12039125402015	185.1653739231599	173.57789703169547	173.57789703315092	162.59502888375	165.85953589599802	193.28164030373162	195.29656607700312	210.72916666666669	226.1112416501628	253.565625
233.04792148811234	65.03511801068416	91.34709127272149	48.26781180431158	48.26781189348836	48.26781185407657	48.26781186617356	174.10085571791421	174.10085658544	174.10085646741882	56.100000005609985	170.98087017187606	170.98087124519415	170.9808710589317	170.98087089573457	154.24187123704007	154.24187123704007	213.21673122750383	141.66666666260244	156.12039117080286	156.1203912142747	138.8168538756463	139.39917808277937	139.39917794970987	171.64978982472394	165.85953580240601	205.632	179.68100189035917	218.97230360243057	246.3433652884717
109.4881828266956	238.33769614536567	196.15384615384616	25.13479596428445	134.92552669983712	48.267811884079265	154.81048253966807	154.81048236371782	48.26781189710451	48.267811874670144	56.100000005609985	157.10368928304877	130.08527787244424	130.08527788731965	209.51810986911903	209.51810975114938	209.51810986911786	209.51811131933755	209.5181106136272	159.32587106966355	137.42136116374476	137.4213612043432	137.42136116374476	137.4213612158691	137.42136133075596	164.84848484848484	185.82682291666669	200.12012012012013	199.93279569892474	247.50620326733167
109.50728293252925	0.0	73.70757177570857	0.0	141.94355105075965	141.94355094957692	134.92552639809696	134.92552647917762	134.92552649867702	134.925526548967	134.9255265408837	19.615384634999998	106.25	144.8128750583677	67.29740408320612	67.29740400754042	142.09426528782092	209.51810975114938	209.51811026863626	209.51810973978706	137.42136110606836	137.42136114113686	137.42136118297026	137.42136126435355	137.42136122142114	158.5255292652553	163.46153846153845	5.077890810664826	124.44	4.646151832917894
51.36342707144638	169.76514915475138	117.57863877857883	117.57863877857883	141.94355099001376	141.94355094268892	141.94355094268892	141.94355092744217	134.92552647917762	134.92552649974633	142.79999999999998	161.8871652522563	140.9605332114484	134.05066934031925	134.05066955828588	144.81287507025382	146.86153829649163	197.9985604159814	236.92324666088058	125.59701492537312	125.33898303985924	137.42136083788904	137.4213612043432	137.421361192583	137.42136122142114	148.75	12.439024390243816	146.7657116325159	1.1719593036884817	255.0
91.41100953616265	51.314431259306275	117.57863877857883	117.57863880741704	117.57863891567752	117.57863916211096	141.94355092744217	141.94355084803928	13.336542269487751	76.05555890942463	105.6861749301882	26.921066246994428	116.94833733845618	120.94933044171412	120.94933065968075	171.3612999030675	118.91732669483287	187.32200418761903	125.59701491600023	110.11363615618546	110.11363636363635	113.05644915196075	113.0564490725578	137.42136108432248	137.42136133075593	131.61290322580646	116.41304347826085	29.776198483783702	4.646151832917894	255.0
91.41100953616265	51.314431259496956	117.57863866924407	117.57863881702977	117.57863879565679	117.57863879565681	117.57863885886317	85.36587362637792	113.91063488374635	99.24262723462664	98.33604942029794	120.83974417564701	20.746683338815444	174.88552550085865	174.8855256943558	171.36129985235652	174.88552551190958	174.88552556604682	174.88552557227007	187.70259599245958	113.0564490725578	113.0564490461511	113.05644905731108	113.05644900998627	113.05644894924035	142.79999999999998	116.41304347826085	12.439024390243873	50.806252099826764	74.95451074042751
51.314431046086014	51.31443127885325	51.31443124676326	117.57863873564645	117.57863883625524	117.57863883625524	117.57863889393164	60.26936752339091	54.22434408838245	54.22434410311672	92.27022052224171	91.91029508725103	174.8855254162723	139.1826313084212	139.18263137534456	132.20835533663688	132.20835540180298	187.7025959167939	98.18561324349142	109.81082448692675	111.27272727272728	95.28352993514739	113.05644905042308	96.48472538694736	113.33333333333331	122.1875	229.86520403571555	199.0257651042275	15.190010721993161	151.93183206478295
139.03703095246834	51.31443127223068	51.31443122021224	119.60592595868448	117.5786387841309	84.85992465208011	60.22401822274409	60.26936755840981	54.22434409212505	91.91029508725103	105.8274397143222	54.224344083560396	54.22434409217803	54.22434411984031	85.36587368455702	126.43151785169587	126.4315178484224	148.79149030575675	98.18561332048333	109.81082446472323	95.28352973629433	80.89914353258118	80.89914341455997	80.89914353258118	80.89914428208581	106.25	94.99424144864417	144.07718732383708	174.7507236354902	98.57694873568684
139.03703093928408	139.03703093488934	51.31443125525237	84.85992469635244	84.85992465208011	84.85992467991318	84.85992464703469	73.49042848967537	86.08337490175302	90.88935871319453	105.8274397143222	83.88413443830174	54.22434400250836	54.22434408930545	148.00596338140957	148.00596337683902	148.00596337293865	148.79149030598987	148.0059635311315	129.10841832845608	80.89914328140677	80.89914330796856	80.89914332124948	80.89914331816826	80.89914312538474	106.25	94.99424143016324	183.3856922804947	227.3574150659607	178.4293315236146
139.03703089392366	139.03703092269996	139.03703095147625	48.26781203322804	84.85992465208011	84.859924737966	84.85992484479425	60.224018194983586	81.36316750621927	73.49042848967537	73.49042849573337	73.49042847680445	73.49042846285536	73.49042846285536	73.4904284973073	105.8274397143222	148.00596339155453	148.00596336948132	148.00596338849633	129.10841829764894	80.89914328140677	80.89914330796856	80.89914332124948	80.89914331816823	80.89914312538474	94.99424142021834	94.99424141781807	251.67968595172718	2.960802203365745	160.99988022195748
163.41933966788224	139.03703093928408	139.03703093229205	9.451743079918657	48.26781180431158	48.267811874670144	106.40382859908479	78.31738391903355	78.20333583001224	78.03284097817277	73.49042838000247	73.49042838000247	73.4904284658088	73.49042857360635	73.49042849573337	73.49042851781013	90.88935871319453	73.4904285555825	148.00596335599684	73.16612167296978	80.89914312538474	80.89914341456003	77.61987235623974	70.96960173896332	84.05993466861233	69.12116644818241	51.0	255.0	243.16711353807764	12.89957714873458
210.87192608984435	60.66363235609373	139.03703092269996	9.451743187963388	9.45174314714319	48.26781186617356	48.26781189710451	69.21752258322627	76.01442649462822	119.12235017187567	119.12235008861313	119.12235039698103	73.49042840179919	73.49042845975083	73.49042851390735	73.49042848967537	73.49042850179137	73.4904285555825	73.49042854570828	71.60549619214567	71.60549593447925	85.44767861480454	71.60549604303992	85.85213571030951	71.84731164427541	8.478638147917906	51.0	255.0	38.46845793093678	109.68656380318882
224.41615954287295	24.712053314999963	10.671607044163267	139.03703092609982	9.451743126733106	9.451743167191921	48.26781189348836	48.26781185407657	48.267811884079265	10.003924635000004	119.12235016659335	119.12235022820877	28.20668577063026	104.66964043829921	73.4904284768044	73.49042851390737	73.49042846285539	73.4904284973073	71.60549592045058	71.60549591285908	71.60549591285906	71.60549591285908	56.571431177939985	56.57143116500001	56.571431177939985	57.66802798806202	8.478638147917906	0.7072803339983977	22.166491153204817	55.65755859354414
250.24171802047954	24.712053392938373	24.71205331499999	24.71205331499999	10.671606977968366	9.451743210828596	9.451743183586558	45.51988516622677	45.51988520093775	148.06212083005755	148.06212088240636	148.0621208766071	119.1223502109388	28.206685795175048	64.52671016878028	64.52671020765061	104.66964042275612	71.60549591285906	71.60549592045058	71.60549591285911	71.60549597656546	61.09673317524164	56.5714311225	56.57143114102493	57.66802792607052	57.66802792165012	140.10294706507483	243.66996689098295	229.71717855807447	218.7724078173239
109.54592047457439	163.41933966788224	24.712053337565862	24.71205331910832	24.712053569999966	54.979978398100855	23.729812617633883	23.72981265467598	9.451743069840603	95.49513893250838	95.49513896758762	95.49513896758762	148.06212075751444	148.0621210749685	70.0119460407233	78.35970602199106	71.60549559264072	71.60549578267819	71.60549593447925	61.09673270266947	61.09673280420881	56.57143125000002	56.57143098101841	57.668027933675944	40.61237519461852	40.61237517936547	243.7033180955068	52.461594637235976	230.5809084436295	67.13941543193891
36.037304347744055	250.24171802047954	14.584096951006273	24.71205318218054	49.94008579898244	53.273374844219745	47.79088972297842	55.21945379842458	26.921066246994428	5.297625670208333	5.297625956000928	95.49513896758765	95.49513894507643	95.49513900611606	148.06212083005755	61.09673257267744	61.096732690407464	61.09673272834121	61.09673274600016	61.096732767665515	56.57143125000002	42.96933224442253	42.969332303499726	40.61237519461852	40.61237517936547	165.75165402282317	255.0	3.212154557361174	65.58494413670391	249.60175892043478
149.72651633768498	28.09853361489067	36.85321394152996	66.40792581546009	46.96371222022785	52.56032675072936	52.56032675072933	52.560326760564465	52.56032678023473	5.297625716627294	5.297625948690097	5.297625956000928	5.297626039588977	5.297626074431548	5.29762608503836	42.29678286352478	42.29678287148644	42.29678287596863	42.96933242961529	42.96933224529997	42.96933221488388	42.96933224899985	42.969332256399696	42.969332256399696	40.333365616098604	255.0	0.3044382656609059	211.06959393996615	154.81708255614814	99.06066263226668
37.76086466132986	122.00569913944537	255.0	0.0	0.0	13.45318169495377	52.5603266622133	52.56032673608959	52.56032673608962	52.5603267750254	52.56032676171762	52.56032680032425	220.0159645786694	42.29678284469975	42.29678287546727	42.29678284815745	40.84056769706842	40.84056754868459	40.84056756743763	40.84056757681415	40.84056747948014	40.46771018679232	40.46771021236955	40.46771029247199	185.3239164562707	255.0	255.0	238.959488396557	48.22469428777839	57.48914993072401
10.13021445388668	10.360287035747945	12.402771183424647	19.77675746636217	23.91451685241472	255.0	30.11417216940356	255.0	26.81615525181647	52.560326703807675	52.56032673608962	52.560326760564465	52.56032678023473	42.296782719526306	42.29678284469975	40.840567595933265	40.84056759864791	40.84056755892533	37.138088565628834	40.46771021991822	40.46771019351144	40.467710074049734	52.10880364579657	20.283443501017388	255.0	255.0	255.0	190.52234205312686	25.233347515262864	255.0
1.1006488282869213	10.071687961804031	10.178322593745833	12.425544097846767	162.914551579195	26.397887170449962	189.47542213470405	27.01249382867556	255.0	50.852469013865004	27.01249382867556	185.3239164562707	52.56032673608959	52.56032678023473	140.10294706507483	187.6822606308796	187.68226058310637	40.46771026352391	40.46771021991822	28.43480819243956	26.603669701871922	7.255434908915618	0.7436748669015003	1.6616752399160362	224.90522689180452	255.0	255.0	138.1101616647038	80.48416607578253	0.0
