254.83322772647037	141.66666666666669	254.98099975456455	251.0316910282258	0.0	239.44561298076923	241.74287167062647	253.22916666666666	48.44999999999999	255.0	214.64229905066605	104.73214285714286	127.74102497147945	244.8	249.82271525027616	238.0	232.333333339	244.46025491358182	232.333333339	243.93482142857144	229.242424245	75.57033753395055	203.8510240362692	203.8510240362692	250.96942274403384	232.09207872518436	254.2571857964305	254.98669948821203	254.9870550332268	254.45551621802284
252.00451575945272	254.97916493209615	227.53824595563302	85.0	70.05494505494505	241.74287146381238	229.242424245	188.40565512754094	218.81492073075668	208.74353476650907	112.97031325012696	86.52076126499998	219.68347726884986	234.71590895754778	226.02272714430526	245.11111685380524	138.99590163934425	156.7861139743829	245.30445969125213	252.56694938242862	244.80380201019227	227.84012638612506	175.95277163770834	212.3294027230454	235.21122898582956	240.2041833321822	231.01527335160984	254.5198502869898	254.98669948821572	254.99989887478856
254.59822647209663	253.86666666666667	153.8547486102281	69.10499999999999	231.79632520868742	188.40565523617548	221.02390646013345	221.02390560270806	163.07422630245503	248.359375	117.6997881155581	69.03238054607434	180.58291864003922	99.81958823916838	174.46083946398358	236.87380474466977	245.05154533140256	247.47849242113887	246.04282262576538	179.81193169772465	220.9875483605291	252.78046421663444	201.01351353283874	249.9	231.54053638328665	239.54879193551795	254.6453353514934	254.62070559043448	254.99219216006986	254.9999258578375
255.0	252.98518518493333	229.62439512960856	17.92356949683449	65.44935865484007	200.3950103950104	199.21875	163.0742263911996	166.75280581614516	48.44999999999999	124.73566973566975	70.77244403017275	63.75	237.5562178828366	70.77244403017275	46.79337185482623	227.91079451447732	229.87657167439525	237.7652861978127	214.96005856162265	215.06212086082041	250.93881237370132	253.72219810561398	253.1265306122449	249.9	253.3691999962518	254.7247109873536	254.64533535155394	254.98623573511037	253.97177419354838
82.92156726364664	18.274844602355444	3.894540677866729	254.5118783524931	205.70189452614272	166.15384615384613	189.00880817544754	93.46153846153848	133.2954545000129	202.5919614937897	240.88035840504745	135.0	63.75000000000003	46.539790150934294	61.560874214999984	104.73214285714286	235.6113312960353	140.8463251670379	140.84632516703783	200.17264334133677	246.04282262482366	246.04282262394844	213.46153846341804	233.65384614327357	204.0	252.65816326530611	254.82907267011834	254.6453353514297	254.98939179490924	244.8
0.036376158543788506	5.251273529833384	248.19101683041006	60.430859523280134	117.47770957773835	254.56986749078933	11.668160204999992	133.2954545636312	117.5503946141992	178.31100958189646	223.1892680008211	233.75	215.43636363636364	25.5	255.0	204.0	142.63703914207113	235.6113313250323	235.6113313250323	223.81420587875908	240.10401389335394	248.02338520202815	244.8	242.9391891891892	216.75	216.75	253.82908163265307	251.866181156122	254.592	251.39443312768296
58.61245556181714	197.8713824665447	153.34995039694135	190.01904804098882	11.668160093920989	11.668160130836014	116.81229668948572	117.55039426598398	175.5826271650693	159.375	43.382286616298956	110.20862752266896	121.11839834311357	121.11839834311357	206.9752200040512	61.939501653986895	116.31255678818351	189.24311975230012	189.24311972599355	187.99534273511733	221.40820929910672	235.6113312960353	248.2680185367936	248.2680185361378	254.14429525937177	252.86312849164995	253.3000000017	241.42011834319527	241.60778228694198	251.39443312719334
173.98791698101684	251.08707726168245	232.05982312060146	11.668160077500005	11.668160120000039	11.668160075463504	11.668160135903463	101.8424724691881	174.21494078535915	175.58262705912455	220.1770338946926	44.99443060363686	198.15286624203821	121.11839834311354	60.540959583977894	178.97368878590578	189.15928311094783	130.9624918266739	201.8810717594681	221.40820918825239	244.12700608215198	196.15384615384616	184.55701799358934	243.79561927390313	211.77966099365415	211.77966101694915	254.29945055131356	250.8095764418071	241.6077822859067	249.2625
223.99251649302025	38.67055409012943	73.1075951365087	58.84615384615387	58.84615384615384	161.71963704649707	101.84247304753862	101.8424724654179	101.84247243197976	11.668159949999989	0.0	44.994430524483334	99.41314902913118	198.15286624203821	73.10154887945009	198.15286624203821	222.0949871943729	171.15016815672072	156.23892462505398	140.96053312202145	233.1428571265658	243.97694524495677	246.97674418604652	184.5570179818871	238.5176673357884	223.125	232.05	255.0	253.319091796875	248.87019230769232
35.99435395311167	8.540162120935861	16.0623413735334	117.69230769230771	81.5453138437218	26.08351197377587	101.84247246918812	101.84247248213703	101.8424724654179	101.8424724319797	0.0	99.41314891853315	99.41314953760909	99.41314931315824	73.10154885903853	200.5644319268648	200.5644319268648	170.21640499309672	216.12067544207935	216.12067545716388	234.17933719357745	235.5425121583096	235.54251216028462	191.25	224.75591392173519	246.677371229654	250.75442247658688	246.03515625	254.45218354536604	254.988666666678
26.869721794214144	124.45505502475766	156.4922853919697	26.08351197377587	26.083511995047928	26.083512024797272	26.08351204227617	101.84247189083754	101.8424724691881	101.8424724319797	46.75000009817498	99.41314844819973	99.41314953760909	99.41314970710164	99.41314989591649	112.14608514927505	112.14608514927505	193.44226326639168	203.99999998536873	216.1206754291175	216.1206754001577	202.24721374149715	206.83299078112412	206.8329908123791	236.9001267842119	224.75591393295917	251.328	250.66162570888469	253.319091796875	254.5486232672524
0.0	203.3909430985821	117.69230769230768	10.110397844666863	201.8661993465279	26.083512039671888	141.98236910101693	141.98236922647635	26.083512076526347	26.083512183713026	46.75000009817498	89.55810172295679	124.36949359892509	124.36949365081125	188.55263245297027	188.5526322656421	188.5526324529696	188.5526339031888	188.55263346169676	159.60938481847646	150.0270539905448	150.0270539671183	150.0270539905448	150.02705400523067	150.0270540154473	242.73939393939395	246.03515625	251.7266066066066	254.96123751920123	254.62070559043448
95.9560656355876	28.743041690255836	42.40528844360006	6.562921269940745	109.8225224080592	109.82252248409787	201.86619904478775	201.8661990415468	201.86619904478775	201.86619904478775	201.86619906885218	32.90322578999999	63.75	86.00347445908986	88.83399929351467	88.83399924144237	140.24868178934634	188.55263163581992	188.55263273134653	188.55263226402224	150.02705392757773	150.02705394295378	150.02705397585893	150.02705394295378	150.02705394648714	232.1357409713574	254.48918269230768	210.83957529539123	69.10499999999999	221.49376277210195
116.9511994771315	90.53745299102215	104.97294616053756	104.97294616053756	109.82252235361213	109.82252231011688	109.82252231011688	109.8225222947207	201.8661990415468	201.86619900696724	173.4	140.9605332114484	255.0	173.5340225016325	173.53402268144436	86.0034745823541	82.56783556497788	174.88579092739093	224.5362974237587	205.52238805970148	190.16949151992964	150.0270540154473	150.02705396711826	150.027053968516	150.02705383946244	207.1875	42.845528455284494	193.273230283359	238.61514576914144	0.0
81.36876234820323	28.240369389527643	104.97294605351286	104.97294603148401	104.97294598455275	104.9729459845527	109.8225222947207	109.82252222312638	23.18818740969425	43.382286616298956	106.57864628913802	13.085759023430995	116.37153004353095	81.46597731855564	81.46597749836747	145.70408426364088	118.08761756753742	163.42418089542406	205.522388044364	182.55681807809273	182.5568181818182	145.17747777687362	145.1774777052793	150.02705401544728	150.02705401544728	222.09677419354838	221.73913043478262	235.9342749004116	21.869995201001245	0.0
81.36876234820323	28.24036935081861	104.97294598455272	104.97294602414107	104.97294603288174	104.97294603288174	104.97294605704619	155.06592306041534	144.71115653267736	98.79994667223232	99.6157996767952	105.17275494368579	33.955459325848636	147.93498135277642	147.9349814224091	145.70408416569643	147.93498136739686	147.93498142153396	147.93498106860426	166.16600075855763	145.1774777052793	145.1774777052793	145.17747768988312	145.17747764638784	145.17747759194083	224.4	221.73913043478262	42.84552845528458	153.21763052366597	1.3561909983369844
28.24036914114933	28.24036940028509	28.24036947036771	104.97294605704619	104.97294600945523	104.97294600945523	104.97294607242227	112.88745038675629	110.4399894717111	110.43998947152522	92.4429093231598	208.72097867393583	147.93498126303035	193.08288090658434	193.08288095944542	207.0509362510721	207.05093630584292	166.16600070648533	181.8376262321163	238.50692442983578	199.36363636363635	168.34069969128467	145.1774775159021	172.12576649939905	215.33333333333334	207.1875	244.88960215533314	205.7938675941552	163.463389192978	0.39268032547502685
64.64853741862933	28.24036923126951	28.240369368012608	50.65940492819834	104.9729459947693	113.58358117148879	111.16189046280857	112.88745033691956	110.43998946173352	87.8937565638891	77.04570721689487	110.43998942165112	110.43998947972887	110.43998948168874	155.06592309781223	199.59204304365662	199.59204307942522	208.00198573972017	181.83762615863498	238.5069244170706	168.34069960330325	153.1575275680203	153.15752753081188	153.15752756802027	153.15752810916246	249.6875	145.77907817165195	7.999415553811076	158.84495609660365	116.60688921279043
64.64853778186273	64.64853780580447	28.24036939066832	113.58358112940113	113.58358108567359	113.58358110739746	113.58358106339014	138.18695598416485	85.59673253371506	93.91133475155155	77.04570721689487	110.20681453349508	110.43998950270313	110.43998946036959	186.85937013491298	186.8593701550917	186.85937015340744	208.00198577369497	186.85937019039642	255.0	153.1575275680203	153.1575275345821	153.157527517863	153.15752753081188	153.1575275308119	249.6875	145.77907808376273	31.365338595034274	15.186436828241739	221.29466968959895
64.64853783384575	64.64853775452465	64.64853780176057	26.08351197377587	113.58358104276599	113.58358098542956	113.58358093136809	111.16189046599743	81.22155360664647	138.18695598416485	138.1869559745357	138.1869559774993	138.18695595127033	138.18695595127033	138.18695597344237	110.20681453349508	186.85937011028685	186.85937015847918	186.85937015847918	255.0	153.15752756802027	153.1575275345821	153.15752751786303	153.15752753081188	153.15752695246138	145.77907805172396	145.77907803167864	21.17953801141593	10.710751367410722	200.46321584825844
41.412324077903634	64.64853778186273	64.64853777026994	16.313310237502463	26.08351197377587	26.083512183713026	109.5644364013875	78.91576637888616	77.36687201494064	78.63779426355526	138.1869559774993	138.18695597749928	138.18695597629758	138.1869559774993	138.1869559745357	138.18695606618735	86.17444576780304	138.18695601305242	186.85937010282908	126.42403155158667	153.15752753081188	153.1575275308119	163.40129598113387	144.5817610598382	190.23297040861996	154.4411469574843	25.5	0.0	12.181769082330987	43.74689565285263
156.4922853919697	166.88213328978782	64.64853775452465	16.313310090737303	16.313310127580507	26.08351204227617	26.083512076526347	69.29581530643512	76.1913642004281	59.495038565087214	59.49503875250667	59.49503873214161	138.18695594564815	138.18695596490647	138.18695594564815	138.18695598416485	138.18695596490653	138.18695601305242	138.18695602184334	153.43830141687775	153.4383012073086	174.2886395401884	153.4383011421617	166.66540881011696	240.6725144689698	30.04076212771622	25.5	0.0	246.91941925459057	41.412324077903634
3.287065818830939	11.668160204999992	4.175853758370124	64.64853785368791	16.313310146002067	16.313310141071725	26.083511995047928	26.083512024797272	26.083512039671888	17.01958612499999	59.49503852220772	59.49503847263259	23.747489180430506	162.0642264183867	138.18695597749928	138.18695594564812	138.18695595127036	138.18695597344237	153.43830117724752	153.4383011855553	153.4383011855553	153.4383012072521	158.04613340298386	158.046133375	158.04613334761132	110.26655280642512	30.04076212771622	2.6473905548232324	187.5166153344995	239.99100798115296
8.629038483830954	11.668160130836014	11.668160120000039	11.668160077500005	4.175853610038445	16.31331009285637	16.31331008318304	9.010619913067274	9.010619919841787	121.29361690208412	121.29361691745407	121.29361691920448	59.49503860411559	23.747489059914955	128.06494519066163	128.06494524932234	162.0642264150759	153.43830114216166	153.43830117724752	153.43830120725212	153.43830129749193	144.85801906230057	158.04613341750002	158.04613336606883	110.266552784563	110.26655276032798	193.81768016709603	146.05160554716824	168.61490055846141	82.82830037130978
69.22219882994824	55.57213740917237	11.668160075463504	11.668160093920989	11.668159949999989	56.892773238218865	19.388668703964697	19.388668674967704	16.31331022010812	46.14477674294753	46.14477668833297	46.144776861262045	121.2936170925311	121.29361714021519	68.52753219625134	75.0900340921535	153.4383008173728	153.43830114216166	153.4383012073086	144.85801879422536	144.85801889226695	158.04613329	158.04613325013224	110.2665527632958	135.66297745400024	135.6629774639744	116.32252764054141	151.505851862359	2.2792000389490283	249.8255616633934
91.28680220255285	3.287065818830939	33.32371046618363	11.668160135903463	47.82565704074602	57.85035053929602	53.31744415404361	55.70980654148991	13.085759023430995	19.317244490519244	19.317244314726736	46.14477680361907	46.14477687503117	46.144776718031636	121.29361685523256	144.85801853424124	144.858018677966	144.85801874939966	144.85801875089464	144.8580187292293	158.04613329	110.266552784563	110.26655280642512	135.66297745400024	135.6629774639744	255.0	0.0	250.40112464303886	4.005386940206279	81.61903860406508
8.776103719194651	62.37916083179809	1.0177287133659263	40.612258251571006	7.641790887951288	25.930799717932075	25.930799717932047	25.9307997042836	25.930799751318688	19.317244243259864	19.317244212037366	19.317244435669835	19.31724439065991	19.317244426507926	19.31724447997118	85.64464505631429	85.64464502443593	85.64464502438057	110.26655274083873	110.2665527647797	110.26655277363196	110.2665527632958	110.26655276032798	110.26655282619905	110.95474892207613	0.0	1.5797818167026492	15.5639372242822	76.34809804925578	93.56124629423604
14.23965474399185	1.9814390248528753	50.852469013865004	28.743041690255836	6.562921269940745	23.56084784098374	25.93079961777235	25.930799705414415	25.930799705414444	25.93079970869715	25.930799702131736	25.930799742985812	197.42958323388933	85.64464502438054	85.64464500849681	85.64464501053595	115.20137094405618	115.20137081853574	115.20137083728875	115.2013708466653	115.20137080201926	222.8789713635984	222.87897136742797	222.87897153452096	220.97746225803277	0.0	0.0	95.79447250854005	67.1537545944694	255.0
10.178322593745833	13.308115561303538	12.341737225293258	31.180783135928834	26.272983563103423	64.2375798748107	29.691285283134675	64.2375798748107	96.27562641868838	25.930799748457076	25.930799705414444	25.930799729060908	25.930799751318688	85.64464491231581	85.6446449618428	115.2013708493786	115.20137083752849	115.2013708256921	96.36750739472873	222.8789713672785	222.87897134087177	222.87897135729955	13.10051519620339	140.59270130226656	0.0	0.0	0.0	229.95902885615607	0.4383396249913005	255.0
1.1447630892939742	10.012044006870383	10.235851657657463	12.203301727616406	116.73307438866556	17.450488300933273	152.09645264176598	32.57536585338528	50.852469013865004	42.768578068619036	64.2375798748107	220.97746225803277	25.930799705414415	25.930799751318688	193.81768016709603	223.12541808879757	223.12541807178297	222.8789713750871	222.8789713672785	36.52495109442026	34.247830559655085	16.830239016551758	26.929385614186117	254.47072648781975	191.9817856261043	0.0	0.0	0.3759074620945171	65.55370040717096	0.0
