241.9563118545799	254.78575928814814	254.91375865869733	254.45040999123944	233.11608783582656	251.0633269080529	252.06443655509037	253.22916666666666	232.05	255.0	248.56811869319	182.14285714285717	245.17795302126166	141.66666666666669	207.77328705563406	238.0	181.333333339	237.4187450669641	181.333333339	245.57410714285714	200.90909091681817	197.57686042714738	254.98988850924903	254.98988850924903	237.1955006608025	254.99993600850894	247.74950560476117	254.9093199746105	254.90250198037145	254.43482548976857
254.5983245070689	254.987120851944	245.06780348769473	247.60869563	230.47061635439562	252.0644373711451	200.90909091681817	219.38945423417795	239.68066941484037	245.75167693616228	234.06684670871113	239.721377415	255.0	252.1022725840328	223.12499972833808	196.4222811451303	215.28688524590166	225.45826681478258	237.54073756432246	227.42639822724732	215.53292692206654	227.78568188784527	210.04830491607515	244.48767742596291	234.84913097226445	241.04265188063405	252.38417706195162	254.65157860331632	254.90931997464656	254.9276365014408
250.68433312827244	253.86666666666667	251.965023072937	248.115	228.2809592022531	219.389454357548	243.49486791849614	243.49486746213327	199.75822049564658	248.359375	187.08972439621635	236.8538215907706	233.30928814184796	229.73147029625784	228.48298376823544	172.8263475104445	237.993003770158	232.51382630069645	237.48500984851557	232.8531787459541	219.69951819654898	237.9835589941973	137.83783786438093	233.1428571465	233.15537375449398	239.2477936106015	253.72140259812818	253.78602786890707	254.85254084534083	254.92297698560205
255.0	233.718518516	228.73161711203332	131.85913286382274	116.68587073801794	253.56103356103355	230.978260765625	199.7582205750073	199.77622978743562	232.05	89.21591921591923	65.48314432188906	127.5	212.73237410071943	65.48314432188906	211.58591697124646	116.9242905995892	162.79287325363515	167.1533732013118	214.71183972240473	215.1533843686925	223.62587307328087	238.285277115785	238.24285714285713	233.1428571465	250.2042516588264	252.86705977415104	253.72140259825332	253.8988163265306	247.6615747857143
33.45021006283821	98.1478257603778	152.60655193910736	0.0	125.5591219465208	249.23076923076923	226.3413812763631	64.61538461538461	173.86363659993285	230.21365297200038	174.63007419628752	214.6153846153846	127.50000000000001	208.77977935270104	215.954631285	182.14285714285717	189.16935267464453	253.48552338530067	253.48552338530067	198.1409316526053	237.48500984463	237.48500984428136	109.61538462196313	251.62721891553724	204.0	235.05102040816325	252.84438006793775	253.72140259780537	253.85272422450709	244.8
150.95389778140253	235.14640856734178	253.1267775348897	179.67053207400005	225.37502020073373	253.79799305532725	133.33408022999998	173.86363637575408	158.98832699029512	217.5784948046769	206.92389445394195	233.75	180.8181818181818	178.5	255.0	85.0	203.39488179148628	189.16935268755032	189.16935268755032	172.82534978526874	225.61645132267265	198.8948196801022	246.3111111111111	251.06177605439188	243.230769219	243.230769219	243.03061224489795	138.93263541192533	254.7039341563786	238.867876053232
180.56180101845456	85.44464778845827	248.31786611894455	49.88487613708273	133.33408004696048	133.33408012079056	160.14958256823707	158.98832638375183	216.10169497239298	203.63102806875003	93.93366886594421	176.9912120863215	186.43079047290297	186.430790472903	129.95416113374296	117.32347983018443	81.36910360525496	77.59055853992155	77.59055851537332	188.4851752117359	171.23071134626161	189.16935267464453	223.75257015221217	223.75257015162114	237.03020134529694	174.51117317835877	215.8999999983	104.11242603550295	216.0408211983767	238.86787605362798
138.35141076135648	22.99559078569257	145.77313352324052	133.334079975	133.33408006000002	133.33408006541805	133.33408006795173	143.30628694103422	215.3578683504512	216.10169477716892	220.1770338946926	198.9627858242337	117.3036093418259	186.43079047290297	187.44670700474404	117.94161830227503	189.15928311094783	199.60043799239415	205.97344926084503	171.23071128117942	196.96413531954892	58.84615384615387	134.62622172740447	164.89558354244275	168.55932201324043	168.5593220338983	238.6897717708146	221.47661153445694	216.04082118978667	254.4568047324
2.23023388661872	180.56180101845456	6.168362381251939	39.230769230769226	39.2307692307692	208.52935396914955	143.30628694103422	143.30628672763197	143.30628684802946	133.33408022999998	119.30365560405662	198.96278574991982	167.0506548263	117.3036093418259	153.5156260458325	117.30360934182593	189.32719305438152	171.51194638654624	200.2172121710949	140.96053312202145	189.63126565754993	147.34149855907782	232.32558139534885	134.6262217487254	189.0706693431536	184.166666663125	244.0714285605	239.68094279818914	252.69422743055554	231.38888888798078
11.513929838901703	61.89485615781521	253.192793612387	235.3846153846154	128.0643186624472	61.54312464535451	143.30628674825076	143.30628679302043	143.30628672763197	143.30628659685502	119.30365561114556	167.05065477356496	167.05065428035726	167.05065409968878	153.5156261120733	129.21455623790678	129.21455623790678	169.78234853666214	196.59814983522824	196.59814983619344	155.14760894291362	195.13080664095253	195.1308066425887	142.23424291125	197.21142938096608	210.20002677734635	228.46514047866805	243.93229166666666	246.44036789634453	249.00466666644
240.5690064936907	252.82553265825516	210.87192608984435	61.54312464535451	61.54312466606723	61.543124691208334	61.54312470324399	143.30628578433323	143.30628665185898	143.306286596855	129.46153860394617	167.0506527768011	167.0506538636709	167.0506540983763	167.05065422451793	188.1703577126171	188.1703577126171	110.98079087659346	207.92913145588744	196.59814978006102	196.59814980627712	169.84334075484455	172.91657590925462	172.91657605098527	14.810012575365334	197.2114293526115	214.2	206.79584120982986	236.55381944444446	253.7623343581687
61.73914261382345	77.93592143085922	235.3846153846154	121.4817289241389	201.8661993465279	61.54312470377886	190.3276551037955	190.32765511513654	61.543124732188744	61.543124840907666	129.46153860394617	153.2123231083096	84.11956002477791	84.11956002945257	104.70190252701329	104.70190355588099	104.7019034938258	104.70190542745098	104.70190419682498	160.39063431963473	98.0657308547874	98.0657308466526	98.0657308547874	98.06573091241765	98.06573096038755	203.07272727272726	210.72916666666669	230.40972972972972	230.19405241935485	253.78602786890707
2.5019853632343825	4.496901491118507	27.73548727941244	110.95474892207613	161.36220222206373	161.36220232563795	201.86619904478775	201.8661990415468	201.86619904478775	201.86619904478775	201.86619906885218	155.21739126	127.5	239.35790774510676	45.01360702646133	45.01360702740942	144.61185346301983	104.70190166641444	104.70190318466109	104.70190282473993	98.06573081362876	98.06573078978519	98.06573086850699	98.06573091300189	98.0657308959461	177.83312577833124	201.36418269230768	103.75655785248088	248.115	141.6251640884476
83.48044242795805	222.0369719422112	156.93426910405395	156.93426910405395	161.36220217671809	161.36220212707815	161.36220212707815	161.36220213232363	201.8661990415468	201.86619900696724	132.59999999999997	46.793371970183046	255.0	96.70144314561372	96.70144342926659	239.35790773869115	143.0700617655599	92.35847169237283	105.03747871748081	148.4328358208955	125.33898303985924	98.06573071395408	98.06573084665263	98.0657308218544	98.06573089594605	201.875	39.39024390243901	251.57564369536243	26.140790882754175	0.0
211.01947941788546	18.110407652639083	156.9342691040539	156.9342691781456	156.93426928604595	156.93426928604595	161.36220209271352	161.36220202779816	139.42192576610353	93.93366886594421	106.78638903364711	115.33074784287777	114.75345682420334	158.2985565707334	158.29855685438628	220.28758062794057	117.93409743895651	83.97604493812037	148.43283580981844	143.5489508559381	143.54895108238634	93.63779797220187	93.63779786767637	98.06573071395405	98.06573071395405	172.74193548387098	144.1304347826087	243.83815140947448	141.6251640884476	0.0
211.01947941788546	18.11040765795508	156.93426903961245	156.934269131493	156.93426915334734	156.9342691533474	156.93426921021484	108.75108319430956	104.34263795847093	99.41658129722435	99.33185490813759	120.83974417564701	136.73344239062382	68.4755265372996	68.47552661306241	220.2875805182487	68.47552651691186	68.4755265710491	68.47552644172558	209.98639297259055	93.63779790728648	93.63779788087973	93.63779787292188	93.63779782328189	93.63779777793627	153.0	144.1304347826087	39.39024390243904	12.773044689726078	73.92831687342073
18.110407485961844	18.11040761096976	18.110407716739473	156.93426908699809	156.9342691452126	156.9342691452126	156.93426918637124	94.92091392743066	116.0841213908862	116.08412138979133	93.06143259410607	93.48324827553756	68.47552666988454	104.89494541602335	104.89494547839158	118.15098283128543	118.15098281911341	209.9863929735387	119.60258495730454	137.16002844186656	129.8181818181818	127.70746362922046	93.63779767436202	130.35820914841605	153.0	148.75	133.51827107586112	186.4210762285769	3.762175973945972	209.213131808259
203.68556895391401	18.110407472613787	18.110407735977645	85.62261197206772	156.93426908758232	76.55234734205035	91.30126673869762	94.92091393833877	116.08412138129816	98.90897908646699	83.88413443830174	116.08412141240652	116.08412139032922	116.08412140047423	108.75108325114473	107.59185748375788	107.5918575210923	118.1875235097416	119.60258497635729	137.1600284605978	127.7074636409457	111.69371340314498	111.69371334814102	111.69371340314498	111.6937142156668	143.4375	26.08351197377587	213.92391898672963	200.5426972288097	116.60688921279043
203.6855687211468	203.68556874069378	18.110407677549915	76.55234724888328	76.55234734205035	76.55234733285175	76.55234750078873	111.29039424789534	85.99765258783694	46.642492133662245	83.88413443830174	100.04719903843704	116.08412141240652	116.0841213976883	103.53437904294461	103.53437901788854	103.53437902242442	118.18752349448243	103.5343791565187	135.69634438885447	111.69371340314498	111.69371327236803	111.6937132069796	111.69371325174924	111.69371305896576	143.4375	26.083511995047928	232.47101327970765	53.69482361718471	237.2394010006285
203.68556872776935	203.68556874050307	203.6855687532368	61.54312464535451	76.55234727768894	76.55234730340709	76.55234741180936	91.30126668920866	81.28782716561787	111.2903942478953	111.290394236049	111.29039420618375	111.29039423346094	111.29039423346094	111.29039426073814	83.88413443830174	103.53437901550578	103.53437903809495	103.53437903809495	135.69634439594338	111.69371315197057	111.69371327236806	111.6937132069796	111.69371325174927	111.69371305896576	26.08351204227617	26.083512024797272	247.8667373120401	1.069750928875635	253.68544165127017
254.68394187614024	203.6855687211468	203.68556870256197	110.79439834976196	61.54312464535451	61.543124840907666	110.97465585059572	80.92155186688316	72.01458810506944	77.93570295861446	111.29039410938182	111.2903941093818	111.29039423337659	111.2903943029857	111.290394236049	111.29039421849055	46.642492133662245	111.29039428343432	103.53437898138404	73.16612167296978	111.69371305896573	111.69371334814102	110.16973232860451	90.39820778799455	119.99695416313926	103.33945647102027	178.5	0.0	88.32166188599598	199.87116734274798
180.58643794340912	166.88213328978782	203.68556874050307	110.79439827162176	110.79439821515851	61.54312470324399	61.543124732188744	69.98617696880677	74.44213185584093	115.1856140512686	115.18561432982125	115.18561429039346	111.29039420050998	111.29039422420266	111.29039420050998	111.29039424789534	111.29039422420266	111.29039428343432	111.29039426073814	90.23448443665089	90.23448448968614	101.99999997719206	90.23448430763722	93.72383932282531	102.56323177160544	27.526164771223307	178.5	0.0	129.36161545269434	135.17638416095025
11.534791858763072	133.33408022999998	64.07431417817489	203.68556877978776	110.79439818692691	110.79439821975058	61.54312466606723	61.543124691208334	61.54312470377886	95.48647328999999	115.18561404350393	115.18561398515021	51.87621599304637	105.85465499849926	111.29039420618372	111.29039420050998	111.29039423346094	111.29039426073814	90.23448437209021	90.23448439442438	90.23448439442436	90.23448443781803	85.99675297645993	85.99675292499998	85.99675292108739	103.32634699406913	27.526164771223307	86.76030705347222	117.1080121737916	254.57584703806086
224.41615954287295	133.33408012079056	133.33408006000002	133.334079975	64.07431414934302	110.79439815474484	110.79439810223204	38.21683704114426	38.2168370752197	52.63153310731141	52.63153318226449	52.6315332393402	115.18561402913241	51.8762159078195	134.4442757625397	134.44427573914675	105.8546550139888	90.23448430763713	90.23448437209024	90.23448437272762	90.23448424296899	74.7927618663804	85.99675296749999	85.9967529395449	103.32634702414089	103.32634699198945	112.45529623877391	11.800188997182147	105.71925208685562	0.013264185241979476
246.03634778691213	254.68394187614024	133.33408006541805	133.33408004696048	133.33408022999998	56.3535666646024	65.8306473253555	65.83064731244968	110.79439795972777	92.08876066703164	92.08876060612053	92.08876060612053	52.63153308152451	52.631533194807844	69.76438890806992	72.07060560096076	90.23448443665083	90.23448430763713	90.23448433980991	74.79276159751731	74.79276177858901	85.99675284	85.99675279231764	103.32634701810946	55.474463235678826	55.47446324431115	120.6011980916908	252.86741114839967	104.27731178007568	158.2600340292446
59.171333760818015	224.41615954287295	2.2649750499325023	133.33408006795173	50.30205611815941	52.08384176433094	54.42091672256328	55.49863864322222	115.33074784287777	17.639781308804686	17.639781564424055	92.08876060612053	92.08876053073308	92.08876066737639	52.63153301360822	74.79276146752528	74.79276152316692	74.79276160830761	74.79276159751734	74.79276159751731	85.99675284	57.66802792607052	57.66802798806202	55.474463235678826	55.47446324431115	255.0	0.0	230.4445377843486	1.0627182729062383	236.8268558324528
0.46202640091075864	0.07461418474858306	7.973167076832141	98.38877673285481	129.19444777909052	163.5383763799415	163.5383763799415	163.53837639677363	163.53837635610597	17.639781653419135	17.63978158728645	17.639781685367126	17.639781673692397	17.63978167700091	17.639781716895385	42.29678286352478	42.29678287148644	42.29678287596863	57.66802795376117	57.668027939688955	57.668027895074744	57.668027933675944	57.66802792165012	57.66802785577906	23.03024490733773	0.0	14.2219489902252	12.704527671893743	111.01829250613682	52.274450005759604
0.26786171508959455	5.105660416775805	0.0	4.496901491118507	110.95474892207613	13.45318169495377	163.53837645144807	163.53837638743852	163.53837638743852	163.53837637585985	163.53837639901718	163.5383764067363	41.929391046716916	42.29678284469975	42.29678287546727	42.29678284815745	63.65167245670071	63.651672456514575	63.65167247526762	63.65167248464411	63.65167239183015	61.51676927808592	61.516769240349845	61.51676920888295	31.451129933216095	0.0	0.0	143.92945223726736	231.4754058468853	6.602773631655566
10.13594947492291	9.935190509130138	13.14375658802274	0.0	27.110361090720488	32.57536585338528	27.74429396716829	32.57536585338528	143.7916034413019	163.53837638743852	163.53837638743852	163.53837639677363	163.5383764304379	42.296782719526306	42.29678284469975	63.65167249873059	63.651672505203805	63.651672467412595	58.52531676931815	61.51676927456501	61.51676924815828	61.51676913523579	13.10051519620339	82.91372115739233	0.0	0.0	0.0	244.977556357382	7.843817616038507	255.0
1.0870034116047975	10.119884929357369	9.767619219439695	11.5715926009498	0.9953964115382519	17.94405229439721	6.490047152596816	32.57536585338528	0.0	40.76568839783258	32.57536585338528	31.451129933216095	163.53837638743852	163.5383764304379	112.45529623877391	72.80300223105206	72.80300237630277	61.51676916487767	61.51676923495492	12.458803294516116	11.606536401625362	4.275768691251585	2.3111075886158403	0.9756829071258437	69.25617754596345	0.0	0.0	14.786486816156241	149.20704081724222	0.0
