254.8391672284287	254.99318951037037	254.98833103982508	254.92971928703437	252.95961816679673	254.1654532451923	254.29487836279407	253.22916666666666	252.45	250.46666666666667	213.5876536409711	250.44642857142858	253.92068567978882	91.79999999999998	254.65334982989287	204.0	34.0	246.0709387755345	34.0	249.12589285714284	208.63636363636363	252.5356479822205	180.46820167467433	180.46820167467433	253.75228345752657	214.70580100942823	254.7851528648734	254.8005113161842	254.74274553523148	254.3598066174364
254.84771359426807	254.99688293951007	248.95863482930227	253.68217054	242.7485305576923	254.2948799448974	208.63636363636363	242.11955012030717	249.98204549256866	207.65132015788572	211.4944926174926	253.319091765	255.0	252.1022725840328	223.12499972833808	253.73208502614344	254.18715846994536	251.5630038185881	245.7418524871355	239.87561801099676	250.73591760014955	226.99353497291366	221.29471551829397	153.94966001237432	234.7436965593105	240.9936023780264	187.54078130445978	254.86468574617348	254.8005113162482	254.6213941117562
254.15744142026216	244.8	254.03923607258275	254.745	228.2809592022531	242.11955011830366	251.2068215978915	251.20682058825454	232.1316190677344	248.359375	216.73340399025088	253.002431426676	179.2873630097073	249.24136736255113	173.1717952648197	252.54130380953887	200.763900357462	212.1430766079476	232.0422409221847	125.98204739784924	219.60068428079788	196.6755319148936	223.98648648439098	114.75	231.6622678268916	239.2791036563981	252.83633448142305	254.65367866242568	254.6572075908742	252.14824233358055
255.0	63.46666666666667	228.73161711203332	193.4798789546534	144.08184773079066	253.56103356103355	247.09302321875	232.13161913881387	230.52091509702223	252.45	89.21591921591923	2.4590475204115023	233.75	212.73237410071943	2.4590475204115023	236.66842859920266	13.474903532632169	250.4092588089781	101.33673010821968	214.50943560203967	212.78952443106613	200.82365658744507	198.30360756383388	225.90918367346939	114.75	247.0901493309749	247.53620274800875	252.83633448161007	251.68127217825906	206.9556807142857
254.91759984187618	149.85433705167827	253.24485309017086	215.8970257057761	252.9952689377681	249.23076923076923	245.54377806959926	64.61538461538461	216.99260059994967	244.35219007581568	4.542734589445672	214.6153846153846	233.75	244.34841818699192	246.03515625	250.44642857142858	55.946454789145406	117.18262806236083	117.1826280623608	133.6632197295294	232.0422409164269	232.0422409164131	109.61538462196313	251.62721891553724	238.000000017	210.24489795918367	250.8459437878383	252.8363344808521	242.24836274611457	253.8666666678
114.66661170276802	157.85649045882712	231.8964467564852	229.08664054953007	153.20457437116846	91.02020340781914	255.0	216.9926004865217	207.3670922467228	238.7430444044775	229.70321390780023	233.75	180.8181818181818	229.5	221.0	51.00000000000003	141.38184267328495	55.9464546651775	55.9464546651775	239.72260848725736	215.55503380068515	209.10215291902688	249.5851851851852	232.60135135135135	251.076923073	251.076923073	249.40561224489795	138.93263541192533	254.8850187471422	198.65183195953927
252.66774463321696	242.33514482841463	4.709668686778514	101.58910129873908	255.0	255.0	209.37412360314227	207.36709175569007	238.07813831463721	234.55688205	214.46176166652586	109.00574775867241	119.88608905764585	119.88608905764585	243.43125595492637	6.003323982101961	90.55843676738962	190.1123401470541	190.11234014768084	186.00484855005533	125.0926839872557	55.946454789145406	145.04663782883682	145.0466378230651	219.91610730286644	103.28212293919995	35.70000000000002	104.11242603550295	163.01305004631178	198.65183195449129
62.07982513819269	254.99025527198438	58.56455933164591	255.0	255.0	255.0	255.0	196.48747730943768	237.74265819791088	238.07813835192266	220.1770338946926	229.68805643172482	240.74309978768576	119.88608905764585	223.93504826746639	17.60791927376394	140.96053311301793	83.0406510248259	216.29732151724832	125.09268397897122	140.11519234320718	58.84615384615387	81.35206532395105	181.28846924833988	110.93220332946856	110.93220336101695	222.88250211174272	99.79912746192164	163.01305004726788	254.939644968
2.4453002090775158	133.32983789455545	10.197042403277436	39.230769230769226	39.2307692307692	234.65742358985568	196.48747673108716	196.4874770633368	196.4874771662732	255.0	212.93343549507296	229.68805639742413	98.25099089966247	240.74309978768576	234.55498084000098	240.74309978768582	159.16088586003332	170.818805079076	223.3711426855249	189.1592831213825	168.87126981761386	51.80835734870317	211.3953488372093	81.3520653163445	71.8629704159626	113.33333336875	242.25	146.22736418511067	192.744140625	171.45299147115384
254.89468185187738	231.55480231940425	13.924775149435163	235.3846153846154	194.1164083623989	186.08927052513167	196.4874771166542	196.48747713745584	196.48747706333683	196.48747691509874	212.93343546697184	98.250990851969	98.25099057856576	98.25099088851366	234.55498075665005	215.3171481501319	215.3171481501319	165.6127425032186	186.5845096694925	186.58450967130597	18.52272838024936	111.31393593828611	111.31393594991039	77.39639531625002	134.6307075583208	84.40464395692678	110.53243148022892	155.390625	146.26096997415328	66.40199999999999
217.0942606420228	0.647347198556929	146.07367357634683	186.0892707540482	186.08927066430186	186.08927064011823	186.08927062205782	196.48747673108716	196.48747702026242	196.48747691509874	237.34615382673462	98.25099038713378	98.25099057856576	98.25099074932422	98.25099111099223	88.6675052207847	88.6675052207847	239.2526899992675	217.84118169235785	186.58450963356995	186.58450964802026	110.8804675482263	109.32281744298191	109.32281738243469	55.89979483721794	134.63070738676313	75.072	62.18336483931947	107.43055555555557	254.6739143646034
218.24221031826556	15.962114713623691	235.3846153846154	241.68499149731198	201.8661993465279	186.0892706280264	223.22658994501063	223.22658956753588	186.08927055606267	186.08927069116817	237.34615382673462	88.49931844687742	92.48219957004497	92.48219960759644	237.6653577008505	237.6653582873469	237.66535818425587	237.6653606012882	237.66535926569222	159.72572641107172	53.76009977040471	53.76009971714211	53.7600997168924	53.76009978072102	53.76009973446011	67.07272727272729	77.91666666666669	92.89861861861863	92.81165994623655	254.65367866242568
148.58058413129385	194.2674012294443	27.73548727941244	204.3177098185135	210.93075137526648	210.93075118571178	201.86619904478775	201.8661990415468	201.86619904478775	201.86619904478775	201.86619906885218	207.1875	233.75	68.83049138020002	119.0044434755807	119.004443464416	141.00541329154726	237.66535828734746	237.66535761471062	237.66535837666726	53.760099694329	53.7600997084831	53.76009972441352	53.76009983169982	53.76009973945571	60.97135740971356	66.50841346153845	152.35100957599263	254.745	213.9987611549603
11.163415227394779	222.0369719422112	201.23990026054426	201.23990026054426	210.93075129267967	210.93075126753186	210.93075126753186	210.93075123051693	201.8661990415468	201.86619900696724	132.59999999999997	26.921066422896786	161.8871652522563	193.02694135159072	193.02694159194328	68.83049140740604	81.57882646973178	231.8191729745438	51.19677988856736	72.31343283582086	38.898305088042235	53.76009973446011	53.76009971714208	53.76009972817411	53.76009973945574	95.625	1.382113821138148	253.02534377212854	252.3444619507694	0.0
146.17588564921516	18.110407652639083	201.2399002605443	201.23990027182592	201.23990026553992	201.2399002655399	210.93075123051693	210.93075121723624	198.51220471969094	214.46176166652586	106.27221832679518	174.36191973458108	118.1094209833555	61.973058408056744	61.97305864840925	220.28758062794057	119.07385444394325	225.14507207295526	72.31343284945422	83.10092459198808	83.1009244943181	44.069248782763765	44.06924876948307	53.760099734460084	53.760099734460084	63.06451611532259	33.26086956521738	204.5488749294256	213.9987611549603	0.0
146.17588564921516	18.11040765795508	201.23990026553992	201.23990027558648	201.2399002828579	201.2399002828579	201.23990029151693	80.29275344199675	104.34263795847093	99.02794206602275	99.68803930763019	110.87985633735192	179.3104592183784	219.63533173176893	219.63533169264056	220.2875805182487	219.63533176042506	219.63533176042503	219.635331715377	135.99555653558397	44.06924876948307	44.06924876948307	44.06924873246814	44.06924870732033	44.06924862473352	40.79999999999998	33.26086956521738	1.382113821138205	12.773044689726078	34.53009229075363
18.110407485961844	18.11040761096976	18.110407716739473	201.23990016830015	201.2399002831076	201.23990022959532	201.23990030567103	118.67776420218789	132.7306346232466	132.73063461947086	93.47758306677892	87.95157045036524	219.63533173382885	71.63154270710257	71.6315426932961	64.38710552974206	64.38710549548207	135.99555652441933	53.20029300857499	104.75401880169164	37.09090909090912	70.43296060678495	44.069248814288215	70.56305302515779	39.66666666666666	42.5	13.315008502688073	36.78542655206181	169.49349999164087	2.6161815576340928
203.68556895391401	18.110407472613787	18.110407735977645	149.6237734473566	201.23990021927898	76.55234734205035	112.7143652582867	118.67776418669501	132.7306346148075	16.5316938212664	122.35959306696776	132.73063462665766	132.73063460722594	132.73063459648526	80.29275346557847	59.64854512787471	59.648545124841405	147.57447247411898	53.20029307498905	104.75401874302011	70.43296074395369	58.51252308490126	58.51252297973758	58.51252308490126	58.512523268912844	37.1875	26.08351197377587	110.80176726785152	125.91564360049082	116.60688921279043
203.6855687211468	203.68556874069378	18.110407677549915	76.55234724888328	76.55234734205035	76.55234733285175	76.55234750078873	100.24212084764591	86.56907919744248	94.71404886627016	122.35959306696776	90.88935871319453	132.73063454560565	132.73063461370316	82.55710452138837	82.55710452170288	82.55710451666332	147.57447249778335	82.55710468234793	42.06656453302813	58.51252308490126	58.512522936663146	58.51252286254419	58.51252288334584	58.51252269056232	37.1875	26.083511995047928	48.08248681295157	3.2065029910403666	237.2394010006285
203.68556872776935	203.68556874050307	203.6855687532368	186.08927052513167	76.55234727768894	76.55234730340709	76.55234741180936	112.71436524857131	81.09228864595713	100.24212084764591	100.24212083488882	100.24212081789332	100.24212084726756	100.24212084726756	100.24212082824084	122.35959306696776	82.5571045045578	82.55710453027544	82.55710453027544	42.066564504927044	58.51252283372682	58.5125229366632	58.51252286254419	58.51252288334584	58.512523268912844	26.08351204227617	26.083512024797272	182.9012124743477	215.96316112558162	234.7565090207483
33.88220377222501	203.6855687211468	203.68556870256197	197.6694161304175	186.0892707540482	186.08927069116817	118.67386411885388	77.9896440072794	79.30986664708189	78.57257885597909	100.24212072109137	100.24212072109137	100.24212080937468	100.24212091469528	100.24212083488882	100.2421208385883	94.71404886627016	100.2421208859171	82.55710450721324	20.25347247084443	58.51252269056229	58.51252297973758	33.76811181473303	22.21791304197501	27.0890325898294	46.925483643212715	229.5	0.0	177.4744451323187	227.24605018952303
5.079067937768031	166.88213328978782	203.68556874050307	197.6694161430765	197.66941607320342	186.08927062205782	186.08927055606267	68.34893855051624	72.94907701337976	58.6831984877814	58.683198396420295	58.683198201761456	100.2421207966176	100.24212082213174	100.2421207966176	100.24212084764591	100.24212082213174	100.2421208859171	100.24212087664182	36.342766256699605	36.34276597830751	26.350946558745363	36.342766147716816	21.288639563990728	23.1534104124178	0.9329787618565035	229.5	0.0	103.77408082929324	135.17638416095025
163.41933966788224	255.0	214.66386208461472	203.68556877978776	197.6694160382669	197.66941606016144	186.08927066430186	186.08927064011823	186.0892706280264	144.58176099	58.683198203210424	58.6831981537633	2.0509928303332856	91.3064274282317	100.2421208178933	100.2421207966176	100.24212084726759	100.24212082824084	36.34276597118739	36.34276601753592	36.342766017535894	36.34276601753595	16.702894962240606	16.702894909999998	16.70289490686804	30.959623473118512	0.9329787618565035	93.1672140644736	254.74719706721268	135.5252149593603
1.3052392164147761	255.0	255.0	255.0	214.66386200525267	197.66941602503337	197.669416051541	118.81620964888248	118.81620964737246	200.23701045582206	200.23701040377594	200.23701034730144	58.683198142452454	2.0509928075372557	153.25914593864115	153.25914593232662	91.30642744795963	36.342766017535894	36.34276597118739	36.342765952445546	36.34276599966799	17.358019062300542	16.70289499500001	16.70289492532558	30.959623416422374	30.959623405088962	8.19095797599445	40.24762146926497	200.70053363641512	2.22684772395732
93.233531307808	33.88220377222501	255.0	255.0	255.0	56.52293270769928	199.05354521085457	199.0535453348225	197.66941591964925	45.499129693089856	45.49912979724786	45.499129710783336	200.23701038895013	200.23701039363723	87.95827285494565	74.96783286357316	36.34276565719463	36.34276588735503	36.34276597830751	17.358018794225302	17.358018742608067	16.70289499500001	16.702894748004326	30.959623399757334	9.308601021561941	9.308600994945465	35.58829175712836	254.9778952991044	129.87343856174903	7.114106508896128
251.33820835996613	1.3052392164147761	2.2649750499325023	255.0	49.83994731293578	52.08384176433094	59.219571886480736	54.118262269474144	174.36191973458108	0.5772950719502887	0.5772951543405043	45.49912968196179	45.49912967522283	45.49912966852261	200.23701036211895	17.358018664233242	17.358018752795402	17.358018749399633	17.358018750894644	17.358018729229315	16.702894740000005	12.0097088280001	12.009708830381271	9.308601021561941	9.308600994945465	255.0	0.0	242.3698275764008	9.288379222330008	201.18083662144733
18.062862453066714	18.41888639808596	74.59768390083264	98.38877673285481	129.19444777909052	19.853996109335583	19.853996109335526	19.853996120759632	19.853996143607816	0.5772949933567872	0.5772950719502887	0.5772951543405043	0.5772952573946952	0.5772952750098455	0.5772952108760308	10.350899971194224	10.350899877143604	10.350899874532274	12.009709126585221	12.00970884820839	12.0097088268096	12.009708827285522	12.00970878543967	12.00970878543967	23.03024490733773	0.0	22.245404674539003	12.704527671893743	219.32076047926705	72.16989518939582
1.3683919533351627	19.134411394331096	34.24016530082338	194.2674012294443	204.3177098185135	177.3578749072712	19.853996155182585	19.853996124080652	19.85399612408068	19.853996094312123	19.853996153849153	19.853996216737414	9.722270186110649	10.350899905801128	10.350899830118323	10.350899864955437	15.983451647371396	15.983451464636147	15.983451464636204	15.983451464636147	15.983451404528012	11.948220162124358	11.948220099896105	11.948219983986576	3.5893330247928077	0.0	0.0	79.72846134597219	155.92033685131838	6.602773631655566
10.145438584553574	9.655378371883188	12.35518958342999	20.30910127236686	25.237398948514965	35.642129522906544	30.949708303105496	35.642129522906544	143.7916034413019	19.853996113320022	19.85399612408068	19.85399614553691	19.853996143607816	10.350899683197241	10.350899843263335	15.983451517368934	15.983451465238858	15.983451445001919	24.4538699846278	11.948220136761591	11.948220110354839	11.948219982033066	13.10051519620339	82.91372115739233	0.0	0.0	0.0	65.72983986563236	75.32969443322403	255.0
1.0846629269620678	10.119884929357369	10.113018460268592	13.15281107133245	0.012051681077139165	24.336367425052657	0.34276620713265515	32.57536585338528	34.24016530082338	40.76568839783258	32.57536585338528	3.5893330247928077	19.853996124080652	19.853996143607816	8.19095797599445	5.526184454305138	5.526184713400028	11.948220157850898	11.948220097151506	4.117887263321052	3.8276739156375754	0.9073509158087916	5.841900352919225	0.20019041944732408	69.25617754596345	0.0	0.0	36.434984968797636	69.56503492751875	0.0
