254.71772567144777	253.13719044592594	253.1231225823505	251.8823015372984	232.85869057926143	241.80700952524037	239.91007316511633	235.6140350877193	91.79999999999998	236.86666666666667	207.4574002423417	159.375	181.5125280247342	236.86666666666667	203.7139316874483	244.8	231.2	205.55756403548895	231.2	198.17142857142858	236.45454545454544	246.77876400018212	231.04577308294728	231.04577308294728	245.99141200471323	247.65817526279073	252.677897858354	252.17759475820483	254.52577474149084	254.3059230521788
254.91743649559595	252.17759160350988	250.60196984058874	233.20512818333333	231.7202028956044	239.91007499954117	236.45454545454544	212.8189984119184	222.24100101286135	201.33680913294708	254.59450626647936	147.421875	208.3467577714148	243.4090907707903	220.22727274702996	192.19365348963612	138.99590163934425	226.63691329622048	209.65694682675814	198.13724083654108	234.3492852247615	225.38779187446258	227.10792721440393	234.3468034716036	235.31879717177137	240.9048346617599	246.85249743262438	242.3353469387755	252.17759475834637	254.8439614405647
254.90575148917674	254.592	248.53459390094008	124.44	0.0	212.8189984747699	217.8105314726772	217.81053166022258	191.4433520548258	212.5	238.96139392341536	130.91336481435542	171.9627202780731	151.77615932590805	165.90346207945015	168.1270381902188	206.05475822342646	198.9020893076608	198.63253983980144	212.9183985635073	234.28007940526282	216.52804642166345	189.52702705706264	235.875	231.7817351858163	240.52465950765406	242.3366528979919	246.89470265949475	252.17759160352765	254.33702036627443
255.0	252.77866666666668	205.50063994642045	159.47426540134745	240.87632431728065	239.24710424710423	204.326923015625	191.44335190800953	192.21450709890541	0.0	47.78883278883279	22.88704192774412	106.25	171.8065775950668	22.88704192774412	180.4500683678919	223.31653253572753	158.1600828634556	234.84232160970444	214.80771369241202	214.89695529529513	235.09137537102063	220.30100916126895	233.35102040816327	235.875	244.19121070156865	242.33861714752004	242.33665289891314	253.16204581424407	253.6882716049443
7.177439934911405	242.44798836150758	163.4871724303109	98.96837844281538	241.46605256414352	218.07692307692307	194.95126473581615	33.46153846153845	164.05594406153688	199.29245198387127	233.71192873666521	162.69230769230768	106.25000000000006	93.38755667849912	111.5625	104.73214285714286	195.48863286616103	176.90979955456572	176.90979955456572	200.41854356777566	198.632539822551	198.6325398245928	178.84615384959972	244.78021975430858	169.999999983	236.9591836734694	243.98148148148147	242.3366528944768	250.17920292742627	226.6666666644
42.35768908430563	252.79321784406693	41.461515853664736	122.87198888067141	232.4631870170035	114.63146146041964	24.712053314999963	164.05594410907582	148.65033926542924	173.84558803077033	53.22951606947501	170.0	136.3090909090909	51.0	187.0	187.0	134.40621784809997	195.4886327821671	195.4886327821671	202.28017557307595	207.83405078861963	240.2241935475124	189.51851851851853	245.52364864864865	218.571428586	218.571428586	241.46938775510205	195.57350933090578	238.18500228623685	251.850670188195
164.6783000062283	214.81193878064408	118.94549408098203	146.042865903507	24.71205331910832	24.712053392938373	149.39069141485143	148.65033914135893	171.00221046712278	165.62745305625	76.05555890942463	102.42410313881615	113.10838798757337	113.10838798757337	125.53908157217555	63.12721240401933	101.03889191166289	176.3789599335908	176.3789599652284	188.05197529658676	212.03069738645462	195.48863286616103	203.26671893259174	203.26671892531908	234.46308725176794	210.12569832464908	241.74	158.43195266272187	242.87936659450943	251.85067018798946
235.57952448159168	0.4023848850682725	28.794612405359658	24.71205331499999	24.71205331499999	24.712053337565862	24.71205318218054	132.63704240276914	169.57782977605723	171.00221065220265	141.5728043534688	170.94619663151136	112.97239915074312	113.10838798757337	102.46634199467582	177.0962131565541	204.00000001316815	169.2828674640973	134.62024375874137	212.0306972685147	167.2485768622364	98.07692307692307	188.3833100273206	231.27018738236615	214.6610169239529	214.6610169462712	237.78649921828048	227.7442435717749	242.87936659286507	249.7959183636
245.94956920409442	195.50341631026174	190.50380313942088	19.61538461538464	19.615384615384613	156.57332678317027	132.63704298111963	132.63704242981737	132.63704255371798	24.712053569999966	118.75891063636033	170.94619661272375	91.92497762606897	112.97239915074312	155.88214963363313	112.97239915074309	143.30589246325	171.735378104314	158.61905933014486	107.77568129361032	180.70000137982964	123.45821325648416	201.97674418604652	188.3833099907998	197.56822752402817	219.583333336875	223.125	239.86418511066398	251.015625	247.73504273413462
19.599104886602817	19.478534494695992	47.61651279208934	176.53846153846155	115.45597732371115	48.26781203322804	132.6370424027691	132.6370423678671	132.63704242981737	132.6370423025435	118.75891061739529	91.92497750776005	91.9249773256465	91.92497708268311	155.8821495600135	176.63610910433414	176.63610910433414	170.20373145799533	141.4347400647913	141.43474007044156	196.85105330877855	169.6863994633574	169.6863994690566	186.04379256375	205.64928367119236	193.28164030373162	224.8092265009105	239.0625	244.61177686031436	254.31048
40.99922031767596	222.40625773182376	210.87192608984435	48.26781180431158	48.26781189348836	48.26781185407657	48.26781186617356	132.6370418244186	132.6370424027691	132.63704230254348	120.21428584652142	91.92497586642364	91.92497690896013	91.9249772255057	91.92497731414039	143.31540920172074	143.31540920172074	106.71257135028114	125.7801184684011	141.43473999158255	141.43474004437076	179.0577167768691	182.74038104634002	182.74038091981987	100.8037930779218	205.64928356685306	228.888	206.79584120982986	236.55381944444446	245.35140737724936
117.93958496984297	223.34795567933804	176.53846153846155	97.17413833125951	111.03336653105953	48.267811884079265	137.15809363600292	137.1580935191319	48.26781189710451	48.267811874670144	120.21428584652142	82.74769738476331	142.19076521771706	142.19076521508015	100.51005887286536	100.51006001920885	100.51005983967767	100.51006177330302	100.51006001307539	159.40519450542445	154.58198345348694	154.58198346845208	154.58198345348694	154.58198350321047	154.5819836003929	187.92727272727274	210.72916666666669	219.36432432432431	219.15898617511522	246.89470265949475
5.191499698903954	0.0	13.619868011328208	0.0	116.16352192031624	116.1635220829877	111.0333662293194	111.03336626875262	111.03336632989942	111.03336638018945	111.03336647378092	63.75	63.75	116.0629719835434	78.06570171789144	78.0657016244914	142.17886381684502	100.51005749992012	100.51006026745719	100.51005988378179	154.58198338860814	154.58198340248168	154.58198347511322	154.58198352569843	154.58198351836575	158.5255292652553	186.34615384615387	174.68046427140786	0.0	67.45021215158562
254.62459158649784	147.6310923283741	100.41801648163428	100.41801648163428	116.16352195023396	116.16352196678645	116.16352196678645	116.16352196344823	111.03336626875262	111.0333663370954	91.79999999999998	123.31856626171214	123.31856626171214	144.93919941566952	144.93919962763812	116.06297200040652	76.2133685455751	88.50206123675639	195.3367793596111	121.7910447761194	133.9830508155918	154.58198310752596	154.58198346845208	154.58198348592637	154.58198351836575	191.25	13.130081300813004	72.33337293656558	1.1719593036884817	0.0
211.01947941788546	8.731528031414541	100.41801648163428	100.41801651407366	100.4180166460406	100.41801689247401	116.16352196344823	116.16352199989149	48.43567764252737	43.382286616298956	106.18279027191997	26.921066246994428	116.3119215439404	110.06080037236188	110.06080058433045	181.11572048870366	119.54412987365214	80.39743006802047	121.79104474800067	154.20948621067643	154.20948615340905	138.8364780001085	138.83647803655177	154.5819833539594	154.58198360039285	167.25806452983872	144.1304347826087	0.0834362521026435	67.45021215158562	0.0
211.01947941788546	8.73152804552069	100.4180163996071	100.41801652488675	100.41801653154789	100.41801653154792	100.41801659751832	68.27862248056138	68.77725920590521	99.60868958236648	99.26782317389885	125.42631242298145	62.48025312703518	65.25793670474354	65.25793640076279	181.1157204709457	65.25793661062525	65.25793650235104	65.25793604410586	176.9342983755086	138.83647803655177	138.83647806295852	138.83647803321352	138.83647804976604	138.83647807968373	173.39999999999998	144.1304347826087	13.130081300813004	74.55015093557105	2.2296276162746267
8.731527656174563	8.731527937604568	8.731528106632453	100.41801647430157	100.41801654651306	100.41801654651306	100.41801661139183	58.336637133332744	52.843757712043384	52.84375771526652	92.14781279792928	91.67907209689807	65.25793659598378	109.03384363157645	109.03384369003433	82.54749893749872	82.54749899036258	176.93429828210856	94.7582920162042	134.64845178575368	111.27272727272728	138.48556089853298	138.8364779170123	141.5447985383427	136.0	148.75	157.82586166874046	33.83063423846454	23.19678480926777	199.88255329072172
115.96296904753169	8.731527857851972	8.731528219034516	75.55539425715327	100.41801649678953	47.82869095136445	58.88468715425097	58.33663712833837	52.843757680490256	96.85658353809325	83.88413443830174	52.843757726203364	52.84375769407558	52.84375770839611	68.27862254773234	79.01591953378087	79.01591955061267	113.45052262995159	94.75829206141233	134.64845173206191	138.48556039956367	122.3629576974565	122.36295759723089	122.3629576974565	122.36295817558141	127.49999999999997	48.26781180431158	169.93871467861746	117.36949806952762	116.60688921279043
115.96296906071595	115.96296906511068	8.731528023705607	47.82869081583456	47.82869090845685	47.828690905367495	47.8286910844333	63.112295233096944	86.24748123812407	98.59958013869803	83.88413443830174	93.91133475155155	52.843757726203364	52.84375770478482	93.79361140171622	93.79361138480692	93.79361138175355	113.45052264489664	93.79361142939547	136.24108938260468	122.3629576974565	122.3629575701826	122.36295763213292	122.36295759723089	122.36295759723089	127.5	48.26781189348836	237.7771150180107	244.5227447253249	248.62582479382831
115.9629691060764	115.96296901402161	115.96296904852375	26.08351197377587	47.82869088700306	47.828690798498	47.82869073244524	58.8846871790125	81.59003745780353	63.112295233096944	63.11229523829945	63.112295184999226	63.112295221420936	63.112295221420936	63.11229525784276	83.88413443830174	93.79361140680905	93.7936113928209	93.7936113928209	136.24108936363965	122.36295744628208	122.36295757018263	122.36295763213292	122.36295759723089	122.3629570188804	48.26781186617356	48.26781185407657	220.4145589888389	206.28739337735874	46.775585536075795
240.59879354807882	115.96296906071595	115.96296906770797	33.970578274329256	26.08351197377587	26.083512183713026	98.38877673285481	78.21904104249697	77.26361617404598	78.153834014127	63.11229508819727	63.11229528180115	63.11229522768417	63.11229528180115	63.11229523829945	63.11229523388431	98.59958013869803	63.11229530157058	93.79361134182815	79.33178423292202	122.36295759723086	122.36295759723089	105.41994266965816	90.39820778799455	104.00668735115173	116.06217659386292	0.0	0.0	238.35960463307168	63.504017006571104
221.55170232372095	25.912848012639188	115.96296901402161	33.97057811094041	33.97057814505803	26.08351204227617	26.083512076526347	69.26083211214902	76.56574701361598	54.32718314732645	54.32718327743578	54.32718325883974	63.11229519785289	63.11229520146139	63.11229525390698	63.112295233096944	63.11229524350199	63.11229530157058	63.11229525784273	68.74426355766136	68.74426329831326	85.44767861480454	68.74426326845807	110.75021663025001	88.89610619691757	8.955185190670903	0.0	0.0	0.06995353382237113	224.41615954287295
41.412324077903634	0.0	48.125619673009965	115.96296907390018	33.97057816211688	33.97057817162272	26.083511995047928	26.083512024797272	26.083512039671888	34.163521979999985	54.327182940402054	54.327182931838166	24.26859242724663	69.67299487135719	63.11229518499917	63.11229525390695	63.112295221420965	63.11229525784273	68.74426328484515	68.74426331185163	68.74426331185165	68.7442633335485	72.41914732790292	72.41914736499999	72.41914738327543	91.31663816368786	8.955185190670903	254.7157537391858	236.485637535068	193.66914892305954
224.41615954287295	0.0	0.0	0.0	48.125619753735606	33.970578120269465	33.97057809520953	88.01686043693635	88.01686046365711	50.05976020362263	50.05976019279521	50.05976021463633	54.32718291425189	24.26859250712289	54.08838731857668	54.08838730881564	69.67299489455945	68.74426326845804	68.74426328484518	68.7442632684581	68.74426333871776	61.09673317524164	72.41914740750002	72.41914736481795	91.31663819614073	91.31663820654975	193.81768016709603	103.75688966767717	221.59765762320367	131.7355342178738
57.00451224450569	240.59879354807882	0.0	0.0	0.0	55.225800547524386	59.511367133838945	59.51136721783291	33.970577966209646	42.04400163016365	42.04400169692914	42.04400169692914	50.05976011662699	50.05976028015968	66.54724923887252	77.06030446428329	68.74426295815641	68.74426326845804	68.74426329831326	61.09673270266947	61.09673280420881	72.41914727999998	72.41914724860902	91.31663819082397	55.474463235678826	55.47446324431115	251.83031625082418	144.70504149563544	253.83371983558527	54.16714747406445
151.13199046121554	224.41615954287295	10.476644371342672	0.0	50.690817245761	45.57848135606994	55.742310279802325	65.01773329148736	0.0	5.598854458528194	5.598854399787456	42.04400163928605	42.044001563585255	42.04400185780247	50.0597600630679	61.09673257267744	61.096732690407464	61.09673272834121	61.09673274600016	61.096732767665515	72.41914727999998	57.66802792607052	57.66802798806202	55.474463235678826	55.47446324431115	255.0	0.0	5.347232515120112	26.170420953508	195.23372142657246
195.1421385250331	4.07860423158678	3.1627807490819464	74.55352775507623	20.060841885110875	38.17528948180288	38.17528948180285	38.1752895047255	38.17528947623887	5.598854321814144	5.59885418004626	5.598854399787456	5.598854363662724	5.5988543971320155	5.598854455470956	46.61144160870742	46.61144152148225	46.611441533092176	57.66802795376117	57.668027939688955	57.668027895074744	57.668027933675944	57.66802792165012	57.66802785577906	0.0	0.0	30.976097142657522	125.19123819261998	27.253680304248974	90.96286334422908
69.68464453171728	129.82809925176275	50.852469013865004	28.743041690255836	23.03024490733773	6.41167321596609	38.17528949849489	38.17528948785207	38.17528950399307	38.17528950882584	38.175289499160215	38.1752894959383	148.8355049372947	46.611441533092176	46.61144147786965	46.61144151605663	60.02079283948075	60.02079289602921	60.02079291478228	60.02079292415874	60.02079290046254	51.80418828216119	51.80418824558305	51.804188209484266	255.0	0.0	0.0	50.115666405235686	76.88654983979723	110.21292534936174
10.119884929357369	7.699961064102723	12.901879128655622	19.543437493556098	26.6767308847906	50.852469013865004	30.044484958021627	255.0	197.41229054437125	38.17528950399307	38.17528950399307	38.1752895047255	38.175289550570795	46.61144146470892	46.611441408016645	60.02079288278719	60.020792885217105	60.020792890298964	67.17369301177925	51.8041882168599	51.804188243266594	51.80418815373349	76.46143961245701	1.0810466101290217	0.0	0.0	0.0	43.42103367471336	117.3122301539533	255.0
1.0005762620221503	10.08552863834069	10.259018083085465	11.995799458012641	48.635636238366715	26.397887170449962	85.46758721613247	20.548416842969345	255.0	39.19820460146647	20.548416842969345	185.3239164562707	38.175289471711096	38.175289550570795	140.10294706507483	92.85453372874943	92.85453382986205	51.80418817242679	51.804188256469956	39.937665713655775	37.48256684261065	14.286162563241419	5.826153754703768	3.2803213943784897	0.0	0.0	0.0	189.40550561560363	226.865776174542	0.0
