254.62288662930342	251.41810700148147	254.96674228249563	245.5712721264161	236.01609655191308	227.02991455829326	206.19625961048266	244.0953947368421	214.2	250.46666666666667	248.82820298523697	232.23214285714286	194.91323026537574	244.8	234.78086423423173	242.25	244.375	242.25711800719043	244.375	238.60714285714286	243.4090909090909	233.37441742334508	253.34677126221806	253.34677126221806	241.58037905080684	254.8668800852653	250.3246134169004	254.9187443865853	254.83254212085478	254.46188789467936
254.76604499929067	254.93225400874636	247.4658060256674	224.77777779666667	241.30036631593407	206.19625837575074	243.4090909090909	216.09430844112444	203.53702860577545	246.06880131072103	132.3739217836922	165.31141861499998	199.5288299206041	156.4772726383652	173.86363626485021	225.9925970454959	195.66256830601094	190.3914393917725	242.02401372212694	248.1476875575461	224.0950234501356	227.87038462989022	216.65100580208107	240.9977014511302	234.86347972378186	241.05299760191295	250.92496867409918	253.94617346938776	254.91874438660034	254.99268480820066
254.4830277573089	254.3625	242.7486033628044	238.68	224.93448351310875	216.09430846482104	171.58778893701242	171.5877893576577	195.54411670961713	227.109375	182.84662099761564	150.59853598517122	233.904928920704	165.9193892626929	229.12604742314565	208.7357162048964	242.84307956800595	244.18783285538714	238.13540361958655	226.407909432108	220.99459192500618	251.30077369439073	223.98648648439098	248.625	231.46755905921816	239.19858490389248	253.81169644210928	254.32563406551316	254.9088804973785	254.99868475955668
251.09549485182453	254.55729166666666	205.50063994642045	69.14953327114955	113.15170451774867	239.24710424710423	177.08333342187498	195.5441167900558	195.933915736904	91.79999999999998	246.13899613899613	230.46821328085892	191.25	241.71798561151078	230.46821328085892	167.21237754508616	210.74272391599584	199.12684635922108	226.8426040411123	214.72939905838558	214.44505184859315	241.85105751904948	251.00866190654702	247.19387755102042	248.625	248.65550262971294	254.4657672598331	253.8116964422281	254.76103706788837	254.57565284178187
75.2602505964077	91.64987572377441	253.72379340196488	240.13081480405387	193.20278919881343	218.07692307692307	163.62252744822973	230.76923076923077	168.84090911332697	157.82655505224284	148.06518501167756	225.0	191.25	110.17485096054736	127.94117652	159.375	231.27018738236615	234.55456570155903	234.55456570155903	200.74841701250364	238.13540361592473	238.13540361553606	230.76923077032717	218.07692306705533	187.000000017	247.19387755102042	253.8130046535996	253.8116964418118	254.9245316234654	236.8666666644
147.46163700306982	81.30002209052276	3.5682744904027857	172.05464200421036	92.87257245388207	252.40250511081348	101.47470229499999	168.84090915836467	153.66660357407568	122.49035939041747	207.19392872555653	191.25	222.54545454545453	153.0	221.0	204.0	204.28445910537374	231.27018734532402	231.27018734532402	185.23264017289983	220.31020596404582	209.10215291902688	224.77777777777777	232.60135135135135	173.39999999999998	173.39999999999998	239.3877551020408	254.88393263541192	251.41810699588478	254.15542012097606
32.77476952091942	84.19974938657572	253.8308242134807	190.01904804098882	101.47470222504387	101.47470222504387	154.61824385051926	153.66660337389533	118.85593240337548	134.71960175625003	157.13203535753348	178.1250890408229	187.4870555747325	187.4870555747325	167.67782854313427	209.23802271907167	199.67727448736602	169.14153719290374	169.14153723552022	186.7979069999565	208.2287745450795	231.27018738236615	246.24621477068854	246.24621476949923	179.69798654703055	229.71368714762968	245.4375	253.49112426035504	250.60735259011696	254.15542012106016
250.66432234966862	5.922885187514993	204.39494705453816	101.4747021675	101.47470221	101.4747022250439	101.47470226911383	137.7857472439182	117.05242010313788	118.85593214148949	164.95577479194338	143.93618673551345	155.56263269639066	187.4870555747325	115.43442203293296	202.9483429658414	197.98026655650898	188.83560190034058	190.34569950483348	208.2287745432699	230.87313572283026	235.3846153846154	219.77132039990954	181.28846924833988	235.98305084965529	235.98305084745763	226.04395604561205	253.34742111089875	250.6073525906715	228.888
109.50728293252925	89.32000466085947	240.66463468023198	196.15384615384616	196.15384615384616	100.74273463902182	137.7857472439182	137.78574709831327	137.78574713679853	101.47470254999996	125.89158170235106	143.9361867092864	168.25541329772244	155.56263269639066	103.11171234842394	155.56263269639066	213.2841121856832	172.04090260714082	110.75021661338337	123.31856624276497	210.38429397116	229.6469740634006	225.0	219.77132039059268	246.13616776358347	233.75	204.0	237.29879275653923	252.69422743055554	251.73076923076923
5.798743200528435	15.486249294593478	248.34073059457432	176.53846153846155	121.49240324925279	117.17854150809637	137.78574705113468	137.78574707907063	137.78574709831324	137.78574713679853	125.89158167154395	168.2554118991273	168.25541191446973	168.25541230704897	103.11171229244769	143.7652086892968	143.7652086892968	170.26701784426814	197.89047410620105	197.89047413006068	205.61946232824505	231.2661412040919	231.26614121030744	208.33176099	201.711489835954	246.677371229654	244.3565730171696	243.93229166666666	252.8255364225773	254.64140625
230.34380336182798	1.572004597597271	180.58643794340912	117.17854127917988	117.17854122918652	117.1785412470974	117.17854124411568	137.7857472439182	137.78574695474293	137.7857471367985	56.100000005609985	168.25541170630964	168.25541233115607	168.25541228675792	168.25541206823902	176.2464168415773	176.2464168415773	149.32021241602075	167.2123774837823	197.89047408116537	197.89047409999017	174.69666130670572	178.10379229734286	178.10379243985736	119.1349986309387	201.7114896804806	250.002	245.23865784499054	252.69422743055554	254.34434759527326
1.626620392286469	12.166062746244933	176.53846153846155	46.76390648370335	134.92552669983712	117.17854125605282	88.0716988125539	88.07169917948738	117.17854122658358	117.17854138233633	56.100000005609985	154.40190612079886	167.68835617484345	167.68835616704285	142.99416785595048	142.99416824226134	142.9941678559503	142.99416785595048	142.99416820107245	159.72774789790347	196.1314617095748	196.13146169330523	196.13146170957484	196.13146171781068	196.13146167434158	234.39393939393938	243.93229166666666	248.36336336336336	248.1308803763441	254.32563406551316
109.50728293252925	89.85526494981661	169.76514915475138	71.99616450855797	87.03228976750984	87.03228970752801	134.92552639809696	134.92552647917762	134.92552649867702	134.925526548967	134.9255265408837	74.99999998499999	106.25	186.22860988388305	119.0044434755807	119.004443464416	139.64633053878777	142.99416761243918	142.99416796561917	142.99416753745464	196.13146162725755	196.13146170278705	196.13146170133905	196.13146170278705	196.13146168486745	232.1357409713574	232.421875	253.7241426901992	124.44	253.760847894783
1.088320389971102	147.6310923283741	58.86853820810785	58.86853820810785	87.03228976760488	87.03228978763048	87.03228978763048	87.03228978008184	134.92552647917762	134.92552649974633	183.6	140.9605332114484	161.8871652522563	110.49942678290853	110.4994265865113	186.22860988394314	144.22755224796873	128.56861167488228	184.53190642935883	197.910447761194	207.45762713622523	196.1314614279081	196.13146169330523	196.13146169722114	196.13146179189212	201.875	194.1869918699187	249.8563667476628	238.61514576914144	255.0
156.60178767589392	139.03703093488934	58.868538315132554	58.86853830277886	58.86853832565839	58.86853857209189	87.03228981969195	87.03228982768172	58.415771151039706	76.05555890942463	105.92059766032307	93.72383928884992	117.84981402566598	144.50057341348872	144.50057321709147	115.96296906071592	119.42443725243592	118.04654949876843	197.91044776545445	149.12150337834007	149.12150346306817	167.96771017231828	167.96771021991816	196.1314616743416	196.13146192077505	202.90322579274195	205.1086956521739	246.96216151367102	253.760847894783	255.0
156.60178767589392	139.03703092269996	58.86853832565845	58.86853829866095	58.868538306694774	58.868538306694774	58.86853829721292	140.12491473100397	155.82039121390932	99.65588229585302	99.56419984786325	107.92092897267884	72.27170647943208	100.62433118511339	100.6243311083546	115.96296904852375	100.62433112184473	100.62433106770766	100.6243310876101	135.99555653558397	167.96771018030807	167.9677102067148	167.96771021236952	167.96771023239512	167.96771023249016	219.3	205.1086956521739	194.1869918699187	74.55015093557105	240.1406475204203
139.03703095246834	139.03703093928408	139.03703095147625	58.86853829721295	58.868538290425136	58.868538290425164	58.86853837274245	106.23821796336625	96.60471721865815	96.6047172207004	91.44310927052894	112.31747528765615	100.62433090971658	143.5199211780132	143.51992117624062	184.75589133964615	184.7558913210707	135.99555652441933	172.58849686764944	109.81082448692675	199.36363636363635	133.31290210112846	167.96771029247202	136.18345106099122	198.33333333333334	201.875	208.2360935162966	202.8621437775052	170.68604556584694	4.790445399939927
115.96296904753169	139.03703089392366	139.03703092609982	80.31292619509935	58.86853828218935	124.78392679576555	101.33796076897164	106.23821800412506	96.60471720772563	80.50467949294568	110.20681453349508	96.60471718004806	96.60471719540101	96.60471722959068	140.1249147255063	161.61039591005152	161.61039592442222	107.92151793735951	172.58849679421138	109.81082446472323	133.31290228993944	117.2142528632015	117.21425304525704	117.2142528632015	117.21425275608183	185.9375	255.0	244.25156229131485	165.91124865808905	98.57694873568684
115.96296906071595	115.96296906511068	139.03703093229205	124.78392663860538	124.78392670995038	124.7839267626295	124.78392671428267	112.82814109689352	85.7774608745924	90.17154161668532	110.20681453349508	100.04719903843704	96.60471718004806	96.60471721730067	132.58612142358163	132.58612141854672	132.58612141599326	107.92151790438484	132.5861214883838	129.10841832845608	117.2142528632015	117.21425290168673	117.2142529209294	117.21425294886532	117.2142527560818	185.9375	255.0	233.30747520483337	200.7657180961668	50.806252099826764
115.9629691060764	115.96296901402161	115.96296904852375	48.26781203322804	124.78392666704275	124.7839267327752	124.7839268656372	101.33796072677532	81.38883241578992	112.82814109689349	112.82814108517394	112.82814106773444	112.82814109471968	112.82814109471968	112.82814107330407	100.04719903843704	132.5861214317291	132.58612141195556	132.58612141195556	129.10841829764894	117.21425286320152	117.21425290168673	117.2142529209294	117.21425294886532	117.2142527560818	255.0	255.0	7.577151767198217	6.730534020776332	25.774663406213847
109.68656380318882	115.96296906071595	115.96296906770797	41.12936081595973	48.26781180431158	48.267811874670144	77.8898443600911	78.41483644826943	79.10882813530512	78.0571626395789	112.82814097093245	112.82814097093245	112.82814108275508	112.82814116453636	112.82814108517394	112.82814107887373	90.17154161668532	112.82814113205225	132.58612140081647	144.8941186959006	117.2142527560818	117.2142527560818	139.74082500231566	138.60895656213796	168.66836947295656	109.8741383907543	51.0	255.0	68.76166123663108	56.357183765138046
180.58643794340912	60.66363235609373	115.96296901402161	41.12936086990646	41.1293609029191	48.26781186617356	48.26781189710451	67.4103720883893	78.27365824904493	116.38123508257843	116.38123507737868	116.38123486296993	112.82814106402873	112.82814107345436	112.82814113409631	112.82814109689352	112.82814111549493	112.82814113205225	112.82814112170504	143.01827432814133	143.01827411244787	174.2886395401884	143.01827418843766	159.58773660153548	144.16343474247608	166.22682647592978	51.0	255.0	246.9985860251832	24.414367301296124
11.534791858763072	24.712053314999963	20.708627599422982	115.96296907390018	41.12936091942541	41.129360891974045	48.26781189348836	48.26781185407657	48.267811884079265	40.757147249999974	116.38123475399493	116.38123477584583	134.79461522314682	119.08659798256727	112.82814106773438	112.8281410500152	112.82814109471971	112.82814107330404	143.0182739845107	143.01827401486315	143.01827401486315	143.0182740582568	133.33408001004548	133.33408006	133.33408006541805	103.32634699406913	166.22682647592978	144.74413090661926	2.79774545122649	100.93246765867823
3.287065818830939	24.712053392938373	24.71205331499999	24.71205331499999	20.7086275828147	41.1293609299812	41.129360850860564	63.244806423416236	63.24480647416249	79.06460019411529	79.064600113025	79.06460012668563	116.38123467317462	134.79461512703733	84.85022036719991	84.85022033915624	119.08659796835144	143.01827392807593	143.0182739845107	143.01827399316636	143.01827389675435	144.85801906230057	133.3340801025	133.33408004696048	103.32634702414089	103.32634699198945	140.10294706507483	67.76406883848372	97.54541349515932	83.0404992844201
1.6810299270308349	109.68656380318882	24.712053337565862	24.71205331910832	24.712053569999966	55.69936060697336	23.729812617633883	23.72981265467598	41.12936104400276	93.12051755825507	93.12051761695105	93.12051770341563	79.06460028031486	79.06460038342686	70.16360673340841	78.69125733049529	143.0182737286364	143.01827392807593	143.01827396257158	144.85801879422536	144.85801889226695	133.334079975	133.3340800679517	103.32634701810946	108.65767926963093	108.65767927332047	67.72157336469962	151.2833833460387	2.2367541857477704	7.536755526823214
8.664687391641479	11.534791858763072	80.76320022006578	24.71205318218054	50.461031653095745	60.55942225906597	53.938533887083	50.135630152141744	26.921066246994428	133.736582038061	133.73658205163497	93.12051767459405	93.12051772195989	93.12051770824704	79.06460000670893	144.85801853424124	144.858018677966	144.85801874939966	144.85801875089464	144.8580187292293	133.33408022999998	103.32634702414089	103.32634699406913	108.65767926963093	108.65767927332047	165.75165402282317	255.0	230.34701956657136	90.90331530173052	188.40504001283807
94.525755493005	14.150514693246691	5.187837877717385	8.669522087027872	20.060841885110875	81.32647559719936	81.32647559719933	81.32647560563692	81.32647562251208	133.73658195380693	133.736582038061	133.73658205163497	133.7365819893771	133.73658204867704	133.7365819650351	105.04103512010465	105.0410350918774	105.04103508914338	103.32634708428441	103.32634703116943	103.32634703917677	103.32634701810946	103.32634699198945	103.32634705786046	204.3177098185135	255.0	0.21780367637961717	57.48914993072401	168.37734971583973	202.85904954377855
0.5406734288478958	1.0149579609919783	255.0	0.0	0.0	49.210771661732224	81.32647566992503	81.32647560337318	81.32647561951416	81.32647562980978	81.32647560921859	81.32647560235486	132.5543683171054	105.0410350578745	105.04103507776372	105.04103506646146	89.34849231993604	89.34849233766175	89.34849233766175	89.34849233766175	89.34849228117369	95.3789714092012	95.37897136742794	95.37897153452096	185.3239164562707	255.0	255.0	249.63726066922035	231.85639124333687	110.21292534936174
10.090807340686126	11.02594584301147	12.402771183424647	21.271896435047466	26.83964987120075	255.0	28.406168304519696	30.374465792951497	46.96371222022785	81.32647559799292	81.32647561951416	81.32647560563692	81.32647562251208	105.04103497610618	105.04103499533679	89.34849231794934	89.34849232324964	89.34849230922433	62.91366713841714	95.37897132766841	95.37897135407513	95.37897135729952	52.10880364579657	1.0810466101290217	255.0	255.0	255.0	181.85954990010055	110.87342302564863	255.0
1.145343731699711	9.75808415863159	11.100260094134342	12.402771183424647	33.95862352313651	17.450488300933273	67.44708725904545	27.01249382867556	30.374465792951497	27.01249382867556	20.548416842969345	54.61283193544992	81.32647558723221	81.32647562251208	39.3350700344275	150.37194827744446	150.3719481398137	95.3789712838815	95.37897136727852	88.23861593049017	83.92974526770016	30.141800690389545	3.913086215678476	9.987712060370825	20.283443501017388	255.0	255.0	12.643416761662962	86.6764311122306	255.0
