254.93342390709157	249.40329218666668	254.9999918372082	245.5712721264161	230.88531189445527	227.02991455829326	213.78572901308348	255.0	252.45	236.86666666666667	237.06580389382225	255.0	219.0730572657202	255.0	253.01173335509384	204.0	238.0	254.38470473083376	238.0	254.18035714285713	243.4090909090909	214.56673130596354	224.37218918731372	224.37218918731372	251.16652015880211	244.3853788108949	254.20205332088187	254.9999866505645	254.99880593980708	254.80082612807522
225.889518524044	254.9999915317511	168.9732237581842	217.22222220333333	225.73260071703297	213.7857316078815	243.4090909090909	206.63105597723418	203.53702860577545	232.57675232849118	0.0	199.92	46.729865641273165	156.4772726383652	226.02272714430526	250.21811227695193	254.18715846994536	229.37609161472733	254.48970840480274	254.38744001623513	244.3172430957112	228.9332731253109	109.8375203393336	210.48936881481248	234.57791094997958	240.90608115994712	232.53084229671268	254.99736543367348	254.99998665056486	254.9999962546218
254.9684212914938	244.8	188.04469274583442	254.745	229.42295426159714	206.63105599945882	180.67168362473654	180.67168245642327	183.91148855583705	255.0	14.966895264353042	190.05100358273197	211.7758113566872	193.37019958277142	205.92219269585144	245.79617834394904	255.0	255.0	254.5664041519062	182.36298508142664	218.33537763027562	254.26015473887816	249.83108108073182	229.5	231.5554111639047	239.28374515926825	254.9972576781106	254.99839714233377	254.99997757058398	254.9999981255384
251.09549485182453	253.86666666666667	205.50063994642045	6.071196773380223	3.4676923625764857	239.24710424710423	177.08333342187498	183.91148854140687	185.42167673783496	244.8	255.0	236.25636511142181	255.0	254.36053442959917	236.25636511142181	156.85045424945022	255.0	240.80653028103458	255.0	214.55212605757794	218.45035164858413	250.50258363623473	254.8400244373968	254.37551020408162	229.5	254.61150716445852	255.0	254.99725767814652	254.99847063723448	254.57565284178187
82.92156726364664	46.06448947162363	118.4434612770612	24.24876475378781	201.41188149938392	218.07692307692307	163.62252744822973	255.0	155.51136378329156	165.47064069164392	160.53094444274993	245.76923076923077	255.0	148.24655155519116	163.2	250.44642857142858	181.28846924833988	166.68708240534522	166.6870824053452	200.5280018892073	254.56640415389649	254.56640415249686	248.07692307723633	155.7692307621824	238.000000017	255.0	254.99476084812622	254.9972576781456	254.99937085079003	253.8666666678
4.9852710418463175e-05	0.5870734956212118	148.6149271797906	31.83572478484507	82.65355067515074	155.08270051156714	255.0	155.51136370200152	139.81768903365378	131.27293574073894	252.66495688921518	255.0	252.21818181818182	229.5	187.0	255.0	175.49390419026616	181.2884691954601	181.2884691954601	222.66715048109748	249.73336425569553	209.10215291902688	253.48888888888888	155.06756756756755	204.0	204.0	254.21938775510205	247.57168866636323	254.9910452674897	253.9638641589516
7.0181090718321	13.296118865611533	251.46188639804183	156.46442441892958	255.0	255.0	140.15995984662095	139.81768893410361	127.6964558901968	134.71960175625003	255.0	143.9906160233242	154.9188816016569	154.9188816016569	224.47583443991806	203.2001726910641	213.7809782599653	210.2297098530209	210.22970984938078	188.10053788011044	198.03680283888315	181.28846924833988	255.0	255.0	241.30872479172672	251.08240223113015	247.35	230.85798816568047	249.8257340654094	253.9638641589744
1.3196475589840873	68.62266946688945	65.82992774868671	255.0	255.0	255.0	255.0	123.69750664378466	125.91841632152062	127.69645617069611	255.0	64.90478331917876	218.18471337579618	154.9188816016569	142.9838058848719	189.15928311094783	140.96053311301793	133.58898609689146	240.54285891519763	198.03680276625764	253.11834372552204	176.53846153846155	215.6042086824834	181.28846924833988	233.38983050979317	233.38983050847457	241.45604395781285	254.84479912762953	249.82573406515883	244.8
109.50728293252925	13.633430997032235	7.141476060648557	255.0	255.0	109.80916580410508	123.69750664378466	123.69750657676394	123.69750653615	255.0	114.76928846518888	64.90478324037389	132.8377000076328	218.18471337579618	161.65835221151218	218.1847133757962	255.0	171.3742063515043	140.96053312202145	189.1592831213825	242.38077267535638	255.0	250.11627906976744	215.60420864397923	253.16862970580786	233.75	204.0	241.14688128772636	254.99769422743054	251.73076923076923
70.10450356512555	122.80036170725339	127.14589352416891	176.53846153846155	105.20798368718633	255.0	123.69750664378466	123.69750659707088	123.69750657676394	123.69750678732441	114.76928845056449	132.83769888863372	132.8376987401297	132.8376988106354	161.65835225709353	189.5817446987786	189.5817446987786	171.382707842533	250.92635938795624	250.9263593907352	210.83270442195555	255.0	255.0	208.33176099	211.93665026630595	255.0	253.55532431347555	254.88932291666666	254.89126096954618	254.7705
97.19264404219075	127.38768131713493	38.67583053029398	255.0	255.0	255.0	255.0	123.69750664378466	123.6975063546094	123.69750628497556	140.250000014025	132.83769826016552	132.8376987401297	132.83769887321031	132.83769898402403	127.37751435345376	127.37751435345376	214.76651982605233	235.3700908324315	250.92635939579486	250.92635936293306	186.27600117359265	190.352708355695	190.35270834592603	242.985348441798	211.93665027688976	254.898	253.91540642722117	254.85243055555554	254.9975588855941
42.11712776048586	124.85600178782369	176.53846153846155	98.09980760962407	255.0	255.0	95.76573873528687	95.76573889796808	255.0	255.0	140.250000014025	120.3995740021247	167.68835617484345	167.68835616704285	211.17608294652445	211.1760831270371	211.17608294652328	211.17608294652382	211.17608378639866	159.61035897255442	190.12850398722435	190.12850400188876	190.12850393371195	190.1285039784625	190.12850414528032	253.86666666666667	253.22916666666666	254.81417417417418	254.96123751920123	254.99839714233377
0.31936397670426686	255.0	255.0	204.3177098185135	87.03228976750984	87.03228970752801	255.0	255.0	255.0	255.0	255.0	102.0	233.75	106.9414922055775	200.88192705002126	200.88192700826968	141.80462935600067	211.17608186739272	211.17608301879682	211.1760828219077	190.12850396093887	190.12850393019295	190.12850396031126	190.12850393019295	190.12850401350983	255.0	254.48918269230768	253.7241426901992	252.96	81.01100131220565
126.34064438941499	147.6310923283741	64.8714960935149	64.8714960935149	87.03228976760488	87.03228978763048	87.03228978763048	87.03228978008184	255.0	255.0	244.8	255.0	123.31856626171214	159.98552118945793	159.98552110589355	106.94149220380885	111.58735658136723	199.89146459814424	158.25766962624795	255.0	233.38983052825338	190.12850365241343	190.12850400188873	190.1285039736109	190.1285039064851	249.6875	204.5528455284553	29.39439302591788	3.151013934040776	255.0
22.288712711422306	255.0	64.87149598649017	64.87149602638911	64.87149610115316	64.87149634758657	87.03228981969195	87.03228982768172	83.89032042501145	214.46176166652586	106.2700638151471	174.36191973458108	118.42554133802676	95.01447889410645	95.01447881054207	57.9814844575059	118.38053881061643	189.33364307163225	255.0	162.79958688193204	162.79958682954543	167.96771017231828	167.96771021991816	190.12850389884687	190.12850414528032	235.80645159919354	238.3695652173913	43.210787468894324	21.869995201001245	255.0
22.288712711422306	255.0	64.87149585471968	64.87149603968876	64.87149599811124	64.87149599811124	64.87149606980705	255.0	237.21731062371714	99.29356565897967	99.54046016080119	110.24300348338824	94.76585502039936	177.2111545772117	177.21115467923602	57.98148452426187	177.2111546436442	177.21115469778147	177.21115470696697	54.118072991730315	167.96771018030807	167.9677102067148	167.96771021236952	167.96771023239512	167.96771023249016	249.9	238.3695652173913	204.5528455284553	74.55015093557105	217.45649336466445
255.0	255.0	255.0	64.87149606980705	64.87149606628802	64.87149601277565	64.87149603906113	204.7922640820786	202.05581301983335	202.05581299902622	92.72168411819752	88.3347526061876	177.21115454415119	175.22233392742137	175.22233395266653	255.0	255.0	54.11807294997871	255.0	145.70969374046967	255.0	147.3417072869883	167.96771029247202	150.68670685509915	249.33333333333334	233.75	156.90019239037593	3.654261745410082	162.85602240863614	8.145610730108416
115.96296904753169	255.0	255.0	67.7209747952175	64.8714960215375	226.2763436093141	203.63791650451807	204.79226401801964	202.05581299857892	89.69563325013453	86.17444576780304	202.0558129980696	202.0558130301814	202.05581304108782	255.0	242.22803173295463	242.22803171376103	223.66799048026775	255.0	145.70969369897148	147.34170710682253	131.30249321267556	131.3024936453906	131.30249371502444	131.30249335621534	249.6875	117.17854127917988	7.999415553811076	14.407587009340745	98.57694873568684
115.96296906071595	115.96296906511068	255.0	226.2763435669513	226.27634356640652	226.27634357251574	226.27634358364458	231.93798610126913	85.85037320017406	77.04570721689487	86.17444576780304	88.50219187467002	202.0558129980696	202.05581301947748	228.63960606826228	228.63960606303036	228.63960605517644	223.66799051579665	228.63960602900468	140.2307115494355	131.30249346385	131.30249342323606	131.30249340292914	131.30249335621534	131.30249335621534	249.6875	117.17854122918652	64.32453230031894	98.3832588567478	0.0
115.9629691060764	115.96296901402161	115.96296904852375	186.08927052513167	226.2763435449527	226.27634349509088	226.2763433206359	203.63791649889458	81.12695742020495	231.93798610126913	231.93798609936806	231.93798618077798	231.93798613675438	231.93798613675438	231.93798609273074	84.50391060456437	228.63960607308616	228.63960607701748	228.63960605800247	140.23071153481112	131.30249346385	131.3024934232361	131.30249340292914	131.30249335621534	131.30249335621534	117.17854124411568	117.1785412470974	70.80567681952269	31.64520295731981	239.09275538246519
8.629038483830954	115.96296906071595	115.96296906770797	60.32020578963511	186.0892707540482	186.08927069116817	11.570599833152727	78.32440287981467	79.52849874800259	78.30255474947941	231.93798608397606	231.93798608397603	231.93798611658625	231.93798608397606	231.9379860993681	231.93798610148542	86.17444576780304	231.9379861279926	228.6396060290047	180.76663002937306	131.30249335621534	131.30249335621534	185.04033421883983	181.38784067912516	243.7440430175836	126.99637604130939	204.0	255.0	169.58421082403112	16.751191077849512
2.5419014334901533	234.11525312908103	115.96296901402161	60.32020570667285	60.32020565800073	186.08927062205782	186.08927055606267	70.28378384576283	76.19892964191882	84.6395904781894	84.63959047431689	84.63959009620157	231.93798610767843	231.93798609746702	231.93798617774598	231.93798610126913	231.9379861395076	231.9379861279926	231.93798609273074	255.0	255.0	255.0	255.0	218.93755419788152	240.6725144689698	178.72232710882002	204.0	255.0	247.57900846660175	20.20113026226909
102.33335621475788	178.23735127499998	48.694623163784314	115.96296907390018	60.32020569270654	60.320205677563365	186.08927066430186	186.08927064011823	186.0892706280264	57.477849405	84.6395901295916	84.6395901564461	126.34881155390121	239.35262111519975	231.93798618077798	231.9379860936649	231.93798613675438	231.93798609273074	255.0	255.0	255.0	255.0	234.80878223508938	234.80878227	234.80878223508938	255.0	178.72232710882002	97.66446898049497	254.87214228714151	121.79050100064939
55.57213740917237	178.23735116789447	178.23735110500002	178.23735102	48.69462315537041	60.320205621527464	60.320205678740166	47.20809952502037	47.208099549855405	150.50006247534455	150.50006251831644	150.50006247586967	84.63959014226046	126.34881145167503	204.03726276357276	204.0372628065176	239.3526211320141	255.0	255.0	255.0	255.0	255.0	234.80878227	234.8087822720044	255.0	255.0	8.19095797599445	37.144389090817896	1.7604595162554801	170.37350018639154
4.370351932515433	55.57213740917237	178.23735111252194	178.23735113097945	178.23735101999995	56.01221707807932	73.71153075166015	73.7115308045399	60.32020572531772	66.44176219597094	66.44176208795977	66.4417621744243	150.50006258901306	150.50006234852935	69.3152384916961	76.44945425103359	255.0	255.0	255.0	255.0	255.0	234.80878227	234.8087823370655	255.0	181.8288396681171	181.82883971334007	202.55015167295764	65.09250077190913	16.315549767889024	250.00250041913822
115.28054700677316	36.059571905415794	254.46859158947257	178.23735113455692	51.633632427523736	43.213938755830185	53.31744415404361	55.76460791510499	140.9605331234972	147.54736343150884	147.5473638056134	66.44176208795986	66.44176206974373	66.44176217261278	150.50006242849298	255.0	255.0	255.0	255.0	255.0	234.80878227	163.68336180385927	163.68336183631212	181.8288396681171	181.82883971334007	165.75165402282317	255.0	120.1605597182566	223.10745041845075	0.086623560809727
109.20314332575381	88.71773703054888	0.8729822588599347	109.5644364013875	20.060841885110875	34.20843092919941	34.20843096636534	34.20843095231476	34.20843099854551	147.54736363370688	147.54736370999063	147.54736368467027	147.54736374910652	147.5473637356336	147.5473637686644	154.34938108199185	154.34938101504656	154.34938101147208	163.68336204230079	163.68336181703896	163.6833617876328	163.68336180917606	163.68336179345025	163.68336185932128	71.99616450855797	255.0	218.6408272840577	0.0	43.428099709419286	0.2114073730595578
82.75174401948479	80.27837029004729	34.24016530082338	194.2674012294443	155.65596279056598	100.19958743348005	34.20843086982498	34.20843094852418	34.20843094852418	34.20843092057288	34.20843097647551	34.208430995109694	96.88849597535727	154.34938104274096	154.34938098157392	154.34938101366697	145.52483273985177	145.5248326569938	145.52483265699382	145.5248326569938	145.5248326286238	222.8789713635984	222.87897136742797	222.87897153452096	14.214236831995947	255.0	255.0	43.1401671071641	3.3686456765173887	110.21292534936174
10.494502936589953	10.612589258169209	10.217823055452357	20.73800522867748	26.495418352928	34.24016530082338	29.916742188671947	35.642129522906544	181.2440328297536	34.208430894721005	34.20843094852418	34.20843095231476	34.20843099854551	154.3493807939949	154.34938091766546	145.52483262488752	145.52483265643082	145.52483264716182	74.97165205192485	222.8789713672785	222.87897134087177	222.87897135729955	0.0	1.0810466101290217	255.0	255.0	255.0	0.027410937198965257	0.005414661950140953	255.0
1.0644218320545065	10.178322593745833	10.732282144737212	12.402771183424647	12.890096659914946	23.776043892837066	35.55882505688615	34.24016530082338	35.642129522906544	34.24016530082338	20.548416842969345	3.5893330247928077	34.20843094852418	34.20843099854551	0.0	92.02417447740305	92.02417455500017	222.8789713750871	222.8789713672785	78.86220946341561	74.81396935542233	30.141800690389545	10.173265585459234	181.0580682688725	107.61725697287685	255.0	255.0	67.5068557644349	0.0005683969731933303	0.0
