254.86983805378247	254.11764706074075	254.9012509694839	254.60106955345142	252.0120724659972	251.8735860877404	250.0238480071015	249.78070175438597	244.8	244.8	224.65579467348095	250.44642857142858	244.50671772544342	226.66666666666666	254.37517530508777	243.666666661	247.444444452	236.59768190050985	247.444444452	236.42142857142858	249.84848485363636	197.09159098029778	198.9946997283776	198.9946997283776	253.1007205313459	228.75334739599265	254.6572145303732	254.34993276188902	254.88104421674126	254.24112333839807
254.67071460405114	254.90138190963233	246.02558641590656	240.00000002	251.3736263653846	250.02384652594128	249.84848485363636	246.24310521664546	241.86311173343088	219.21863714273965	251.84363682275273	238.68	176.19832353082163	156.4772726383652	191.24999989133522	253.001945140718	170.46448087431693	232.19645080514346	240.2744425385935	234.0570865943315	248.9871215658169	227.36546629648493	212.58022527295378	178.3091981290295	234.46973235448706	240.95262384333944	208.10582875686734	253.64641836734694	254.34993276182263	254.5031718363771
253.9586560982536	254.4962962968	250.3910614717493	252.96	227.54798063576987	246.24310518553511	238.0615114515479	238.06151102258525	238.91220560727928	239.0625	249.85575736996776	235.61862930425343	193.51381284661923	228.5767571366066	187.39259367090654	251.10047783871494	237.16995464986059	234.62925030725114	220.67746555399694	148.15398603045395	219.79310960243976	238.23017408123792	241.21621624974435	229.5	231.64517375572876	238.72548249780903	250.2426631378969	254.1337907375643	253.94751842017607	254.96586381855565
251.09549485182453	254.77613168746666	205.50063994642045	203.8360222665632	189.6862792580353	239.24710424710423	234.374999953125	238.91220554616487	237.42138945773078	48.44999999999999	250.75883575883574	127.64598760637288	233.75	245.18787255909558	127.64598760637288	193.15341567996578	178.6398184185656	248.1526048658181	206.41807057114985	215.7863879758681	214.81393576717107	212.2385801823032	242.3566839755253	223.15102040816328	229.5	249.6827931510227	253.23547389810673	250.2426631382653	251.02212744689712	244.99315956221199
29.032796099065564	227.23234661680578	204.24262617923267	52.77603103257783	56.03270444902964	218.07692307692307	230.37864579260344	241.15384615384616	227.38636379407285	222.42499600774684	237.81336440806518	231.92307692307693	233.75	206.72009075868493	214.2	133.57142857142856	181.28846924833988	135.54565701559022	135.5456570155902	200.7758134986077	220.67746554432978	220.67746554501522	236.53846151621997	207.69230768290984	178.5	225.51020408163265	247.05089681952663	250.24266313659865	254.3333793556089	232.05
182.7991699152962	104.22172764429934	254.80936353014232	251.4862064875574	24.440777007718197	66.65503619204475	178.23735127499998	227.38636367521178	219.8570508348294	206.19334304261986	166.85494494996362	212.5	229.03636363636363	204.0	204.0	170.0	155.57326380394963	181.2884691954601	181.2884691954601	234.58660461903958	223.7482383695338	155.405114183538	177.93333333333334	206.75675675675677	140.25	140.25	193.07142857142856	254.0714610832954	231.70874074074075	245.30585731414948
195.50341631026174	104.06473131498956	23.422913574821933	146.042865903507	178.23735113097945	178.23735116789447	221.66101045976856	219.8570509459832	204.3143297614335	209.4196520625	214.46176166652586	122.95756513365697	134.05764584052466	134.05764584052469	238.50446610099553	90.78337858483582	137.62796350620846	195.1289627167904	195.12896271112004	190.98440806941625	172.6090639989472	181.28846924833988	209.81494904072304	209.8149490469046	82.14765099292822	195.8798882618592	235.7333333322	248.96449704142012	227.7285748388637	245.30585731517553
254.04797683065482	200.7532266087291	212.4953908078072	178.23735102	178.23735110500002	178.23735111252194	178.23735113455692	211.18324679916662	203.36903091300164	204.3143295921816	190.8199153710995	184.11929211310135	234.78768577494694	134.05764584052466	185.77453699865268	211.106188718685	201.24127976949995	101.32828799635635	186.17024104876964	172.6090639296565	205.69674998574192	215.76923076923077	153.1899601705347	95.05150660514275	185.84745759503303	185.84745762711864	169.53296703420904	214.31502247278797	227.7285748459994	203.3625
25.692893272546826	222.93122009152745	235.45289824646377	215.76923076923077	215.76923076923077	194.7013006337663	211.18324679916662	211.18324635381828	211.18324645192953	178.23735101999995	201.22816867315032	184.1192921163201	111.84656860226067	234.78768577494694	168.0595690999478	234.78768577494694	193.12290842824052	170.50623040322887	83.94079968303217	115.33074784962139	164.88069131562372	207.23342939481267	185.2325581395349	153.1899600885692	179.98707267670835	175.3125	140.25	169.3158953722334	192.744140625	225.88341346153845
212.07093591694107	201.245610523097	154.8770088501522	176.53846153846155	211.87132596922362	186.08927052513167	211.18324641359962	211.18324630476263	211.18324635381825	211.18324645192953	201.22816870352912	111.84656799753066	111.84656823673191	111.84656810969307	168.05956912551585	206.58640758942659	206.58640758942659	169.53124775623172	168.8882085417925	168.88820854656524	184.90720435195283	177.3838671809492	177.38386718671293	132.88840837875	109.09192804486386	193.28164030373162	155.81859175208115	155.390625	193.14492818804337	253.54429629612
5.923082457051436	242.38513377312086	5.079067937768031	186.0892707540482	186.08927066430186	186.08927064011823	186.08927062205782	211.18324564246558	211.1832462208161	211.18324594958065	140.250000014025	111.84656686515791	111.84656782004558	111.8465681148889	111.84656795094585	103.01909376453102	103.01909376453102	232.73806843547615	114.81440874164883	168.88820847749193	168.8882085169594	89.20679703228222	86.45527528160429	86.45527529466875	117.80784276492534	109.09192797390565	191.25	160.51984877126654	192.744140625	253.6453735892639
101.1167449208819	247.62132228998735	176.53846153846155	96.62134842039816	164.1671677880119	186.0892706280264	174.99915222139677	174.9991523865463	186.08927055606267	186.08927069116817	140.250000014025	100.93421584660084	211.68113754899636	211.68113753801816	230.5632391162234	230.563239581757	230.56323959962856	230.56324056644192	230.56323927122276	159.9718335972623	115.9446423363126	115.94464239237593	115.94464238982496	115.94464240927903	115.9446424297258	138.47272727272727	155.390625	174.99483483483482	174.83102918586792	254.1337907375643
25.692893272546826	194.2674012294443	194.24785373032108	155.65596279056598	169.5364784659056	169.53647851389053	164.16716718453165	164.16716729272787	164.16716728511167	164.1671673354017	164.16716740492876	153.0	84.99999999999997	82.01266832846053	159.94318529233203	159.94318530434063	150.84828403754398	230.56323832211262	230.5632388915787	230.56323977184482	115.94464244818712	115.94464237370104	115.9446423703709	115.94464237370104	115.94464233146277	158.5255292652553	137.30769230769232	204.25651809415143	69.10499999999999	16.2415109079993
244.52135368483272	147.6310923283741	139.05535766853723	139.05535766853723	169.53647836204695	169.53647837223616	169.53647837223616	169.53647837362598	164.16716722720582	164.16716728644678	193.8	107.77568139329088	140.9605332114484	181.30075995699093	181.3007599508349	82.01266833610538	93.22200052365787	222.9081919305401	107.29334972474328	129.40298507462683	116.6949152641267	115.94464193685886	115.94464239237595	115.94464236064388	115.94464233146277	95.625	83.61788617886177	206.93400349946353	1.1719593036884817	255.0
28.63976903825923	167.27740032441693	139.05535766853723	139.05535763935615	139.05535757027425	139.05535806314117	169.5364783340159	169.53647839261464	136.99037283501818	59.264070933906396	107.16856463800343	140.9605331234972	117.6431108537518	73.6992400491651	73.69924004300904	101.84278436057338	119.16561107819305	214.7156614087015	129.4029850839998	64.01342959715146	64.01342977840903	85.46352160738536	85.46352162637402	115.94464242972575	115.94464242972575	95.9677419217742	99.78260869565216	97.77033832807726	16.2415109079993	255.0
28.63976903825923	167.27740033679703	139.05535757027423	139.0553576296291	139.05535760762405	139.05535760762407	139.05535762629898	113.05556428432618	167.44715694248214	99.43762454189888	99.9841869783699	118.33227766145009	135.0025144475253	207.13910713449476	207.1391073636781	101.84278437661837	207.13910728601516	207.1391073401523	207.13910706263763	95.05681469565934	85.4635216659841	85.46352163957738	85.46352162776381	85.46352163795305	85.46352153409444	127.5	99.78260869565216	83.6178861788618	74.55015093557105	254.99898076153664
167.277400676434	167.27740033956917	167.27740029528698	139.05535762629898	139.05535761017507	139.0553576636874	139.05535755181288	93.31236562856296	92.19891944426328	92.19891944701504	90.66534785717758	92.1459615626039	207.13910718289355	88.80447306093762	88.80447310798229	118.7881491614703	118.78814917771348	95.056814707668	101.65123222919382	55.872761268432924	111.27272727272728	53.507166258839135	85.46352148610947	53.084855718496726	90.66666666666669	95.625	158.37865157960186	165.9114104436083	17.456201576795706	202.5690711716696
115.96296904753169	167.27740037830705	167.27740029411245	172.14767939847428	139.05535759072097	137.0525172159779	97.06381914956737	93.3123656079758	92.19891943302665	88.38564748365704	93.41781133187663	92.19891943393239	92.1989194485852	92.19891942029943	113.05556431478553	118.39402142006588	118.3940214591604	54.68241899443328	101.65123218181856	55.8727612927874	53.507166367417824	43.816753548070494	43.81675377918387	43.81675405041935	43.81675435753439	84.99999999999997	186.0892707540482	208.82296368761874	231.85644215808273	98.57694873568684
115.96296906071595	115.96296906511068	167.27740032296032	137.05251726549173	137.0525172159779	137.05251723894162	137.05251718584134	83.68785296791737	86.01643678528177	86.73433490062484	93.41781133187663	90.88935871319453	92.19891943393239	92.19891944370093	79.11223943264505	79.11223941124283	79.11223942811719	54.68241903468143	79.11223941906144	53.77183129647088	43.81675379924488	43.81675364618172	43.81675369523742	43.81675358640041	43.8167537791839	85.0	186.08927066430186	38.395285160035144	46.04926467756283	29.93654701159801
115.9629691060764	115.96296901402161	115.96296904852375	36.55815588547094	137.0525172159779	137.05251727551723	137.05251702654056	97.0638191346734	81.48062315473831	83.68785296791737	83.6878529327754	83.68785296820914	83.6878529523245	83.6878529523245	83.68785293643995	90.88935871319453	79.11223936840187	79.1122394326633	79.1122394326633	53.77183132684968	43.816753548070494	43.81675364618172	43.81675356965019	43.81675358640035	43.816753200833375	186.08927062205782	186.08927064011823	252.82974611418376	26.211571533285593	32.44038393753854
64.58380336909639	115.96296906071595	115.96296906770797	108.19904657929894	36.5581561143874	36.55815625268963	105.17154182237533	78.3292191935167	78.93254233025246	79.04968619059812	83.68785296820917	83.68785296820914	83.6878529255523	83.68785296820914	83.6878529327754	83.68785290467073	86.73433490062484	83.68785298926213	79.11223941906144	67.20277789952999	43.816753200833375	43.81675349000864	53.621684846759734	53.40479914863769	65.40425432226871	33.6488735985983	25.5	255.0	59.65735106078762	218.69634728149444
5.079067937768031	108.28624857065597	115.96296901402161	108.19904649371674	108.1990464770154	36.558156103447885	36.55815609797804	68.89033097150477	75.51608249755913	68.42234040041183	68.42233991529659	68.42234024101899	83.68785289741712	83.68785289763346	83.68785291143064	83.68785292587683	83.687852939674	83.68785298926213	83.68785293643992	74.5310311266984	74.53103132038021	85.44767861480454	74.53103138472568	74.68777082813153	55.90201636104911	61.15591359760438	25.5	255.0	101.56396927696264	11.534791858763072
163.41933966788224	11.668160204999992	47.787143569006446	115.96296907390018	108.1990464686647	108.19904645020998	36.55815606810825	36.55815606335727	36.55815606098176	93.72383933999998	68.4223399611952	68.42233995040954	37.32193974066183	76.91417129470364	83.68785296820909	83.68785291143064	83.68785290392356	83.68785293643992	74.53103125581961	74.53103125454479	74.53103125454481	74.53103125454484	42.7102272806211	42.71022727000002	42.7102272806211	30.959623473118512	61.15591359760438	53.85126484381891	11.366302965230915	74.87440752934347
208.37615823282135	11.668160130836014	11.668160120000039	11.668160077500005	47.78714358046139	108.1990463856655	108.19904644361264	38.001135140747124	38.00113515525558	184.34155489411148	184.341554906924	184.34155492685235	68.42233998555898	37.321939618292504	47.60717295484869	47.607172987806706	76.91417128626009	74.53103125454481	74.53103125581958	74.53103118945441	74.53103121430959	61.09673317524164	42.710227312499995	42.710227243706015	30.959623416422374	30.959623405088962	167.58900253029617	126.9359753827961	120.50949559765908	252.3405840279216
191.48052596267587	64.58380336909639	11.668160075463504	11.668160093920989	11.668159949999989	55.857961357811405	73.71153075166015	73.7115308045399	108.19904619203206	53.28193519537541	53.28193552617461	53.28193535324553	184.34155492873066	184.34155477087816	69.27349748678458	76.28551360013512	74.53103112669837	74.53103112436395	74.53103117050395	61.09673270266947	61.09673280420881	42.71022718500001	42.710227188424795	30.959623399757334	33.06431520650045	33.0643151846927	230.94300310475228	8.78472655660994	174.0113119896527	191.90211549458286
252.86127166106905	163.41933966788224	118.22099791638345	11.668160135903463	49.796500483161054	65.35977704942465	54.513349835942535	57.48248030596818	13.085759023430995	41.09782066078657	41.097820692264236	53.281935295602494	53.28193527458825	53.28193537939521	184.34155484725994	61.09673257267744	61.096732690407464	61.09673272834121	61.09673274600016	61.096732767665515	42.71022744000001	30.959623416422374	30.959623473118512	33.06431520650045	33.0643151846927	165.75165402282317	255.0	200.76646065481873	51.73853829321425	23.491310345899876
143.06782741218223	25.403877103381888	108.29412843876398	0.31953065748214726	20.060841885110875	24.46675235277587	24.466752352775842	24.46675235158719	24.466752423541777	41.09782055049888	41.09782066078657	41.097820692264236	41.09782064582586	41.09782067277209	41.097820638345496	38.26068932404951	38.26068923525247	38.26068925794027	30.95962360637742	30.95962343002705	30.959623388074306	30.959623399757334	30.959623405088962	30.959623339217927	155.65596279056598	255.0	73.52483538748686	23.81396105688802	204.93920400992698	231.84777456988215
16.876442480812102	3.5302364291672745	64.2375798748107	8.190895078656808	6.562921269940745	22.90011514635688	24.466752289141937	24.466752335352737	24.46675235149371	24.466752322309162	24.46675238067826	24.46675242165591	43.7884435635215	38.26068922667139	38.26068919085395	38.26068922979917	26.563102200097802	26.563102111920898	26.563102093167913	26.563102083791364	26.563101968003423	30.552260506749775	30.55226047270537	30.55226060888299	220.97746225803277	255.0	255.0	24.95156608435653	225.60054424125826	110.21292534936174
10.128651216780952	115.08528340400338	12.584362487677339	20.057182133969405	25.446596393518632	64.2375798748107	30.223208396168275	34.24016530082338	83.83151515604055	24.466752319211793	24.46675235149371	24.46675235158719	24.466752349209855	38.260689036052554	38.26068916413365	26.5631020498013	26.563102090797713	26.563102049866302	17.236658350421862	30.55226047901371	30.55226045260693	30.552260409285054	30.704048922865496	1.0810466101290217	255.0	255.0	255.0	170.24905732182904	76.81104327752021	255.0
1.0893750376906723	7.97334000451653	10.066576978315055	12.584362487677339	1.1356632017387938	26.397887170449962	7.085184192810004	30.374465792951497	34.24016530082338	30.374465792951497	20.548416842969345	14.214236831995947	24.46675235149371	24.466752349209855	8.19095797599445	93.3532471143636	93.35324718267802	30.55226040461659	30.55226047901371	18.310224460716057	17.084438441033	3.3966140535069087	11.291578676472142	1.8758060462973276	51.55725119257383	255.0	255.0	91.65006059678572	252.0341497290508	0.0
