254.7049377440764	254.96511747333332	254.564831708235	250.36884470106088	220.0836598138917	237.72107382812501	240.68088142662583	244.0953947368421	252.45	236.86666666666667	254.73964298572065	133.57142857142856	254.71706798231017	32.866666666666674	220.69125486748408	170.0	0.0	224.70238986177662	0.0	250.67410714285714	46.363636363636346	252.54397683243886	247.24438126598508	247.24438126598508	207.6015621554496	253.64743719183238	225.6262185068958	254.696063810439	254.4268500076893	254.9688889443279
254.93170954606765	254.99875506431647	251.0172813618087	252.01754385666666	219.99710816483517	240.68087866759197	46.363636363636346	181.9766072490661	216.45146157361904	254.27210141871444	234.06684670871113	254.55936	208.3467577714148	173.86363626485021	0.0	210.18487027728128	170.46448087431693	214.19848198810774	223.98156089193824	214.80919305935788	171.33664945741606	227.81532506881018	228.73602099842608	251.4455245252862	234.6762099080863	240.97675867406366	254.40726542824984	254.92661431760203	254.6960638104482	254.26712984765098
254.71489096800784	226.66666666666666	247.42722728815318	254.745	231.39608952371393	181.9766072674558	219.14538135811884	219.14538076735823	156.11759725445012	227.109375	230.89650460524552	254.47634588375024	252.63522314328418	252.64207299986265	251.02093814579837	188.78022053284025	225.24589076761367	218.72439573945104	228.49360121675358	246.21815803499527	220.26200477741565	231.5715667311412	165.40540541658146	237.9999999915	231.62638933138348	238.9935336704044	252.1347305430698	251.19576824759778	254.4751754920322	254.76418254208502
251.09549485182453	0.0	224.93448351310875	218.06956063979106	159.93648247121507	246.13899613899613	195.723684140625	156.11759731235932	160.51903725914275	252.45	0.0	175.7074551637236	84.99999999999997	171.8065775950668	175.7074551637236	227.42235839793557	0.0	178.70098416539696	92.76371731595853	214.18568112062505	215.17489116687176	188.00866821797814	230.53800069026278	218.74489796135205	237.9999999915	243.09783850863346	249.61176719960736	252.13473054312723	249.845363043914	254.12075268817205
5.824650855690152	179.19066824641425	89.27289388125058	0.0	242.49436092034864	230.76923076923077	184.95955599861884	0.0	126.27990451572992	200.65135270071286	236.74193403121535	173.0769230769231	85.00000000000003	250.6363640868734	251.328	133.57142857142856	200.67713795230458	210.60690423162583	210.60690423162583	208.6306150885533	228.4936012183329	228.49360121711115	155.7692307621824	248.07692307723633	244.8	216.54761904761904	249.38145429664291	252.1347305430168	252.58022819877434	254.592
248.05801912539874	30.796800425580955	251.40552162681104	247.11735900309657	3.521589296657112	254.97916470074864	255.0	126.2799043164245	110.71298952078783	175.6783110323571	220.07280692608407	191.25	136.3090909090909	229.5	187.0	17.00000000000003	242.62955967039844	200.6771378704278	200.6771378704278	122.5255695958079	205.1923937201729	109.50726725503424	251.01234567901236	248.87387386621623	251.599999983	251.599999983	222.0408163265306	138.93263541192533	254.9376416196718	251.67282749462802
131.22517696916802	12.49367760749982	8.776389542585605	16.58696474180286	255.0	255.0	109.64357397022164	110.71298933844	172.8813561464737	155.23470014999998	59.264070933906396	233.5271228940137	236.95547117707974	236.95547117707974	145.71249653020035	184.5696727778415	123.71886210319246	175.27794702628276	175.27794704234037	188.60329397098766	97.10489501753784	200.67713795230458	223.75257015221217	223.75257015162114	159.16107379879844	215.82402234335441	158.1	104.11242603550295	242.37722606827404	251.67282749472503
35.083682934358734	114.73334058745604	197.4802987652954	255.0	255.0	255.0	255.0	95.3180943889017	171.47984228981755	172.8813557655487	164.95577479194338	164.4969459500714	133.00424628450108	236.95547117707974	235.25710901427564	0.0	107.7756813816674	227.26076991486522	221.7870103814802	97.10489497445712	182.84800732245418	58.84615384615387	186.84300227592956	21.339975959825807	213.50847456220626	213.5084745762712	243.85347985184143	237.83602510564197	242.37722606706873	254.9546666712
205.51206101180497	81.3007728683805	244.31126862948125	0.0	0.0	158.6805370973549	95.31809381055118	95.31809416631569	95.31809421874448	255.0	97.25432864512237	164.4969459245015	229.70585570616382	133.00424628450105	133.78033694156665	133.00424628450108	167.94109025042258	171.1778584950202	225.55513623591418	204.0000000456158	158.8488116516638	152.485590778098	223.25581395348837	186.84300224144383	212.8052283796183	225.25	252.1666666695	245.70757880674046	254.85243055555554	249.5076923076923
8.613431858723345	4.403056873818173	73.32572989542422	196.15384615384616	74.89349006670923	36.55815588547094	95.31809419611821	95.3180941401013	95.31809416631566	95.31809421874448	97.25432860103425	229.705855036406	229.70585495545595	229.70585512017448	133.78033690154186	87.47197729428188	87.47197729428188	170.15965889177295	180.6725471515577	180.6725471444567	97.80744291071724	195.13080664095253	195.1308066425887	194.47837210125	227.9779022143601	217.37161218751794	245.4474505723205	253.22916666666666	253.1511194656104	218.178
121.10859103354872	169.00091270652078	247.67136083028888	36.5581561143874	36.55815606810825	36.55815606335727	36.558156103447885	95.31809381055118	95.31809409972647	95.31809421874445	112.20000001122	229.70585515607493	229.70585495545595	229.70585498301043	229.70585515607522	216.00703589572186	216.00703589572186	126.57381736853876	223.11188540250004	180.6725470871359	180.67254711549649	206.60665748090304	211.2221737720288	211.22217388101427	173.52536214822686	227.97790207293278	221.952	231.37996219281663	248.67296006944446	251.35861378585227
61.73914261382345	57.88247189927452	196.15384615384616	108.27980704870455	134.92552669983712	36.55815606098176	139.12488901758178	139.1248889670043	36.55815609797804	36.55815625268963	112.20000001122	220.9173266862385	10.886340018407537	10.886340011147723	120.13557884606104	120.13557958696094	120.13557932946736	120.13558029627956	120.13558008149727	159.9292979514929	152.73668452423132	152.73668450716127	152.73668452423132	152.7366845385381	152.7366844742187	220.38181818181818	233.30729166666666	241.2488888888889	241.02306547619048	251.19576824759778
5.851216978291376	8.190895078656808	0.0	204.3177098185135	105.75905702599107	105.75905699381056	134.92552639809696	134.92552647917762	134.92552649867702	134.925526548967	134.9255265408837	224.4	84.99999999999997	151.42669000228386	60.34088830506988	60.34088830995171	143.78651649322956	120.13557958696094	120.13557862403891	120.1355791876743	152.736684460127	152.73668452363262	152.73668450992454	152.73668452363262	152.73668448131093	186.72478206724782	218.52764423076923	228.34843188934116	254.745	228.33732980140672
171.70570862532992	169.76514915475138	102.26331562571377	102.26331562571377	105.75905704718946	105.75905706498241	105.75905706498241	105.75905703274529	134.92552647917762	134.92552649974633	91.79999999999998	8.646595386132589	123.31856626171214	61.021592944840506	61.02159300272183	151.42669001734475	212.50277818742092	106.72506150578656	32.95124366014332	148.4328358208955	151.27118643188737	152.73668447421863	152.73668450716127	152.73668450277114	152.73668437428626	233.75	125.77235772357724	244.05212572869132	64.36201600982676	255.0
247.84466381200207	0.0	102.26331551868907	102.26331549722886	102.26331552578134	102.26331552578134	105.75905707235538	105.75905710056833	218.7223227786042	59.264070933906396	106.27279651655479	174.36191973458108	118.0712007958191	193.97840699727814	193.9784070551595	197.01851554249407	118.81754722829555	97.3852803804244	148.43283580981844	188.12937060049467	188.12937056250001	149.24094289943167	149.2409429672547	152.73668447421866	152.73668447421866	205.6451612903226	177.39130434782606	171.6371276840813	228.33732980140672	255.0
247.84466381200207	0.0	102.26331552578134	102.26331549007546	102.26331549283873	102.26331549283876	102.26331547636738	87.69879313887199	68.77725920590521	100.01629565211823	98.5787028420387	255.0	195.89779145021257	80.79601371045106	80.79601361175378	197.01851547573813	80.79601364698212	80.79601353870788	80.79601342507831	194.65911169004826	149.2409429276446	149.24094295405138	149.24094293501759	149.24094295281054	149.24094297400893	163.2	177.39130434782606	125.77235772357722	50.806252099826764	0.18508702392571763
0.0	0.0	0.0	102.26331547636738	102.26331547576868	102.26331547576868	102.26331553987299	75.69671102409563	143.49969944355757	143.49969944391427	93.71260537025114	93.48324827553756	80.796013396662	77.87994424555106	77.87994427050569	104.19456629554247	104.19456632783141	194.65911169493012	119.60258495730454	154.4663463194115	139.0909090909091	174.4344897919014	149.2409430061894	178.2721071353593	175.66666666666669	180.625	146.72019295129542	0.16013256574416346	233.0027222368899	97.73905680228378
139.03703095246834	0.0	0.0	46.09216536516763	102.26331546146187	47.82869095136445	71.79954025780034	75.69671103585725	143.49969945346203	82.60827464779788	91.20133690567161	143.49969945406252	143.49969943634227	143.49969946885363	87.69879319928967	92.73797528571953	92.73797527684707	79.05130411877022	119.60258497635729	154.46634629405224	174.4344901611204	159.68190578125552	159.68190590027353	159.68190578125552	159.68190618944885	164.6875	26.08351197377587	165.85528053502844	0.6401280145868782	98.57694873568684
139.03703093928408	139.03703093488934	0.0	47.82869081583456	47.82869090845685	47.828690905367495	47.8286910844333	94.34166292187041	85.85155263725616	85.7420946814324	91.20133690567161	84.50391060456437	143.49969945406252	143.49969944224904	74.18450951683747	74.18450952203739	74.18450952718621	79.05130413374792	74.1845096354509	157.74567139896578	159.68190578125552	159.6819058336843	159.68190585989873	159.6819058038818	159.6819056110983	164.6875	26.083511995047928	91.87806942777556	155.7247834962381	255.0
139.03703089392366	139.03703092269996	139.03703095147625	36.55815588547094	47.82869088700306	47.828690798498	47.82869073244524	71.79954023259134	81.28325359795053	94.34166292187041	94.34166290862694	94.3416628959653	94.34166292645949	94.34166292645949	94.3416629085527	91.20133690567161	74.1845095420899	74.18450953102621	74.18450953102621	157.74567135487763	159.68190578125555	159.6819058336843	159.68190585989873	159.6819058038818	159.68190618944882	26.08351204227617	26.083512024797272	72.45161379415157	1.440175696296734	20.898490361422205
205.89625858704557	139.03703093928408	139.03703093229205	250.36867116102925	36.5581561143874	36.55815625268963	94.38259732974234	78.14792117714822	79.28157148217497	78.34517748028097	94.34166289596533	94.3416628959653	94.34166290316028	94.3416628959653	94.34166290862694	94.34166301794207	85.7420946814324	94.3416629616008	74.18450954788358	92.36283494508706	159.68190561109827	159.68190590027356	142.81495702784625	117.284260165956	143.0409689868414	162.7227343273281	229.5	255.0	76.39670487536966	249.92333786741324
38.67583053029398	60.66363235609373	139.03703092269996	250.36867109837388	250.3686710990888	36.558156103447885	36.55815609797804	69.8831805331063	76.08602764043866	197.18482824450885	197.1848279821312	197.18482786226377	94.34166286889655	94.34166289538345	94.34166286889658	94.34166292187041	94.34166293742405	94.3416629616008	94.34166295695368	90.23448443665089	90.23448448968614	110.6214533474259	90.23448430763722	102.0	122.25930364105028	96.76083840079929	229.5	255.0	224.61803581016127	224.41615954287295
36.059571905415794	255.0	55.14268684546272	139.03703092609982	250.3686710404044	250.36867107204267	36.55815606810825	36.55815606335727	36.55815606098176	166.66540869	197.18482788648163	197.1848278553986	104.31627216533056	84.60926564959203	94.34166289596527	94.34166286889655	94.34166292645952	94.3416629085527	90.23448437209021	90.23448439442438	90.23448439442436	90.23448443781803	107.1551828334537	107.15518284999999	107.15518288882626	163.68336183631212	96.76083840079929	173.9881816056435	99.30183607737499	251.84285764994405
84.91559138168168	255.0	255.0	255.0	55.14268695598764	250.3686710275494	250.3686709824348	118.9025760067905	118.90257602981316	62.594717671956715	62.594717782184034	62.59471780048983	197.18482792276114	104.31627219564129	165.43097760319546	165.43097760656286	84.60926567753344	90.23448430763713	90.23448437209024	90.23448437272762	90.23448424296899	82.22290103443555	107.1551828925	107.15518287036875	163.68336180385927	163.68336179345025	167.58900253029617	120.62090288402186	97.43535347364093	44.889236346769934
61.79540694531124	205.89625858704557	255.0	255.0	255.0	56.240046136548045	54.32286204769542	54.3228621295722	250.36867089406957	171.502042774745	171.5020430008378	171.5020429143733	62.59471770375703	62.5947178554072	69.41190707697822	76.09631684094728	90.23448443665083	90.23448430763713	90.23448433980991	82.22290069941462	82.22290063860498	107.15518276499998	107.15518287999058	163.68336180917606	79.23017742061734	79.23017743405833	120.6011980916908	192.6478130144984	17.899753419375998	55.9086687610546
210.59811036716053	84.91559138168168	5.930056525947293	255.0	48.472873785242854	45.57848135606994	55.99824445972132	56.04533017701047	174.36191973458108	68.69376367581972	68.69376409254778	171.50204282790878	171.50204280753388	171.50204289493183	62.59471762510509	82.22290056942256	82.22290068686135	82.22290067077594	82.22290065608388	82.22290069941462	107.15518301999998	81.16257405239091	81.16257411904058	79.23017742061734	79.23017743405833	165.75165402282317	255.0	42.512877988424066	111.74754600356033	160.72160488156663
39.662110027006406	37.79889812356416	2.42262098691117	85.82750764983939	46.96371222022785	56.377851372792236	56.37785137279221	56.37785138244192	56.3778514017412	68.69376388324201	68.69376395430157	68.6937639716046	68.69376402212234	68.69376405996724	68.69376405603282	56.25167753995245	56.251677550540876	56.25167756767266	81.1625740707652	81.16257406673321	81.16257401906608	81.16257404078627	81.16257405476344	81.1625739888924	23.03024490733773	255.0	253.338987311949	244.19078624604646	108.39044010134657	222.54453397113812
4.670214727151205	29.904957039055063	64.2375798748107	8.190895078656808	204.3177098185135	0.0	56.377851285945354	56.37785137684986	56.37785136070889	56.37785136784612	56.377851418135606	56.377851413377414	3.9891386098622093	56.25167756767266	56.25167755583513	56.251677530579286	92.39026592534111	92.39026591070572	92.39026592945879	92.39026591070572	92.39026588966925	76.65220412961662	76.65220409007605	76.65220424823838	3.5893330247928077	255.0	255.0	254.02595098636297	251.84639292759107	57.48914993072401
10.114551896757092	1.5553711969380402	11.892180156931175	0.0	26.233479620307634	35.642129522906544	30.490267839122993	35.642129522906544	255.0	56.37785131766631	56.37785136070889	56.37785138244192	56.3778514017412	56.25167753995245	56.251677442597156	92.39026594658131	92.39026593097256	92.39026591720486	103.45277922190508	76.65220407500499	76.65220410141174	76.65220409881829	52.10880364579657	20.283443501017388	255.0	255.0	255.0	20.68408043365639	7.900778477623618	255.0
1.104191531971594	10.102655770518737	10.249384078791593	12.2622459486754	0.0008281855770917446	18.71208565770246	0.0575114697007848	27.01249382867556	64.2375798748107	37.841467812178905	27.01249382867556	3.5893330247928077	56.37785136070889	56.3778514017412	167.58900253029617	83.26309053281832	83.26309066301306	76.65220401099486	76.6522041146151	38.520881042333144	36.13893375555017	18.685704368847098	33.80302171552316	4.293203954359171	75.25205516395567	255.0	255.0	52.90218098803504	12.088654713264845	255.0
