254.91385167244204	254.88206728518517	254.48733802007789	253.1673221486175	251.5739598905004	245.84079588341345	241.74287167062647	235.6140350877193	244.8	182.46666666666667	232.35480527716737	250.44642857142858	228.19290855899663	244.8	251.26234168378005	192.666666661	221.0	222.99007932341638	221.0	223.94464285714287	239.54545453772727	223.8611267238506	222.30533728100033	222.30533728100033	250.53481654045373	243.29299480024582	254.07912669518694	253.80260851290663	252.35210455638673	252.86831086984353
254.9853356507964	254.5393943898504	253.2528580375572	249.51612900666666	247.82878412362638	241.74287146381238	239.54545453772727	230.9232377266739	228.78712085024398	227.44084535234998	254.7555044248157	213.617580765	250.73650720517173	69.54545450594009	156.4772726383652	247.29308348880906	251.9808743169399	241.04428264205038	230.28730703259006	200.7803843450157	243.28480078072073	227.31378098754172	239.40862923749486	215.90231048294697	233.74838876814823	240.93493022950753	235.30728805120856	251.2179011479592	253.80260851257086	254.6021115558175
254.44913069617343	239.762962968	244.29266534499632	252.96	205.50063994642045	230.92323766343233	221.02390646013345	221.02390560270806	215.33943100117938	212.5	254.97189678115163	206.0369138693475	204.45957874099182	204.79571312322855	198.45297362459036	240.57427573453873	209.77374605114784	202.50614502253177	212.7928673890223	187.26966127679884	221.74031835163478	198.93617021276594	249.04791155534107	204.0	231.6588135082034	240.15889615944556	247.85080503635876	252.57953920964545	253.26494846115023	253.3317477904283
251.09549485182453	250.46666666666667	255.0	195.38768183112865	213.1177867718737	154.8024948024948	214.213709703125	215.3394309134801	214.23379667076682	232.05	239.24710424710423	221.72362901972969	233.75	204.1677286742035	221.72362901972969	217.60498572770015	189.73070362959643	234.27804051283454	213.47432148338766	215.05822041927792	214.949506724172	221.32206592878504	207.6517622781626	225.42346938558674	204.0	229.19242671624485	243.8885516405969	247.85080503332102	251.56952485038786	252.7653014236751
41.61314549873197	251.35626695640522	71.50080783096129	149.65066852677987	199.00928996789702	120.0	206.52728895099807	218.07692307692307	193.49340199025698	202.5919614937897	240.88035840504745	183.46153846153845	233.75	166.16339205682772	179.132231445	242.85714285714286	138.16998792674127	163.75278396436528	163.75278396436525	200.25725332379372	212.79286735524835	212.79286737068193	240.73426573910706	196.15384615650888	241.090909077	225.42346938775512	245.01096168700315	247.85080503081645	246.08088313062854	254.241322317
4.2290343682540765	148.53417244296142	151.8348897849905	219.4267530992401	19.773222611019946	71.62245182975707	178.23735127499998	193.49340175581727	180.3764648794725	178.31100958189646	61.87007477593559	170.0	170.61818181818182	204.0	119.0	204.0	167.2294307170491	138.16998786581644	138.16998786581644	220.29247169172098	178.57486634710483	228.15148063225556	212.05925925925925	163.68243243243245	229.5	229.5	240.21173469387756	240.49157942649066	247.76899131229996	251.39443312768296
180.56180101845456	226.6882551957919	254.48801264395053	193.7217117985826	178.23735113097945	178.23735116789447	182.18321121309157	180.37646490139497	175.5826271650693	178.51869628125002	214.46176166652586	135.04136760276236	146.11667241974453	146.11667241974453	213.6709954761315	183.5828614950721	198.80942149811818	204.59111941324014	204.5911194248246	185.00552936718697	192.0596612353021	138.16998792674127	196.1235870766513	196.12358707613322	97.55033555410228	226.3141188408336	202.300000017	217.27810650887574	241.60778228694198	251.39443312719334
41.18917999379295	10.822974922145988	12.643855442124618	178.23735102	178.23735110500002	178.23735111252194	178.23735113455692	166.1263949763684	174.21494078535915	175.58262705912455	141.5728043534688	149.81902128941837	205.73248407643314	146.11667241974456	155.63523051100827	161.8871652437	128.92462568053605	138.76583752411372	166.01058450576642	192.05966119828406	150.86078168100363	156.92307692307693	184.55701799358934	211.88151867840145	211.77966099365415	211.77966101694915	203.78205128011928	221.47661153445694	241.6077822859067	252.45
242.06893988040542	253.72837045112968	53.65909477306889	176.53846153846155	176.53846153846155	161.71963704649707	166.1263955547189	166.126395087248	166.12639520015296	178.23735101999995	196.623943534241	149.81902125393046	123.8317820423245	205.7324840764331	192.12056696317265	205.7324840764332	147.42053891781995	167.35770602046443	174.3619196689565	195.44483074317557	168.15522292907193	188.86167146974063	137.44186046511626	184.5570179818871	189.0706693431536	210.729166663125	216.75	177.01207243460766	218.97230360243057	244.4998664548077
109.4881828266956	10.085007804575326	231.18254164172524	78.46153846153842	156.09421358133488	186.08927052513167	166.12639497636843	166.12639503079558	166.126395087248	166.12639494897851	196.6239435478787	123.8317812763365	123.83178163762653	123.83178183137898	192.1205669666822	190.06214848411844	190.06214848411844	169.41048710310298	158.2766191096013	158.27661912170916	139.07545556572018	161.64682206942814	161.64682207078357	173.84431945875	175.11494735293698	183.4411950347149	195.29656607700312	185.82682291666669	226.1112416501628	244.1086666644
197.14769169702473	160.0662083642122	91.34709127272149	186.0892707540482	186.08927066430186	186.08927064011823	186.08927062205782	166.1263943980179	166.12639497636837	166.1263949489785	187.00000011219998	123.8317812936915	123.83178163762653	123.83178178051799	123.83178165562052	126.74630343606083	126.74630343606083	201.46596010026065	150.35828323869765	158.2766190606129	158.27661908349785	147.56966891978297	148.88205801515926	148.88205788352275	230.79562500851358	175.11494742535373	175.03199999999998	206.79584120982986	218.97230360243057	250.93820603502374
134.93190186376762	254.6205142585241	78.46153846153848	155.5854565847065	111.03336653105953	186.0892706280264	141.98236910101693	141.98236922647635	186.08927055606267	186.08927069116817	187.00000011219998	112.00161491300838	152.08166855952066	152.0816685728073	197.01756828339362	197.01756954282996	197.01756925020567	197.0175711838313	197.01757098367096	159.77822919116625	150.0270539905448	150.0270539671183	150.0270539905448	150.02705400523067	150.0270540154473	158.56363636363636	185.82682291666669	194.42078078078077	194.2387912826421	252.57953920964545
242.06893988040542	194.2674012294443	147.6310923283741	155.65596279056598	130.09761655223144	130.0976166210417	111.0333662293194	111.03336626875262	111.03336632989942	111.03336638018945	111.03336647378092	115.90909102500001	212.5	104.42203578636432	195.74285068101122	195.74285062439583	141.62296384945657	197.0175670235407	197.0175693996197	197.01756956873535	150.02705392757773	150.02705394295378	150.02705397585893	150.02705394295378	150.02705394648714	148.1095890410959	157.22956730769232	71.55103019223384	248.115	0.0
4.021100544171247	57.70016904383286	104.97294616053756	104.97294616053756	130.0976164833042	130.09761643739168	130.09761643739168	130.09761647220427	111.03336626875262	111.0333663370954	122.40000000000003	140.9605332114484	68.77433050451256	160.56244000286583	160.56243990401407	104.42203578233514	103.6409024643018	184.04650166188497	144.53241243581266	114.17910447761193	125.33898303985924	150.0270540154473	150.02705396711826	150.027053968516	150.02705383946244	122.1875	180.3658536585366	157.76430570127076	18.36638238986143	255.0
211.01947941788546	115.96296906511068	104.97294605351286	104.97294603148401	104.97294598455275	104.9729459845527	130.09761643259415	130.09761634556662	97.78041814478013	183.35567747190316	106.47054781134764	140.9605331234972	117.10018423253254	94.4375600959859	94.43755999713414	89.14464777307828	119.82523507148133	172.76328260337232	114.17910446909113	119.16903416808577	119.1690340909091	124.90238365443335	124.90238352779576	150.02705401544728	150.02705401544728	131.61290322580646	144.1304347826087	39.148932981001025	0.0	255.0
211.01947941788546	115.96296901402161	104.97294598455272	104.97294602414107	104.97294603288174	104.97294603288174	104.97294605704619	71.24729317468481	95.06925363172851	98.84443962881465	100.03663274318535	120.83974417564701	105.93164169003978	158.31095191663707	158.31095180965815	89.14464780461512	158.31095187615688	158.3109518761569	158.31095175299285	59.25714937560417	124.90238356740585	124.90238354099915	124.90238356260832	124.9023835166958	124.90238344776859	112.20000000000002	144.1304347826087	180.3658536585366	201.42729657638873	1.3561909983369844
115.96296904753169	115.96296906071595	115.96296904852375	104.97294605704619	104.97294600945523	104.97294600945523	104.97294607242227	73.75023183903701	74.11425368629423	74.11425368609176	91.96858506043361	91.22149076058622	158.31095179995842	88.68357376574573	88.68357380405749	66.112433664973	66.11243365519627	59.25714931898878	88.01363928691816	81.65637142641816	101.99999999999997	103.87156464498577	124.90238337895829	105.47037937353457	107.66666666666666	122.1875	99.41454341529351	234.29662049980607	58.848745065672006	195.70174121038866
39.252264797433156	115.9629691060764	115.96296907390018	110.04823786604885	104.9729459947693	68.74857795978747	79.5195680008652	73.75023188206885	74.11425365620917	91.91029508725103	83.88413443830174	74.11425364507957	74.11425369738421	74.11425371637927	71.24729324820802	66.76600723940115	66.76600722206013	110.01648272038062	88.01363929091863	81.65637134912797	103.87156502248115	88.87360505102149	88.8736050236316	88.87360505102151	88.87360560198215	100.93749999999997	94.99424144864417	33.328987494052086	76.09076082636747	98.57694873568684
39.25226460687247	39.25226473762433	115.96296906770797	68.74857795498306	68.74857795978747	68.74857799106414	68.74857806322626	75.12807949083756	85.44569501075986	89.88545447522304	83.88413443830174	105.8274397143222	74.11425364507957	74.11425367994934	81.92737976271601	81.92737975222605	81.92737974343245	110.01648271419171	81.92737979243267	58.376056452121304	88.87360505102149	88.87360491275197	88.87360496920445	88.8736050236316	88.8736050236316	100.9375	94.99424143016324	10.758666452850292	247.7141068206717	74.55015093557105
39.25226467723496	39.25226466749447	39.25226478431094	145.77907817165195	68.74857795978747	68.74857792508351	68.74857768692232	79.51956797254343	82.62696184194624	75.12807949083759	75.1280794970306	75.128079492133	75.12807947787309	75.12807947787309	75.12807951201421	105.8274397143222	81.92737972234167	81.92737974815321	81.92737976716825	58.37605646575898	88.8736047998471	88.873604912752	88.87360496920445	88.87360483084808	88.8736044452811	94.99424142021834	94.99424141781807	47.388351385338694	106.8272640223247	182.85067608575167
138.33430901407223	39.25226460687247	39.252264706433294	71.5747892722355	145.77907817165195	145.7790781263448	83.24499309555895	78.59440683564023	78.38401970173047	78.21328091513823	75.128079492133	75.128079492133	75.12807946737601	75.128079492133	75.1280794970306	75.12807943509347	89.88545447522304	75.12807955633969	81.92737970486536	73.16612167296978	88.87360502363157	88.8736050236316	77.61987235623974	70.96960173896332	79.28487949137855	77.59033215040321	178.5	255.0	231.4544787317028	178.7632058963774
91.34709127272149	25.912848012639188	39.25226466749447	71.57478925422808	71.57478920381871	145.77907805172396	145.7790779917599	72.02250591750587	76.28608837798339	77.48847729296281	77.48847738083407	77.48847752888159	75.12807945955547	75.12807946118303	75.12807951560956	75.12807949083759	75.12807950322357	75.12807955633969	75.12807956041516	63.203816980226975	63.203816867498716	77.48222439103321	63.2038168345245	64.17547328370907	67.76599896196336	150.57264830025048	178.5	255.0	3.4247982797501777	160.36885391609667
250.24171802047954	133.33408022999998	90.92307596379959	39.25226470771992	71.574789178614	71.5747891561636	145.77907808376273	145.77907803167864	145.77907805534517	66.67001877000001	77.48847726142887	77.48847720901739	103.284455887175	71.84830981293817	75.12807949213297	75.12807951560956	75.12807947787311	75.12807951201421	63.20381680515729	63.2038168345245	63.203816834524474	63.20381683452453	52.9401191841209	52.940119219999985	52.9401191841209	42.969332303499726	150.57264830025048	116.06311845975634	228.349493994538	205.51026293886423
224.41615954287295	133.33408012079056	133.33408006000002	133.334079975	90.92307599907198	71.5747892340766	71.5747892210837	53.902245286951484	53.90224533445817	131.30447497791204	131.30447491226823	131.30447491119526	77.48847735566332	103.28445577962862	70.87578048037645	70.87578051677278	71.84830983241531	63.20381683452442	63.20381680515732	63.2038167694341	63.20381675477054	54.75439969617301	52.94011917749998	52.940119184120846	42.96933224442253	42.969332256399696	21.479235177439392	146.05160554716824	252.66024194821338	156.85804705770002
69.22219882994824	138.33430901407223	133.33408006541805	133.33408004696048	133.33408022999998	56.1499076842735	116.8300120732587	116.83001213418356	71.57478892401983	60.60565135758259	60.60565161455753	60.605651528093006	131.30447503851673	131.3044746922168	68.91266942731747	77.50785550565357	63.203816380721975	63.20381683452442	63.20381671762249	54.75439952798797	54.75439963190257	52.940119304999996	52.94011909636734	42.96933224899985	55.474463235678826	55.47446324431115	253.08600392670877	119.37626525159271	254.7409915167819	234.9441286671887
253.25763292183717	250.24171802047954	160.64303107483357	133.33408006795173	49.99443324339586	50.86577077588484	52.913998427277676	58.6529495052165	115.33074784287777	117.47816531501664	117.47816520105877	60.60565144162848	60.60565143391946	60.605651500096855	131.30447479050582	54.75439939799594	54.75439951437889	54.7543995535535	54.75439952798794	54.75439952798797	52.94011904999999	42.96933224442253	42.969332303499726	55.474463235678826	55.47446324431115	165.75165402282317	255.0	186.10885025608752	28.474506383569718	77.79869273218227
221.34370189109057	19.5969178836132	27.013681943257012	4.371090628362651	56.758671672870065	33.154371903262046	33.15437190326202	33.15437192642861	33.154371898429815	117.47816517614834	117.47816531501664	117.4781653220019	117.47816527225132	117.47816532675515	117.47816525086856	42.29678286352478	42.29678287148644	42.29678287596863	42.96933242961529	42.96933224529997	42.96933221488388	42.96933224899985	42.969332256399696	42.969332256399696	40.333365616098604	255.0	89.4115368807011	110.21292534936174	253.3127605851513	14.268578923523506
33.730940843060495	35.52845792025664	32.57536585338528	138.4777707241397	110.95474892207613	13.45318169495377	33.154371917758624	33.15437190151124	33.15437191765221	33.15437192184942	33.15437191345504	33.15437195369947	80.49344861407988	42.29678284469975	42.29678287546727	42.29678284815745	40.84056769706842	40.84056754868459	40.84056756743763	40.84056757681415	40.84056747948014	37.870093749090955	37.870093774977846	37.870093671430254	31.451129933216095	255.0	255.0	207.81480317646316	169.9900482161658	110.61924454525348
10.098899034514773	13.308115561303538	12.695018533378686	19.120263096418654	19.495509946623372	32.57536585338528	30.127844438045088	34.24016530082338	20.060841885110875	33.15437185308835	33.15437191765221	33.15437192642861	33.15437197276174	42.296782719526306	42.29678284469975	40.840567595933265	40.84056759864791	40.84056755892533	42.20642427797898	37.87009374771398	37.87009374771395	37.87009368025872	76.46143961245701	255.0	255.0	255.0	255.0	137.33551935522473	159.27298495168452	255.0
1.2647254958784515	10.732282144737212	10.235851657657463	12.695018533378686	7.288462425917714	21.02161815896386	24.370596505537435	20.548416842969345	34.24016530082338	20.548416842969345	45.684891360443885	14.214236831995947	33.15437191765221	33.15437197276174	8.19095797599445	49.46573153811238	49.4657317018476	37.8700938267516	37.87009374771398	36.52495109442026	34.247830559655085	9.931209574482182	0.07448467247203894	7.8587421754493505	1.0810466101290217	255.0	255.0	130.19123550975218	53.227686152412474	0.0
