254.95741921244462	254.58371595037036	221.29023597607633	252.83390539494528	244.29531736461723	244.72265127704327	236.03905616072493	187.8015350877193	130.05	244.8	204.65508274662204	182.14285714285717	125.30217770686863	253.86666666666667	251.76057133118582	231.625	235.875	125.19675878549862	235.875	100.725	234.7159090909091	210.874150292031	187.16527372069817	187.16527372069817	251.95654423827725	220.01287373311578	254.4954277536952	219.43966022219558	237.04462931296638	253.91557367043126
254.99796851342592	198.5314931274503	254.45115897636572	244.69696968666668	247.31518479395604	236.03905799437496	234.7159090909091	237.21873008183897	226.8638199446127	198.46778873861462	171.77249630885245	84.169921875	208.3467577714148	69.54545450594009	104.31818175891013	248.08711092385917	195.66256830601094	203.52751041542854	131.65523156089193	193.74738171666743	247.12401980921385	227.7360874686227	248.11838520340385	201.23230942136428	249.7643620454441	240.98528324090256	221.16446717539955	161.663625	219.43966022401136	254.75425311289516
254.4009744038951	252.85729166666667	247.87709498314535	167.53500000000003	229.62439512960856	237.21873009890533	211.4169005558195	211.41690051841627	224.53029837459687	152.734375	31.413816793531396	66.83449718708957	168.7204501083354	97.616707805273	162.69594294397862	241.9597972741593	125.49957956034501	142.17738631708318	123.04993739113112	164.8923885369179	222.18999359589776	215.2127659574468	225.55282558686167	247.714285707	231.70189778490058	239.01226865543003	186.427341395185	195.2647837599294	234.6969665952344	254.17236242334448
251.09549485182453	253.565625	255.0	176.7916752576463	202.47649159228888	154.8024948024948	211.29261351562502	224.5302983823911	223.02931812790328	91.79999999999998	200.3950103950104	234.0203338339116	127.5	171.8065775950668	234.0203338339116	203.7430713977068	243.90911469480548	235.9675907874714	247.9437490877622	214.76532727807583	215.45356749662986	240.3598383512407	217.60552695120595	229.81224489795918	247.714285707	187.47987134133803	204.62211068570855	186.42734140001573	252.51206663890045	253.10919915351383
13.937515386389748	0.01830022835824252	105.07168808372364	97.86853335750251	185.95734484235658	120.0	203.09755397007834	166.15384615384613	206.00206619088772	192.98326096987614	218.90245297645842	145.3846153846154	127.50000000000001	44.996478149511006	59.765625	159.375	228.2744044906418	123.52449888641428	123.52449888641425	200.49983149989933	123.04993734788096	123.0499373545731	231.2937062895342	217.30769230555168	217.909090923	241.00680272108843	223.03899059007233	186.42734137599263	249.41074285346383	249.604958676
118.71592755993026	222.47683314259677	73.92849829119876	154.71949661256406	195.2825930942143	248.23886468538342	39.49999979999998	206.0020660832048	194.54027696210122	165.45552909084392	89.91579146499001	106.25	136.3090909090909	76.5	204.0	238.0	131.37934158634232	228.27440455854554	228.27440455854554	229.56533783323573	127.18749108652035	246.15800567816538	92.47160493827161	231.37065637804054	209.666666661	209.666666661	234.01020408163265	254.0714610832954	151.40988548493624	252.52744375177863
227.04990510908172	174.91491336111613	1.8686883395078553	126.91899350810232	39.499999803047444	39.499999803047444	196.5518387200739	194.54027656667594	162.4139301066192	174.58988833125	93.93366886594421	99.62086440674278	110.20365895754225	110.20365895754227	216.35560607083642	192.0178590230958	217.99471727213523	219.37615058772366	219.37615059312384	187.67997014275886	221.697874981452	228.2744044906418	114.45823410203687	114.45823409499883	30.805369122348083	213.6871508350044	226.95	248.96449704142012	244.87842939732633	252.52744375304016
177.20652626643215	225.7572764864113	197.19606601175033	39.49999980000001	39.49999980000001	39.49999980304747	39.49999982020208	181.82991134213017	160.89226201323717	162.4139300296902	81.25765782058014	167.01570170816734	208.80042462845012	110.20365895754227	58.94182557749929	185.16537389985461	177.79491596347287	116.3788258119148	56.65654787395897	221.69787496794146	163.53605187420425	215.76923076923077	194.95024598981462	240.79983638217882	219.46327683371638	219.46327683711863	206.63614163651383	192.10888161614093	244.87842939465537	246.9407407386
253.01942373041405	150.21036243252092	33.93779380907142	117.69230769230771	117.69230769230768	147.0180600126659	181.82991134213017	181.82991090321462	181.82991101096354	39.49999979999998	151.63701503382578	167.01570162138788	89.24731470672077	208.80042462845012	118.61819400577457	208.80042462845014	90.47493594120715	171.55302824511756	147.4825594825823	157.74681592338726	174.85714286528855	111.70028818443805	87.55813953488374	194.95024597906348	154.714162597078	213.68055555437502	225.8571428535	224.28858867344064	156.14000108506946	245.64132241129806
252.988885554579	250.65278533687692	138.86392255235177	78.46153846153842	175.8200936558294	61.54312464535451	181.82991095656314	181.82991084934014	181.82991090321462	181.82991101096354	151.63701509103407	89.2473135810076	89.24731441504923	89.2473142505853	118.61819406654152	209.25391334208052	209.25391334208052	170.53148607907838	74.98238718859025	74.98238722556687	170.42606784436254	85.0142545698474	85.01425461332394	177.7934463825	156.00720138214126	93.41887420385214	118.66978842221641	119.42057291666666	155.31769475177066	251.9145
181.798733910638	0.3027685205296393	31.382279135819488	61.54312464535451	61.54312466606723	61.543124691208334	61.54312470324399	181.8299101854291	181.82991076377965	181.82991050861466	62.33333327723335	89.24731376198463	89.2473139983629	89.24731431782544	89.24731412391392	98.78154680246433	98.78154680246433	204.72907008979848	51.420185813166626	74.98238711654892	74.9823871852789	129.77225095804036	129.61525418888795	129.61525420847437	83.22912541137524	156.0072014281351	122.80799999999999	123.76417769376181	156.14000108506946	188.82665083630724
242.5671366107933	189.2818681595869	78.46153846153848	37.69606389774435	57.89956527410712	61.54312470377886	128.37610085359665	128.37610078678276	61.543124732188744	61.543124840907666	62.33333327723335	80.31863617755832	137.32932581758516	137.32932584916153	200.47646252970085	200.47646198480697	200.47646252970077	200.47646252970085	200.47646385976864	159.53480642852406	162.63274676383247	162.63274681203785	162.6327468173448	162.63274679459226	162.63274670013863	58.109090909090924	119.42057291666666	81.30594594594595	81.22983870967744	195.2647837599294
253.01942373041405	4.496901491118507	90.53745299102215	3.603123976254068	125.71969575922355	125.71969600572444	57.89956527410712	57.89956531029941	57.8995653746872	57.899565424977226	57.8995655426331	31.875	106.25	73.27787215070722	121.75201423189188	121.75201418738925	141.48830812354578	200.47646198480697	200.47646185013977	200.47646237465966	162.63274674908706	162.6327467447707	162.6327467687476	162.63274674477077	162.63274677857783	68.0211706102117	57.62019230769229	105.11272234527561	124.44	230.90814518769977
43.85788730323674	57.70016904383286	92.36725332844688	92.36725332844688	125.71969577834713	125.71969576335843	125.71969576335843	125.71969575977661	57.89956531029941	57.89956534406261	91.79999999999998	189.1592832044682	140.9605332114484	184.8230921912304	184.82309230920555	73.27787218953614	73.95087957473305	187.85349261436846	225.49890589618664	53.2835820895522	95.0847457275496	162.63274670013863	162.63274672989337	162.63274674444898	162.63274667155315	69.06249999999997	200.40650406504062	129.66411003517328	255.0	255.0
6.3507592535486594	64.64853780580447	92.36725322142217	92.36725325555102	92.36725329986137	92.36725329986137	125.71969579938673	125.71969573338106	22.4030400347078	76.05555890942463	105.96265004853635	41.65169310899307	115.9964443521383	70.17690769079445	70.17690780876961	114.80186341250487	119.03596827663776	176.69245645761944	53.28358206654602	101.05823857894418	101.05823863636363	129.28030426661894	129.28030424022336	162.63274670013863	162.63274670013863	68.5483871104839	72.06521739130434	252.06087221192539	230.90814518769977	255.0
6.3507592535486594	64.64853775452465	92.36725329986137	92.36725323125242	92.36725327010663	92.36725318796215	92.36725325522926	36.87805360139268	68.77725920590521	100.02121317516355	99.79508536836511	115.04282948383323	32.95530840840024	162.73779778902008	162.73779778098498	114.80186349127518	162.73779791165254	162.73779785751537	162.73779763171606	133.24798581261075	129.28030420061327	129.28030422702	129.28030423664154	129.28030422165284	129.28030424077645	71.4	72.06521739130434	200.40650406504065	201.42729657638873	33.591907127800425
64.64853741862933	64.64853778186273	64.64853780176057	92.36725325522923	92.36725318265519	92.36725323616753	92.36725325091294	24.033204546159283	17.689165488082466	17.689165508700626	92.21914069470145	84.25021129896797	162.73779770442428	119.49274785390364	119.49274793032347	81.08029802691468	81.08029801361482	133.24798576810815	38.45762241693913	84.51848743353173	41.72727272727275	86.82866671471271	129.28030399427556	87.64517705473796	34.0	69.06249999999997	217.30393610225565	12.14004536718727	53.95498315838938	19.50880454162811
39.252264797433156	64.64853783384575	64.64853785368791	129.4200789286827	92.36725320540776	47.82869095136445	24.780601292569997	24.033204550567604	17.689165489303377	72.4900764590763	87.89708904445689	17.689165456138483	17.68916549947579	17.689165522062012	36.87805366745445	76.07113533027473	76.07113530433429	96.48566883622942	38.457622465990625	84.51848736926996	86.82866658067763	73.17008898903649	73.17008923622035	73.17008949138534	73.1700898145709	31.87500000000003	186.0892707540482	185.74957497633895	46.24835718787028	98.57694873568684
39.25226460687247	39.25226473762433	64.64853777026994	47.82869081583456	47.82869090845685	47.828690905367495	47.8286910844333	27.607082836427765	86.11741341335767	92.96913151177463	87.89708904445689	85.2687776917058	17.68916553719049	17.689165485029974	88.03588139181153	88.03588137810718	88.03588137217838	96.48566878032742	88.03588150804671	103.36298490896596	73.17008924021087	73.17008909678538	73.17008915065989	73.17008904343689	73.17008923622038	31.87499999999997	186.08927066430186	52.89749744730199	233.09786460843665	153.21763052366597
39.25226467723496	39.25226466749447	39.25226478431094	48.26781203322804	47.82869088700306	47.828690798498	47.82869073244524	24.78060123740474	82.1560740328647	27.607082752346685	27.60708279666295	27.607082797882924	27.607082792642842	27.607082792642842	27.607082787402845	85.2687776917058	88.0358813361535	88.03588139908402	88.03588138006907	103.36298496617422	73.17008898903649	73.1700890967854	73.17008915065986	73.17008904343683	73.1700886578698	186.08927062205782	186.08927064011823	245.8571387861851	95.8317333753102	234.26605021969547
52.98159042815382	39.25226460687247	39.252264706433294	15.76788770358911	48.26781180431158	48.267811874670144	96.00614652392849	78.87375117668859	76.64780283914646	78.4593077138662	27.60708270108097	27.60708270108097	27.607082759173807	27.60708270108097	27.607082796662894	27.607082873724664	92.96913151177463	27.607082871641182	88.03588133291206	53.06340143930785	73.1700886578698	73.17008923622038	36.95147033555196	37.25229623106847	23.090724423892937	61.19135162439679	51.0	255.0	40.88254921519433	230.89670715203732
31.382279135819488	9.870999779467041	39.25226466749447	15.767887740217589	15.767887698422385	48.26781186617356	48.26781189710451	70.68962205583287	71.43800686714923	52.51438439326458	52.5143843926225	52.514384200075256	27.60708276144956	27.60708275689811	27.60708276144956	27.607082794387196	27.607082798938677	27.607082871641182	27.607082787402845	25.753122435066672	25.75312215045051	29.773877192028664	25.75312214732614	38.625324945374985	19.73599527903255	173.63806231893307	51.0	255.0	252.66873451164165	224.41615954287295
43.773118886396276	24.712053314999963	16.394965866301106	39.25226470771992	15.76788767752484	15.767887697984833	48.26781189348836	48.26781185407657	48.267811884079265	16.469341514999996	52.51438402441076	52.514384056329334	112.50209093014743	46.05589592203154	27.607082797882896	27.607082761449533	27.607082792642842	27.60708278740279	25.7531220454876	25.753122060538885	25.753122060538885	25.753122082235706	14.156918655948289	14.156918639999986	14.156918600575722	20.805559276797595	173.63806231893307	149.2513569687767	242.67138504372983	72.8022480025368
87.91144043345099	24.712053392938373	24.71205331499999	24.71205331499999	16.39496582983071	15.767887695182736	15.76788761483212	44.96819816863044	44.96819817920931	135.68151409873823	135.68151407997516	135.68151407766766	52.514383922834156	112.5020909238466	17.919870144627282	17.919870209035594	46.055895951723016	25.753122017145245	25.7531220454876	25.753122017145273	25.753121865834487	19.700280982126145	14.156918639999986	14.156918619033206	20.805559272672554	20.805559253302647	140.10294706507483	41.2581790981277	11.800674594227587	103.22171500105767
38.64458665534522	52.98159042815382	24.712053337565862	24.71205331910832	24.712053569999966	55.064521427167534	26.725595509358186	26.72559544145443	15.76788741487843	40.61054544664867	40.61054535768787	40.61054553061692	135.68151403226094	135.6815138549858	69.71342267931604	76.51927229719684	25.7531218355617	25.75312214732608	25.75312200057428	19.70028109979299	19.700281258319848	14.156918639999986	14.15691844060629	20.805559271676657	22.121196310911955	22.121196195406753	3.3932376327501004	130.437350529994	0.03259426179795355	23.34723072224105
212.56823017504757	43.773118886396276	83.43486558325185	24.71205318218054	49.89881367036139	45.57848135606994	55.07137841383732	56.4159013956328	26.921066246994428	141.83245222517985	141.83245214188796	40.61054547297397	40.61054543070128	40.61054542472098	135.68151400503507	19.70028109979299	19.700281120222996	19.700281166255337	19.700281143123675	19.70028109979299	14.156918639999986	20.805559272672554	20.805559276797595	22.121196310911955	22.121196195406753	165.75165402282317	255.0	251.22514411633477	38.750833209244405	94.49006158702323
10.087221671555113	9.923927544509723	48.135463573792606	7.671745587621558	56.758671672870065	21.37369362300322	21.37369362300322	21.37369364674217	21.37369369422001	141.83245212852847	141.83245222517985	141.83245226283114	141.83245217354883	141.8324521955618	141.83245214773325	29.1813336686657	29.181333626159102	29.18133362762569	20.805559416096145	20.80555928086372	20.805559270610075	20.805559271676657	20.805559253302647	20.805559187431584	155.65596279056598	255.0	146.28410860952107	255.0	251.00428807617433	158.29986188957977
229.92213408099593	239.79607888911477	255.0	0.0	0.0	55.84380916237194	21.373693558016896	21.373693636710897	21.373693636710925	21.37369360713481	21.373693666287068	21.373693729047062	199.1434858274491	29.181333596356808	29.18133360490583	29.181333598742327	17.614264416158647	17.614264411250076	17.614264411250076	17.614264411250076	17.61426430451357	10.126985817646414	10.126985816439031	10.126985821268534	185.3239164562707	255.0	255.0	35.95998397485627	56.049692662949155	110.61924454525348
10.116728996484397	9.644527761035334	13.240953697258107	19.056697759902107	24.716500213589	255.0	29.775985196959283	0.0	7.641790887951288	21.373693625950295	21.373693636710925	21.37369364674211	21.37369369422001	29.181333380668747	29.181333533819043	17.61426440736389	17.614264429580857	17.61426438789178	32.51122970931601	10.126985827420071	10.12698580101332	10.126985672125727	157.14576639789462	255.0	255.0	255.0	255.0	15.969002701684133	223.7308859552096	255.0
1.582954410537269	9.730291894704095	10.306729561990693	13.240953697258107	119.88988704824789	255.0	154.79283184091855	64.2375798748107	0.0	64.2375798748107	45.684891360443885	149.46075717923594	21.373693636710897	21.373693694219924	112.45529623877391	164.5882824508471	164.58828237689974	10.126985814024323	10.126985787809986	46.70659903720485	43.91647380482229	11.139531947768006	2.0038638072881554	3.8660302669552493	140.59270130226656	255.0	255.0	211.33956308819108	0.5048316275230036	0.0
