253.16266873392405	254.06336088518518	254.9076538509343	213.63125316520257	207.56356322057985	179.41930232872596	179.58569351676465	235.6140350877193	232.05	244.8	254.97922648417955	182.14285714285717	240.0383385731569	199.46666666666667	253.8717053448231	221.0	198.333333339	237.00873370542683	198.333333339	245.98392857142858	200.90909091681817	236.14486147854234	254.60554653268392	254.60554653268392	223.1759443633067	254.98448395241434	241.77091513313113	254.9478215260495	254.93254762713275	254.44667850066475
254.4197430475409	254.9887287607052	243.02306821679224	239.54545453	214.41058941483516	179.58569253190717	200.90909091681817	121.09397435551148	159.74013856607854	254.89744471754562	141.93942908266126	231.763125	255.0	156.4772726383652	86.9318181324251	251.8760629188316	215.28688524590166	192.01098970427444	238.30617495711834	243.45256871799853	200.2456126797125	227.84012638612506	205.01619306938062	249.35613093605946	234.92404675572624	241.11481313013675	253.59422873423122	254.68121747448978	254.94782152605927	254.96928163911295
230.89005088069135	250.46666666666667	237.77552059498439	248.115	226.21922258834715	121.09397437434723	142.88414157336632	142.88414110999736	97.03590326836976	212.5	165.82158441601777	227.4236131029521	254.66882327235516	221.38318158143204	254.27699658549034	248.91404961725488	237.58200068999	238.7034002458009	240.5315911972165	239.73072861501862	220.3814846857897	246.86170212765958	198.1418918880501	244.0714285605	231.27419223287202	239.31835204913912	254.11586242279634	253.8893029026295	254.91796478383827	254.99405471204344
251.09549485182453	242.40740740866667	205.50063994642045	104.74973637136063	99.63279770098154	239.24710424710423	120.73863648437501	97.0359031130883	105.9495400454741	232.05	179.87080487080488	107.63321423023146	127.5	212.73237410071943	107.63321423023146	192.22333959759544	141.62947795183803	244.99157721125482	182.87132526142102	214.79093549100526	215.10645682947694	229.84632758506046	248.1257426691533	242.4061224489796	244.0714285605	251.04295752486115	253.8468449136923	254.1158624228939	254.37801665972512	254.91575016356663
255.0	67.68736079474081	69.61548769611068	226.00746280340655	186.6720327042649	218.07692307692307	102.6590997652172	144.23076923076923	72.70661169087481	134.1405484334584	118.39518774231504	190.3846153846154	127.50000000000001	194.05278520090624	203.3625	182.14285714285717	217.07002376454494	245.06124721603564	245.06124721603564	198.37861913749123	240.53159119437896	240.53159119384284	201.92307690240168	238.84615383534634	229.5	241.64285714285714	253.5956526168365	254.11586242258417	254.79256095693066	252.45
55.75393590236345	173.03664479254394	46.92528915044542	141.24646453463401	109.00893326444378	254.56986749078933	133.33408022999998	72.70661151957364	61.15451165660167	97.23889770778857	138.18989329120245	170.0	180.8181818181818	178.5	204.0	136.0	252.24020256747886	217.07002375861705	217.07002375861705	153.3731941000372	228.8392752867383	198.8948196801022	246.6888888888889	243.67760618006756	239.7	239.7	243.55102040816325	247.57168866636323	254.72911934156377	254.52328458613306
22.27008888159577	106.80400100018929	26.85276572530438	190.01904804098882	133.33408004696048	133.33408012079056	58.41461679869599	61.1545114714348	93.64406787755675	83.33752346250003	93.93366886594421	250.01003360540506	250.86296168450122	250.86296168450122	232.15365698123682	140.69065168502243	60.40216174215993	128.58455991296833	128.58455992577075	189.52723504918325	179.9955350419322	217.07002376454494	245.1108361632303	245.11083616258284	200.2348992952626	236.83659217902462	236.2999999983	230.85798816568047	252.26068274051087	254.52328458614696
129.1844296326475	39.95676069209611	2.9972007281922117	133.334079975	133.33408006000002	133.33408006541805	133.33408006795173	50.40335023083057	91.8705724101685	93.64406767122236	141.5728043534688	128.70603772613552	227.208067940552	250.86296168450122	175.9076468206166	134.7918472149299	161.8871652437	212.64768894829928	207.0510874451942	179.9955350302875	220.88859973941697	176.53846153846155	229.98914697909166	164.89558354244275	242.03389830068946	242.03389830508473	245.56593406773308	254.09486851143035	252.26068274024928	254.082
4.36881048162607	10.064894911717829	133.70686082853888	98.07692307692307	98.07692307692307	75.92584050332957	50.40335023083054	50.403350031542686	50.40335018244332	133.33408022999998	82.53901825339776	128.70603767237432	249.04270744504254	227.208067940552	104.87369177752396	227.20806794055204	201.0070826445198	171.608747287872	192.53801148863732	174.3619196689565	198.3304422699351	216.78674351585016	233.37209302325581	229.98914702886458	249.06636024088382	246.145833336875	244.0714285605	248.4765737302817	254.99769422743054	254.03512286329328
77.81992079494776	183.71048443657332	221.86997898376785	176.53846153846155	34.51420408122772	61.54312464535451	50.40335003804708	50.40335008167966	50.403350031542715	50.40335018244326	82.53901828792527	249.04270678614043	249.04270579776673	249.0427058407256	104.87369167687277	118.34445441979156	118.34445441979156	170.14558250030638	202.87288003437214	202.8728800446087	185.945673544334	228.99966459835653	228.9996646002767	232.43209193625	244.48411519152845	246.677371229654	253.93860561914673	254.88932291666666	254.93152294317076	253.62866666712
174.6036322326976	22.102000253103398	58.620452993504955	61.54312464535451	61.54312466606723	61.543124691208334	61.54312470324399	50.40334907412952	50.403349941655335	50.40334968009435	84.15000000841499	249.04270440146368	249.04270579776673	249.0427058042562	249.04270584918098	196.24382425297483	196.24382425297483	224.49933082235202	208.96378236542216	202.87288000111258	202.87288000407744	232.50676439384506	235.9710579279541	235.97105811774662	80.34662467327595	244.48411533108117	248.472	251.98724007561438	254.71177842881946	253.704587975356
3.281120775934852	52.12229097113908	176.53846153846155	56.784875857749796	111.03336653105953	61.54312470377886	67.21464763784292	67.21464779728305	61.543124732188744	61.543124840907666	84.15000000841499	246.29728664037194	84.11956002477791	84.11956002945257	221.63848523289755	221.63848491322267	221.63848523289676	221.6384852328969	221.6384854057118	160.0566512034729	211.60522276114415	211.60522281385605	211.60522281465649	211.60522282072748	211.60522279987705	245.10909090909092	252.23307291666666	252.5372972972973	252.3009072580645	253.8893029026295
13.871049964114405	4.496901491118507	73.70757177570857	110.95474892207613	48.01820215230521	48.018201987105584	111.0333662293194	111.03336626875262	111.03336632989942	111.03336638018945	111.03336647378092	140.25	127.5	208.44278364244866	85.95234878415056	85.9523487313385	141.3116338941648	221.63848239393394	221.638485460645	221.63848513803129	211.60522283286946	211.6052226976288	211.6052228085855	211.60522282084554	211.6052227964435	232.1357409713574	243.046875	160.59017434446343	248.115	202.47415330664612
200.2000806230616	147.6310923283741	43.394777203556515	43.394777203556515	48.01820215234224	48.018202085813584	48.018202085813584	48.01820209777739	111.03336626875262	111.0333663370954	132.59999999999997	80.80183696608975	140.9605332114484	86.88756102599439	86.88756085249554	208.44278365320832	242.91271748021055	212.0967701213575	120.19954358309226	194.1044776119403	216.10169491195776	211.60522255344358	211.60522281385605	211.60522280555	211.60522279644348	249.6875	68.41463414634146	240.09992614601688	238.61514576914144	255.0
58.66147145950404	51.314431259306275	43.39477720355649	43.39477719445	43.394777200122945	43.39477744655639	48.018202137387505	48.0182021351676	123.18771752421148	93.93366886594421	107.2809684682957	115.33074784287777	116.63223865762822	168.11243914750446	168.1124389740056	159.8242689637834	79.46445277246602	202.5578483938839	194.1044775974549	222.803030353521	222.80303033522728	206.9817978648324	206.98179790222258	211.60522279987705	211.60522255344358	238.5483870967742	227.2826086956522	254.25700259753336	202.47415330664612	255.0
58.66147145950404	51.314431259496956	43.394777200122974	43.394777191414505	43.394777186143955	43.394777186143955	43.39477730237118	122.70567698935054	104.34263795847093	99.20582685005132	99.67300293348023	108.82852452536096	125.06257828212586	192.68530765740653	192.6853076825059	159.82426890088027	192.68530765747832	192.6853076574784	192.6853075781009	169.04765126866153	206.9817978626125	206.98179788901922	206.98179791418642	206.9817978476578	206.9817978476948	214.2	227.2826086956522	68.41463414634146	74.55015093557105	252.13530968328232
51.314431046086014	51.31443127885325	51.31443124676326	43.39477717915446	43.394777185343514	43.39477723885585	43.39477716713051	94.10858255512252	117.64884301417135	117.64884301869122	93.08833696572546	106.10889858213906	192.68530748972736	121.407799127787	121.4077991864514	150.3435762556162	150.34357626896838	169.04765121584947	168.09742154219475	161.77296504538197	199.36363636363635	214.30425059851797	206.98179801289442	217.41714148405103	221.0	228.4375	198.2151241422502	245.980284121239	11.631972686861786	253.65454445194652
115.96296904753169	51.31443127223068	51.31443122021224	20.155503167779244	43.394777179272495	76.55234734205035	92.81923058545124	94.10858257276689	117.64884302229152	89.9731360729782	81.95209442485177	117.6488430221662	117.64884300033759	117.64884300605118	122.70567699440014	141.59323632577787	141.5932363865826	119.9050116498498	168.09742137104047	161.7729649750176	214.30425025417216	204.59664981755674	204.59665005834466	204.59665031990562	204.5966509258705	207.1875	117.17854127917988	111.43104191823042	34.80360905989011	98.57694873568684
115.96296906071595	115.96296906511068	51.31443125525237	76.55234724888328	76.55234734205035	76.55234733285175	76.55234750078873	119.03483953564202	86.01933668275333	96.12488546591402	81.95209442485177	88.50219187467002	117.6488429411142	117.64884300761378	114.39627532354925	114.39627531507682	114.39627531700197	119.90501163951868	114.396275479042	172.46098171207473	204.59665006873118	204.59664996845729	204.59664991832034	204.59664996195292	204.5966497691694	207.1875	117.17854122918652	254.9904919936412	210.0159057239863	178.4293315236146
115.9629691060764	115.96296901402161	115.96296904852375	61.54312464535451	76.55234727768894	76.55234730340709	76.55234741180936	92.81923053996215	80.85298608510485	119.03483953564202	119.03483956647466	119.0348395803571	119.03483955776332	119.03483955776332	119.03483958357057	81.95209442485177	114.39627533912736	114.3962753220666	114.3962753220666	172.46098174660222	204.59664981755674	204.5966499684573	204.59664991832037	204.59664996195292	204.5966497691694	117.17854124411568	117.1785412470974	253.31107201197509	181.29872878956957	100.00348525335994
24.414367301296124	115.96296906071595	115.96296906770797	94.29078379206649	61.54312464535451	61.543124840907666	61.38419822693763	94.94983802560824	77.77821021633645	78.26906367879835	119.03483948355515	119.03483948355515	119.03483954405877	119.03483948355515	119.03483956647466	119.03483958678407	96.12488546591402	119.03483961130641	114.39627530390732	155.40548312640993	204.5966497691694	204.59665005834466	190.22993524381513	172.6991038939973	198.0109624612225	216.99635540460412	178.5	255.0	254.8633129675846	129.14963621528705
2.5419014334901533	25.912848012639188	115.96296901402161	94.29078381761329	94.29078384242001	61.54312470324399	61.543124732188744	69.56581912388052	75.71616853963366	238.65384085407823	238.65384094019694	238.65384085850633	119.03483953285081	119.03483955526673	119.03483957489138	119.03483957768259	119.03483955526673	119.03483961130641	119.03483963197155	138.10520607054752	138.10520630159505	174.2886395401884	138.10520646928296	153.0	169.2429976899151	49.22266488646278	178.5	255.0	23.202133655194757	135.17638416095025
102.33335621475788	133.33408022999998	25.669156117186105	115.96296907390018	94.2907837957815	94.29078384918606	61.54312466606723	61.543124691208334	61.54312470377886	83.94079978500002	238.65384092416465	238.65384084634815	66.92967969384435	115.35760040285052	119.03483958035704	119.03483957489138	119.03483955776332	119.03483958357057	138.1052063244967	138.1052062957085	138.10520629570848	138.10520633910215	167.68221643090436	167.68221643	167.68221637553182	255.0	49.22266488646278	205.77351948086147	98.3772091412859	3.3698769875879577
20.20113026226909	133.33408012079056	133.33408006000002	133.334079975	25.66915609466909	94.29078374179693	94.29078377394973	66.75738757016924	66.75738761372838	167.36828641317788	167.36828637804996	167.36828640276545	238.6538409757827	66.929679653915	136.21281633139375	136.2128163428623	115.35760039568382	138.1052062089213	138.1052063244967	138.10520627401172	138.10520623289017	144.85801906230057	167.682216345	167.6822163939893	255.0	255.0	112.45529623877391	154.376858846847	28.687284312756873	200.84151716476467
0.31947665815110327	24.414367301296124	133.33408006541805	133.33408004696048	133.33408022999998	56.068578638695044	37.92997623545503	37.929976241382946	94.2907836915274	226.18553006556445	226.18553014688197	226.18553006041742	167.3682863936444	167.3682862611526	69.21769086813435	75.61948389354134	138.10520607054752	138.1052062089213	138.10520630159505	144.85801879422536	144.85801889226695	167.682216345	167.6822163929827	255.0	147.80618759730925	147.80618758968274	46.52486151824618	72.69912744059488	242.6227123491441	180.71523579761435
8.408158114378892	20.20113026226909	21.295062819338654	133.33408006795173	49.29916339616241	52.08384176433094	59.44061617254161	55.25712830979808	115.33074784287777	32.51115520147158	32.51115517958152	226.18553003159587	226.18553007687964	226.18553004357173	167.36828631947478	144.85801853424124	144.858018677966	144.85801874939966	144.85801875089464	144.8580187292293	167.6822166	148.98466612221125	148.98466615174988	147.80618759730925	147.80618758968274	165.75165402282317	255.0	149.82128579733254	245.16076742235452	241.94056312227534
0.010615292334478	2.048269679013117	24.43507558143324	55.53708517800305	20.060841885110875	104.45513824333275	104.45513824333273	104.45513826303531	104.45513822810855	32.51115503374362	32.51115520147158	32.51115517958152	32.51115518963664	32.51115522463351	32.511155183719154	117.59052809264335	117.59052801877883	117.59052802581698	148.98466621480765	148.98466612264997	148.98466610744194	148.98466612449994	148.98466612819985	148.98466612819985	71.99616450855797	255.0	170.97449120116192	211.06959393996615	243.09512753202534	1.9689327792096378
2.4748270751093173	6.164912580322692	0.0	4.496901491118507	110.95474892207613	64.81452555856546	104.45513828900539	104.45513825889537	104.45513825889537	104.45513823983705	104.45513827795372	104.4551382906593	55.22322456984091	117.59052802581698	117.59052798184655	117.590527993738	154.19721211707724	154.1972122618335	154.19721226183356	154.1972122618335	154.1972122737433	119.94950808005294	119.94950812655591	119.94950830536644	31.451129933216095	255.0	255.0	176.63281429720251	30.302832410809685	110.21292534936174
10.062312277772463	7.9965761220827005	12.079521705196953	20.57498326474567	26.075365693426306	32.57536585338528	29.24792523967068	32.57536585338528	26.81615525181647	104.4551382588954	104.45513825889537	104.45513826303531	104.45513830244047	117.59052794864488	117.59052796327919	154.1972122278139	154.1972122345768	154.1972122476323	162.4713305144493	119.94950812214077	119.94950809573402	119.94950808018496	76.46143961245701	1.0810466101290217	255.0	255.0	255.0	230.3377142501452	232.2650044371304	255.0
1.1089963160814307	10.050351048975898	7.97334000451653	12.951697460585848	2.301507749133947	17.450488300933273	11.334525619787001	20.548416842969345	0.0	50.852469013865004	20.548416842969345	31.451129933216095	104.45513825889537	104.45513830244047	112.45529623877391	136.45011688463342	136.45011680434635	119.94950803715068	119.94950808253066	117.49755486647553	112.69487937073632	80.1892707152023	108.58841451819839	18.452835225384405	224.90522689180452	255.0	255.0	5.898699488800389	213.2881442622928	0.0
