254.33152898535664	254.84453589407408	254.63473206623627	254.86874207949307	241.57444671293507	253.63498275240386	253.51849090309454	253.22916666666666	214.2	253.86666666666667	247.38130518408954	182.14285714285717	219.0730572657202	226.66666666666666	233.34451251087305	242.25	216.75	226.4314402046727	216.75	235.32857142857142	214.4318181818182	223.09553162101753	252.53448150522428	252.53448150522428	242.23861976425675	254.75756156594568	250.69508066243608	254.77136046673218	254.82770587773143	0.0
254.7726104983581	254.88293492710235	247.5750037803959	248.70370371	245.19230769230768	253.5184881466302	214.4318181818182	244.22955294678127	247.68882103078957	244.32167106808737	254.7555044248157	199.92	219.68347726884986	234.71590895754778	182.55681807809273	224.32537618391154	215.28688524590166	183.99360977453563	227.590051457976	241.1853144751696	225.50367425091395	229.62729907125538	216.97455821028058	240.27934302145255	234.7233695381362	240.98771808110118	250.57393556260251	253.48248979591835	254.7713604667738	254.94822389176272
254.71434253124164	254.3625	253.57541901714305	238.68	229.62439512960856	244.22955303435074	248.14956773907787	248.1495667448586	235.55166020740955	248.359375	221.5138348379747	190.05100358273197	230.68652529619808	193.37019958277142	225.66807227453202	206.5257780025604	226.9791232664191	230.55510036870135	230.94684088669672	225.03670411616446	220.93048974275982	246.1218568665377	137.83783786438093	247.714285707	230.55030782325994	239.80158509829087	252.63025173817738	252.02576229412645	254.68993575276943	254.98996087402745
195.43973795578128	249.2625	228.73161711203332	120.75801364131175	149.1399140546431	253.56103356103355	243.489583421875	235.5516602123845	233.9723270229191	214.2	200.3950103950104	130.2649612483386	127.5	237.5562178828366	130.2649612483386	214.93061578114956	178.6398184185656	196.82708332434103	206.41807057114985	214.4413312409953	215.0449008387078	232.96724942142328	246.7335924177778	240.0122448979592	247.714285707	248.56178228990524	252.49486998491776	252.63025173837883	254.11908704706372	226.81355606758834
0.0	159.35535352911455	210.82748560742087	149.65066852677987	191.37194132101095	249.23076923076923	241.2403170475078	166.15384615384613	222.1590912332412	238.08668376991253	53.193225683430995	228.46153846153845	127.50000000000001	148.24655155519116	163.2	182.14285714285717	228.2744044906418	230.01113585746103	230.01113585746103	199.99105239139038	230.9468408805621	230.94684088061572	155.7692307621824	248.07692307723633	187.000000017	239.3877551020408	251.98224852071007	252.63025173754863	254.70557067211678	236.8666666644
7.120454597938874	212.83148599580474	251.1896991148354	235.83153272555393	251.08071268571098	144.74399613489334	101.47470229499999	222.15909098381715	213.5298896628195	229.293799131629	23.278475490989337	233.75	215.43636363636364	153.0	238.0	170.0	199.58114293342945	228.27440455854554	228.27440455854554	187.41247245518804	220.01045904810985	217.94414724086153	236.86666666666667	251.06177605439188	232.333333356	232.333333356	240.94897959183675	229.92944924897589	253.7105185185185	224.75040906078883
236.75735366740943	121.91864837970792	20.658891242856697	243.7033180955068	101.47470222504387	101.47470222504387	215.46263255706677	213.52988914143612	228.25741539886977	226.73480071875	93.93366886594421	172.19312408746237	181.9416637901277	181.94166379012773	165.08407643312103	136.66725782503784	119.01106527643412	154.62405207722452	154.62405208232104	188.73533871743513	198.03680283888315	228.2744044906418	196.1235870766513	196.12358707613322	164.2953019858565	128.21229050100263	209.1	200.68047337278108	194.85676772499403	224.7504090609273
248.75187293027037	237.86552836340206	234.39242155772146	101.4747021675	101.47470221	101.4747022250439	101.47470226911383	203.68494493837622	227.73487346795403	228.25741517686188	220.1770338946926	220.96302723640713	152.85562632696391	181.94166379012773	142.9838058848719	156.23892466642175	197.98026655650898	186.68493754606433	184.1747623713561	198.03680276625764	216.78978975644196	137.30769230769232	109.28260201692268	195.48863286616103	142.62711861461938	142.6271186440678	215.7692307708115	181.3491155412019	194.85676772899086	252.9851851872
195.91321736026075	210.84315739670626	76.91170188145557	117.69230769230771	117.69230769230768	222.93277136457692	203.68494493837616	203.68494501456064	203.68494511513384	101.47470254999996	141.63485145945907	220.9630271686392	161.97470549363027	152.8556263269639	96.49643703417729	152.85562632696394	185.96277540590154	171.60395026577254	178.97368871000114	123.31856624276497	193.1786642685566	138.15561959654178	218.72093023255815	109.28260199498226	143.57943118992958	138.125	240.4285714395	230.15234262645876	209.615478515625	196.5625
224.0102766769382	39.89431570519537	181.56163139931982	235.3846153846154	202.919117152154	61.54312464535451	203.68494493837622	203.684944964274	203.6849450145606	203.68494486395937	141.6348514086517	161.97470484383496	161.9747049642764	161.97470515191316	96.49643707866102	146.92479190148123	146.92479190148123	170.40693870147788	184.71475674990342	184.7147567485795	146.81266248051648	161.64682206942814	161.64682207078357	97.91352204374999	122.68212345056983	166.82227492684046	148.8605619146722	174.31640625	186.52294317075626	246.738
191.2042888799338	169.5127130169343	6.346318546624218	61.54312464535451	61.54312466606723	61.543124691208334	61.54312470324399	203.68494493837622	203.6849449383762	203.68494486395937	62.33333327723335	161.97470528394655	161.9747049642764	161.97470506561575	161.97470528394675	173.46836389628243	173.46836389628243	146.56869979816793	187.0000000048771	184.71475671407717	184.7147567303951	100.64542346907675	98.45722012535401	98.45722014023212	230.71695895331166	122.68212345669642	150.552	123.76417769376181	172.137451171875	251.75983341239007
134.93190186376762	201.83438416967056	235.3846153846154	39.77067032132422	201.8661993465279	61.54312470377886	207.6792452773858	207.67924515130244	61.543124732188744	61.543124840907666	62.33333327723335	148.2303529066151	99.72624751518595	99.72624756943833	140.2069280592285	140.20692882638252	140.2069285426341	140.20693095966618	140.20692814389764	0.0	75.84319239314542	75.84319235760546	75.84319233963305	75.84319240037229	75.84319229989276	124.04848484848483	134.47265625	159.98174174174173	159.8319892473118	252.02576229412645
223.99251649302025	4.496901491118507	90.53745299102215	71.99616450855797	196.85481217556904	196.85481219162585	201.86619904478775	201.8661990415468	201.86619904478775	201.86619904478775	201.86619906885218	102.0	127.5	178.47594027066634	45.01360702646133	45.01360702740942	139.71634866460522	140.20692756673813	140.20692791303338	140.20692845791592	75.843192414826	75.84319238646182	75.84319235024367	75.84319238646185	75.8431923714648	131.53300124533	123.00480769230768	19.90825226914214	238.68	49.587670047521414
233.04512824930066	222.0369719422112	179.15680773555988	179.15680773555988	196.85481212121698	196.85481209774738	196.85481209774738	196.85481211441265	201.8661990415468	201.86619900696724	173.4	107.77568139329088	189.1592832044682	113.6033170228267	113.60331709929494	178.47594028521956	138.23664688250648	125.86415272133962	158.25766962624795	114.17910447761193	86.44067795181701	75.84319229989276	75.84319235760549	75.84319235554895	75.84319226444009	111.56249999999997	85.6910569105691	250.9567294382398	74.82403242635175	246.69767441860466
6.3507592535486594	64.64853780580447	179.1568076285352	179.15680764445102	179.15680770010727	179.15680770010727	196.85481211441265	196.85481205080808	83.89032042501145	93.93366886594421	102.83711600816386	93.72383928884992	116.39583577965024	141.39668290070506	141.39668297717327	197.01851554249407	118.59476368088553	115.46809916574799	114.17910446909113	73.89204541256137	73.89204545454544	58.14518794919192	58.14518788558735	75.84319229989273	75.84319229989273	90.48387096774195	72.06521739130434	194.73586553691771	49.587670047521414	233.14285714285714
6.3507592535486594	64.64853775452465	179.15680770010727	179.15680764975633	179.1568076423945	179.15680764239454	179.15680761353815	105.09888456788204	144.71115653267736	99.48332700275043	100.63546073362025	114.21098378185636	94.76585502039936	98.0924510284429	98.09245104292862	197.01851547573813	98.09245093890192	98.09245093890192	98.09245106385347	209.98639297259055	58.14518788558735	58.14518791199413	58.145187902252616	58.14518787878302	58.145187824430934	91.79999999999998	72.06521739130434	85.6910569105691	12.773044689726078	164.20759377740364
64.64853741862933	64.64853778186273	64.64853780176057	179.15680761353815	179.15680766036695	179.15680760685458	179.15680758517396	77.77642599529361	90.18691809024534	90.18691809332117	92.6627038548944	91.22149076058622	98.09245098325854	114.98570036389319	114.98570041684246	146.5459543693952	146.54595439320678	209.9863929735387	88.01363928691816	94.91144765417118	88.0909090909091	62.20516574388179	58.145187808374146	62.04120364805112	79.33333333333334	79.6875	215.22932967867575	17.055294123022975	255.0	96.12948762577432
203.68556895391401	64.64853783384575	64.64853785368791	160.35818406890672	179.1568075996277	113.58358117148879	76.00186573934451	77.77642595217523	90.18691807886987	87.45453339598498	87.89708904445689	90.18691806349614	90.18691807782915	90.18691813682125	105.0988845943553	134.63968149407742	134.63968151831227	111.99234502101214	88.01363929091863	94.91144758365994	62.20516561803072	51.3150551360406	51.31505506162378	51.31505513604057	51.31505506162378	74.375	76.86834869678364	128.18540449767673	63.65834763272744	255.0
203.6855687211468	203.68556874069378	64.64853777026994	113.58358112940113	113.58358108567359	113.58358110739746	113.58358106339014	98.33085767639952	85.73769268311182	83.17434355779187	87.89708904445689	95.3692454012803	90.18691806349614	90.1869181000688	107.77818829591615	107.7781883061528	107.77818831893671	111.99234501450661	107.77818845254521	113.36514859134829	51.3150551360406	51.31505498543936	51.31505503572603	51.31505506162375	51.31505506162381	74.375	76.86834864864738	146.18771173351294	39.33879553216153	153.21763052366597
203.68556872776935	203.68556874050307	203.6855687532368	61.54312464535451	113.58358104276599	113.58358098542956	113.58358093136809	76.00186576626874	255.0	98.33085767639952	98.33085764246462	98.33085766162966	98.33085764296567	98.33085764296567	98.33085767270273	87.89708904445689	107.77818832954529	107.77818831347153	107.77818831347153	113.36514854054093	51.31505488486616	51.31505498543936	51.31505503572606	51.31505506162378	51.31505506162381	76.86834867378178	76.86834867179687	0.12209768086771078	127.34360900851335	197.00107744082868
26.309043505451484	203.6855687211468	203.68556870256197	60.32020578963511	61.54312464535451	61.543124840907666	116.9483897918634	78.28492136776018	77.40792240218579	78.48255711361233	98.33085756482771	98.33085756482768	98.33085763765567	98.33085756482771	98.33085766348489	98.33085768377572	83.17434355779187	98.33085771514337	107.77818827741058	47.67748038260481	51.31505506162378	51.31505506162381	50.1790711629514	43.565169595195755	56.488583517530316	40.294654746711444	153.0	204.0	10.462910022912126	253.62364753669905
46.58380794625981	166.88213328978782	203.68556874050307	60.32020570667285	60.32020565800073	61.54312470324399	61.543124732188744	68.85969977922102	76.31397829024127	110.25119447335672	110.25119430800987	110.25119427027121	98.33085762474104	98.33085765057027	98.33085762474104	98.33085767639952	98.3308576505703	98.33085771514337	98.33085772110368	63.203816980226975	63.203816867498716	65.88159942783273	63.2038168345245	51.0	48.281656181718745	62.81675297746244	153.0	204.0	246.23411611040552	41.412324077903634
226.4556596088265	101.47470229499999	17.367881706280315	203.68556877978776	60.32020569270654	60.320205677563365	61.54312466606723	61.543124691208334	61.54312470377886	57.477849405	110.25119422130109	110.25119416372522	64.15563962978439	98.39358502812223	98.33085766162964	98.33085762474104	98.3308576429657	98.3308576727027	63.20381680515729	63.2038168345245	63.203816834524474	63.20381683452453	36.38021341302937	36.38021343499997	36.38021341302937	37.899829133800864	62.81675297746244	57.9216013461232	196.95750317731887	234.41994332794548
87.91144043345099	101.47470222504387	101.47470221	101.4747021675	17.367881799708925	60.320205621527464	60.320205678740166	53.279770721793085	53.279770740988596	76.92841887237316	76.92841885697598	76.9284187993193	110.25119421173994	64.15563961825288	105.1737304740098	105.17373051044743	98.3935850319545	63.20381683452442	63.20381680515732	63.2038167694341	63.20381675477054	45.7858750768589	36.38021339249997	36.38021341302937	37.89982917684452	37.89982910755646	112.45529623877391	249.60247301425102	158.44452986142653	81.03752673068848
231.2812774398775	26.309043505451484	101.4747022250439	101.47470222504387	101.47470254999996	57.26472252068373	26.725595509358186	26.72559544145443	60.32020572531772	87.8553649464101	87.85536493717419	87.85536502363874	76.92841895961942	76.92841884210867	69.83298648654738	76.09764406300869	63.203816380721975	63.20381683452442	63.20381671762249	45.78587516394148	45.78587532243341	36.38021352000001	36.380213318083946	37.89982914494368	22.121196310911955	22.121196195406753	253.08600392670877	153.3861783008843	2.6543673362794493	127.64590508704215
32.763287823132	87.91144043345099	5.930056525947293	101.47470226911383	49.81721555614388	57.85035053929602	255.0	56.86439939426006	93.72383928884992	42.31742517390214	42.317425428715296	87.85536499481722	87.85536491191013	87.85536504917681	76.92841868496689	45.78587490395739	45.78587504998728	45.78587514080263	45.78587512061077	45.78587509894547	36.38021352000001	24.681443625435435	24.68144357977107	22.121196310911955	22.121196195406753	46.8781484813849	182.12990281289	2.315548339075548	2.631926548537848	220.13740190145614
166.92963981689238	0.17856159297917884	90.1708335643653	85.82750764983939	129.19444777909052	74.875495687817	74.87549568781697	74.87549569656795	74.87549571406993	42.31742552941466	42.317425452383986	42.317425549658395	42.317425529806485	42.31742552958792	42.31742556851785	25.889113242851835	25.88911319972553	25.889113206142298	24.68144371676425	24.681443653017254	24.681443648267646	24.681443644163977	24.681443626457423	24.681443560586416	17.22864807885489	156.3525342773827	111.73441175903366	255.0	255.0	151.68946770476893
2.202166454762562	5.260248993107666	0.0	4.496901491118507	71.99616450855797	72.13765542223041	74.87549560905816	74.87549568544065	74.87549568544065	74.87549572720152	74.87549570824365	74.87549576648829	96.88849597535727	25.889113206142298	25.889113178162404	25.889113187412732	24.655831024596864	24.65583106947588	24.65583106947591	24.65583106947588	24.655831049647475	26.02415924238136	26.02415926968058	26.024159342895075	54.61283193544992	156.35253413506442	156.35253414793394	101.72901504251021	35.39294874792401	6.602773631655566
10.143326181495866	10.01060641519743	12.203301727616406	19.120263096418654	25.358242776441955	30.374465792951497	30.73864658536715	30.374465792951497	7.641790887951288	74.87549568544065	74.87549568544065	74.87549569656795	74.87549571406993	25.88911309885333	25.889113081066796	24.655831007777067	24.655831043384836	24.655831045472382	20.817120677615918	26.02415925286593	26.0241592528659	26.02415918173051	13.10051519620339	82.91372115739233	156.35253399644353	156.35253416029337	156.35253415116733	23.911692756398054	55.92796346633804	255.0
1.140246808442754	10.102655770518737	10.372659765554488	12.478442813217782	12.890096659914946	19.77675746636217	35.55882505688615	32.57536585338528	0.0	64.2375798748107	32.57536585338528	54.61283193544992	74.87549568544065	74.87549571406993	112.45529623877391	161.1791721274797	161.17917221213577	26.024159324278997	26.02415925286593	7.429481563099898	6.91197017158953	1.4838414969872815	8.331531736632144	0.3329127076921168	140.59270130226656	156.3525341232151	156.35253405403938	41.37855073660586	242.99001815984803	0.0
