254.70097849603232	254.90196078592592	245.34390200710965	253.61484723022272	231.63983901374647	247.45475100661056	245.7488436657619	235.6140350877193	232.05	244.8	231.00777868625008	72.85714285714286	249.56060026927116	117.86666666666667	233.53982015402528	221.0	175.666666661	169.5018879821945	175.666666661	227.13214285714287	169.99999999227273	216.76855197303763	237.7964570955569	237.7964570955569	246.58125980239413	250.53153880818903	252.82222754501183	250.7717525116831	253.98802324835353	252.9642998810589
254.9613847721169	254.66716394507293	252.05157932493236	250.00000000666665	237.63736263186814	245.7488442253518	169.99999999227273	228.00743514814604	231.7576814044656	225.98874339182495	239.90004810681168	246.531751155	208.3467577714148	208.63636351782026	139.09090901188017	224.5511374659792	100.56010928961751	189.11702050076929	173.35334476843911	215.73761126211534	235.1180360110989	228.42208759088197	233.18352602902556	232.97632577751526	235.03247974421691	240.8824490638025	246.32610353089046	251.9544413265306	250.77175251207836	250.3254535320138
253.45786104109197	250.46666666666667	250.3910614717493	248.115	0.0	228.00743520344395	228.61462651738609	228.61462562168091	211.26294232585684	212.5	219.80468286028255	244.9382239780971	202.46427873450708	238.02319625067997	196.4274800006228	206.82334718907555	169.91187218270116	181.35190495698484	190.4170395736416	211.45027311321573	218.17619966762467	229.84526112185688	163.68243246072177	248.0454545385	231.5687646704582	239.84651217687716	238.41990985164674	228.7947343003214	247.92914955161078	254.78002062190816
195.43973795578128	230.318518516	205.50063994642045	254.65696951880483	249.77755637439617	239.24710424710423	218.7500000625	211.26294214135584	210.40477476271707	232.05	47.78883278883279	69.72045293701348	42.5	171.8065775950668	69.72045293701348	219.29285785183606	109.94601048756559	197.13610315392373	162.7136468711255	214.69602394346936	215.08940545227142	186.1637892853691	231.10807245810196	187.76326530612246	248.0454545385	239.120475762907	233.34584273440424	238.41990985284187	237.27145689296128	252.04649541954686
29.032796099065564	215.68504379296687	223.93114431164085	252.56883534422641	187.38354250820777	218.07692307692307	211.86798423037135	33.46153846153845	188.18181818823348	210.83869608601356	253.7233422554718	162.69230769230768	42.50000000000006	223.74661328934593	228.654336615	72.85714285714286	229.35404071752387	188.83630289532294	188.83630289532294	199.73167372716696	190.41703955356513	190.4170395561124	178.84615384959972	244.78021975430858	229.5	190.12244897959184	225.43270086839797	238.41990984703335	252.68985503333158	252.45
133.23672236720512	205.63112002504303	251.69247440960712	68.99721936234718	177.52470716029234	175.83206240913069	133.33408022999998	188.18181822316114	174.4922214845732	189.69560199623675	118.37638770574543	170.0	136.3090909090909	178.5	204.0	67.99999999999997	165.04698458950622	229.35404061341183	229.35404061341183	203.68811573585668	196.47089317616553	168.96590323077962	229.3111111111111	249.04791155574324	244.071428586	244.071428586	184.22448979591837	195.57350933090578	252.41208230452676	249.781220732404
221.5214766172622	234.7964981866363	52.01885299232228	253.08600392670877	133.33408004696048	133.33408012079056	176.1574894522641	174.49222152691027	187.28813575511347	184.84821703125	28.2766471634543	132.7326301677647	143.82809803244734	143.82809803244737	165.43057324840765	88.36526347044187	105.94314874123052	174.94626787108913	174.94626784118947	187.4726906925136	158.89451302914523	229.35404071752387	170.86612808814485	170.8661280876935	169.4295301729145	195.8798882618592	197.200000017	158.43195266272187	237.4683695392695	249.78122073255614
104.22172764429934	231.35318906751155	246.07046839778832	133.334079975	133.33408006000002	133.33408006541805	133.33408006795173	159.74412398245858	186.0794035978526	187.2881356233769	141.5728043534688	184.11929211310135	153.21656050955414	143.82809803244734	200.48069850173627	112.76779551248814	161.8871652437	167.3371803236378	170.70110573909437	158.89451299651665	183.8038673887902	98.07692307692307	173.53333501265433	116.8300120732587	203.13559320275783	203.135593220339	231.9152276268089	197.0715847315416	237.46836953759546	254.5316326566
201.22045147484124	254.78692907628846	101.17157803215645	19.61538461538464	19.615384615384613	175.01861293290858	159.74412398245858	159.74412391994304	159.74412395121868	133.33408022999998	116.25726965044637	184.1192921163201	121.52649334720923	153.21656050955414	101.75112135735418	153.21656050955414	124.91124697279508	172.09880973298672	202.2099846855416	174.3619196689565	124.05968019225202	82.30547550432277	185.2325581395349	173.5333349552218	160.0617638541412	205.416666663125	248.0454545385	240.68044631378268	236.55381944444446	242.28632478677883
134.93190186376762	45.566992368495505	242.43578591046543	176.53846153846155	148.14315693859504	16.60804412251656	159.7441239824586	159.74412390430524	159.74412391994304	159.7441237000442	116.25726964703227	121.52649296418039	121.52649295004522	121.5264930442851	101.75112128793702	172.7283715366986	172.7283715366986	170.5170642427032	132.62115938354592	132.62115942723415	133.59571672143372	135.47543182961596	135.47543183075192	166.99464588375	181.91285481415872	147.83298586538643	187.07075962539022	210.72916666666669	219.93974690342722	241.8986666712
69.07981818223465	254.87208759885388	28.619742957029302	16.608043893600097	16.60804395952053	16.608043924223153	16.60804396493586	159.74412398245858	159.7441236932833	159.7441237000442	60.107142783010744	121.52649178601126	121.52649295004522	121.52649309544816	121.52649287179892	147.75276952491367	147.75276952491367	146.93521701575136	174.06381113203463	132.62115933379	132.62115937944677	154.18928156978424	156.04950191896614	156.04950209668158	71.1593644790238	181.91285474683707	156.978	160.51984877126654	204.38368055555557	226.24506243260274
183.92637351788036	244.4903692732227	176.53846153846155	36.34528212872945	111.03336653105953	16.608043906574466	154.81048253966807	154.81048236371782	16.608043886145452	16.608044052462702	60.107142783010744	109.86391540587715	59.59946898947567	59.59946896521086	140.57784768452896	140.57784871358746	140.57784865134076	140.57785058496603	140.57784929227384	159.39859851170567	137.42136116374476	137.4213612043432	137.42136116374476	137.4213612158691	137.42136133075596	138.47272727272727	168.22916666666666	174.99483483483482	174.83102918586792	228.7947343003214
44.099466764917	60.83709058427888	13.619868011328208	110.95474892207613	137.4154498232051	137.41544968358897	111.0333662293194	111.03336626875262	111.03336632989942	111.03336638018945	111.03336647378092	173.035714395	42.5	127.49590100606073	59.25714925992665	59.257149239608594	139.56288285707745	140.57784871358746	140.5778490607994	140.57784880938073	137.42136110606836	137.42136114113686	137.42136118297026	137.42136126435355	137.42136122142114	113.813200498132	137.30769230769232	23.472859258009237	248.115	16.2415109079993
125.12556193861397	147.6310923283741	117.57863877857883	117.57863877857883	137.41544972564537	137.41544973966415	137.41544973966415	137.41544974090453	111.03336626875262	111.0333663370954	91.79999999999998	36.6310462787533	140.9605332114484	140.576620239154	140.57662016163445	127.49590102000519	101.62394782638975	126.22334967933492	86.78769006398369	91.3432835820895	99.40677964783109	137.42136083788904	137.4213612043432	137.421361192583	137.42136122142114	148.75	42.15447154471542	35.41378658415144	149.65066852677987	246.69767441860466
28.63976903825923	8.731528031414541	117.57863877857883	117.57863880741704	117.57863891567752	117.57863916211096	137.4154497012944	137.41544976770172	159.26267169509117	28.2766471634543	106.44506444992442	115.33074784287777	116.53218851406353	114.42337983836555	114.42337976084599	181.11572048870366	119.52380131802673	115.81020149744185	91.34328357527289	126.2121209794249	126.21212119602274	117.58455023229828	117.5845502590955	137.42136108432248	137.42136133075593	123.38709677419357	99.78260869565216	14.213703166704107	16.2415109079993	233.14285714285714
28.63976903825923	8.73152804552069	117.57863866924407	117.57863881702977	117.57863879565679	117.57863879565681	117.57863885886317	56.0774510128513	68.77725920590521	99.13871143124615	99.74404911537661	115.52722889793822	150.75584150258408	98.42742082464022	98.42742093354249	181.1157204709457	98.4274208855233	98.42742093966041	98.42742084849021	195.74285076039138	117.58455029870561	117.58455027229888	117.58455026033585	117.58455027435463	117.58455017679489	96.9	99.78260869565216	42.15447154471545	74.55015093557105	74.95451074042751
8.731527656174563	8.731527937604568	8.731528106632453	117.57863873564645	117.57863883625524	117.57863883625524	117.57863889393164	38.8820395798906	77.92636901445204	77.9263690077689	92.83814356963259	89.73097049732576	98.42742101521927	56.34669635679495	56.34669643548361	101.0915764036292	101.09157641805191	195.74285074007338	68.58205537323502	120.75475931518466	74.18181818181819	110.64735798881082	117.58455031641103	112.557738306528	90.66666666666669	106.25	218.65471787127046	240.82896261688137	22.33489557381816	10.22184031274412
115.96296904753169	8.731527857851972	8.731528219034516	102.79444854034986	117.5786387841309	47.82869095136445	38.849119550523056	38.8820395631781	77.92636900223036	91.22149076058622	93.41781133187663	77.92636900649009	77.9263690188746	77.92636899147331	56.07745106127203	93.66089870188839	93.66089869498617	49.52315034514692	68.58205538055563	120.75475923276127	110.64735776315067	95.25587629995579	95.25587630671669	95.25587629995579	95.2558760175414	84.99999999999997	48.26781180431158	208.82296368761874	53.53494014909549	255.0
115.96296906071595	115.96296906511068	8.731528023705607	47.82869081583456	47.82869090845685	47.828690905367495	47.8286910844333	57.448062985157435	85.35534335072717	86.73433490062484	93.41781133187663	83.88413443830174	77.92636892543811	77.92636901474646	50.695668542591704	50.69566852677613	50.6956685250957	49.523150358513334	50.69566866523823	138.74273035296773	95.25587604878132	95.25587608005694	95.25587609569479	95.2558760175414	95.2558760175414	85.0	48.26781189348836	17.886431675932812	249.84511661696337	248.62582479382831
115.9629691060764	115.96296901402161	115.96296904852375	16.60804412251656	47.82869088700306	47.828690798498	47.82869073244524	38.8491194927081	82.81318557570225	57.448062985157435	57.448062989893	57.448062945196256	57.44806298269313	57.44806298269313	57.448063020190034	93.41781133187663	50.69566846843318	50.69566853693257	50.69566853693257	138.7427303495536	95.25587604878135	95.25587608005696	95.25587609569479	95.2558760175414	95.2558760175414	48.26781186617356	48.26781185407657	58.62576217940497	145.66064207744498	174.37783215667363
64.58380336909639	115.96296906071595	115.96296906770797	134.02268763716455	16.608043893600097	16.608044052462702	105.17154182237533	79.53607224980661	77.62761638077583	78.46912383541306	57.4480628483943	57.4480628483943	57.4480629783439	57.44806304199821	57.448062989893	57.44806299838183	86.73433490062484	57.44806305503178	50.6956684901036	55.81096625281987	95.2558760175414	95.2558760175414	71.80259196226774	60.24053298625773	65.40425432226871	84.57271752604007	178.5	204.0	2.7450028648381704	192.6253516469258
210.87192608984435	25.912848012639188	115.96296901402161	134.02268761581504	134.0226875951276	16.60804396493586	16.608043886145452	69.06015935130117	68.89774904832427	75.70648248431763	75.70648236044497	75.70648233453073	57.44806297607269	57.44806295258806	57.448063004099765	57.448062985157435	57.4480629946286	57.44806305503178	57.448063020190034	47.87072223340161	47.870721961785165	54.66163523987461	47.87072190128413	54.2127991695707	55.90201636104911	29.536444669204258	178.5	204.0	248.95252088984174	224.41615954287295
224.41615954287295	133.33408022999998	15.765836600992259	115.96296907390018	134.0226875847839	134.02268758952994	16.60804395952053	16.608043924223153	16.608043906574466	110.42858895	75.7064822908736	75.70648227893966	36.10368100378656	47.78232017888212	57.4480629451962	57.44806300409974	57.44806298269316	57.44806297178906	47.87072195240651	47.87072194467771	47.870721944677655	47.87072196637456	42.7102272806211	42.71022727000002	42.7102272806211	57.66802798806202	29.536444669204258	24.7439797795559	85.42559278404778	7.141453241309989
208.37615823282135	133.33408012079056	133.33408006000002	133.334079975	15.765836693891004	134.02268756571266	134.02268743566896	48.64322253238899	48.643222556243046	77.21044494924342	77.21044487979407	77.21044496589752	75.7064822287013	36.1036810427984	91.31613544336966	91.31613546106945	47.78232022120039	47.8707219012841	47.87072195240651	47.870721901284156	47.87072198992115	37.39638063387241	42.710227312499995	42.710227243706015	57.66802792607052	57.66802792165012	217.7433253138805	243.66996689098295	156.36043661818795	166.31179679458916
109.54592047457439	64.58380336909639	133.33408006541805	133.33408004696048	133.33408022999998	56.145811342636534	25.645959282476127	25.645959386588146	134.0226874942607	59.159730722995874	59.15973089471811	59.15973080825347	77.21044497388283	77.21044479268886	69.75825852488438	74.87918779907545	47.87072163389672	47.8707219012841	47.87072181190891	37.39638086375464	37.396380889294505	42.71022718500001	42.710227188424795	57.668027933675944	33.06431520650045	33.0643151846927	152.27139137912008	68.8661326015272	14.280118316507355	55.40856205309771
228.26124294240765	208.37615823282135	10.476644371342672	133.33408006795173	50.05069174845863	45.57848135606994	54.513349835942535	55.75754133300393	115.33074784287777	18.979885468917587	18.97988532199517	59.15973077943201	59.15973074983248	59.15973085377388	77.21044476183715	37.396380733762584	37.39638076158346	37.396380804153864	37.396380820423985	37.396380798758656	42.71022744000001	35.504254954320515	35.504254961359834	33.06431520650045	33.0643151846927	46.8781484813849	182.12990281289	184.5644232922847	28.829706717611174	29.809783193967775
252.8569201612647	136.9903784733171	20.38294806178544	74.55352775507623	20.060841885110875	43.51841669345873	43.518416693458704	43.518416703733095	43.518416724281934	18.97988508911078	18.979885190435795	18.97988544293827	18.979885369181233	18.979885433936403	18.979885458553866	30.89480370706437	30.89480371287982	30.894803697724228	35.50425494024199	35.50425497525271	35.50425495080094	35.50425495635278	35.504254918553016	35.504254918553016	0.0	156.3525342773827	131.37139805894367	125.19123819261998	1.2992610572690353	13.482455412126285
91.71343852078215	25.379806735409062	45.684891360443885	60.83709058427888	110.95474892207613	48.29974628515657	43.51841660098913	43.518416686017446	43.518416686017446	43.51841669152668	43.5184167450721	43.51841674139922	28.409556052721882	30.894803728993082	30.894803715787504	30.89480368982683	37.20968807984846	37.20968798819922	37.20968800695229	37.20968798819922	37.20968798811256	30.552260506749775	30.55226047270537	30.55226060888299	31.451129933216095	156.35253413506442	156.35253414793394	46.75234565156558	163.39438279633686	110.21292534936174
10.128651216780952	10.360287035747945	12.513560323366846	14.039459378276007	34.2596263752165	32.57536585338528	30.01321109898251	32.57536585338528	197.41229054437125	43.5184166429749	43.518416686017446	43.518416703733095	43.518416724281934	30.894803563065892	30.89480360391758	37.20968797998984	37.20968797866121	37.20968798181164	46.49014248703918	30.55226047901371	30.55226045260693	30.552260409285054	76.46143961245701	1.0810466101290217	156.35253399644353	156.35253416029337	156.35253415116733	76.81104327752021	0.02240186169626668	255.0
1.0627067825561198	10.08552863834069	10.178322593745833	12.489610924201656	0.30584732495961475	19.120263096418654	2.9579405068757865	20.548416842969345	45.684891360443885	39.19820460146647	20.548416842969345	31.451129933216095	43.518416686017446	43.518416724281934	217.7433253138805	166.86288432209506	166.86288425553064	30.55226040461659	30.55226047901371	28.43480819243956	26.603669701871922	8.185530333365051	0.04508550016043955	1.8758060462973276	0.0	156.3525341232151	156.35253405403938	215.45136650224964	182.79903290684274	0.0
