253.83520431764714	254.30283224148147	252.8646874153188	228.44022561443933	211.2676056384575	198.84756792367787	195.72745437250524	208.02631578947367	214.2	236.86666666666667	254.97733453837677	104.73214285714286	242.08466068832425	141.66666666666669	254.28229753366642	221.0	195.5	203.37636255290812	195.5	230.22857142857143	197.04545454545456	181.68084894555932	254.82799932920503	254.82799932920503	227.9923075547363	254.99553155182275	243.93580567652188	253.74718817450372	251.8190678753622	254.2733402777688
254.98781865806717	254.76623860057742	253.42331443659813	241.66666664666667	218.4065933956044	195.72745109407214	197.04545454545456	148.00865053455612	176.23652688082848	254.88978455432647	234.06684670871113	234.92711374499999	161.46886655191122	191.24999989133522	139.09090901188017	252.77988408377263	138.99590163934425	195.24551645940406	205.5746140651801	219.94521702804585	205.28132138230265	228.01243056899858	240.434990433664	248.23662305382302	233.57095264735477	240.93358018500922	253.30604311183774	252.59363265306123	253.74718817463815	254.17288699514486
254.44297012175593	250.46666666666667	240.33519555152336	238.68	0.0	148.00865042866923	159.79350627582704	159.7935067559505	121.88246670262197	175.3125	254.87094643330246	231.1701077369887	254.64342244921562	224.58366556516214	254.22702432398077	250.66520733564087	203.86828094034203	206.21466612044244	212.1424736179513	237.8934340719685	220.06688555911828	232.6402321083172	193.83445947255638	244.8	231.62146139929027	239.74228870701845	247.63183449607044	245.37461073456677	253.0035512909221	254.84295536191783
195.43973795578128	241.11666666666667	232.0556224250264	222.27811274415717	214.7784181438258	216.82952182952184	140.62500007812497	121.8824665409847	129.4003210622783	214.2	47.78883278883279	232.0762777691471	63.75	144.0474820143885	232.0762777691471	196.6904810723863	137.03521606725195	247.5024830740913	179.94836067331278	215.0389514402047	215.13626540350361	210.17866093697504	233.69164659552226	217.25306122232143	244.8	226.69494187053053	245.37784183343416	247.63183449572807	249.4124259343763	254.85970914638537
236.18440411172838	252.30972197363715	82.95435592536222	0.0	236.36925767082266	185.76923076923077	123.46556281922915	33.46153846153845	94.09090929405991	148.04590360008393	134.33178941791732	130.38461538461536	63.75000000000003	199.65188644026745	208.163265405	104.73214285714286	219.2184454837949	248.46881959910914	248.46881959910914	199.82852289869967	212.14247358395363	212.14247359942723	199.03846152945528	239.83516483914772	229.5	215.68027210884355	243.03662307951603	247.6318344940401	253.1548395537353	252.45
22.450056591688906	14.43881138928566	25.01688855053058	215.68537141950898	113.09155674002761	227.99835168337256	101.47470229499999	94.0909091115806	80.41025381844332	111.70705930513805	204.9363433704379	127.49999999999997	110.34545454545454	153.0	187.0	85.0	252.06250302152512	219.21844543684307	219.21844543684307	159.4692714273156	174.64620126762767	194.3263464665393	232.16543209876542	244.66216216216216	240.428571414	240.428571414	219.6122448979592	229.92944924897589	252.95522552456436	254.33941984180444
58.61245556181714	161.50365164540221	59.05933704375411	0.36895327975526016	101.47470222504387	101.47470222504387	78.0906161347088	80.41025382084413	108.05084748619652	100.08930380625003	43.382286616298956	249.6929128983586	250.59889540904385	250.59889540904385	237.15115422415283	216.0722717614809	183.9664523251016	140.3651190692364	140.36511909360888	188.4254602396295	176.93578088880872	219.2184454837949	223.75257015221217	223.75257015162114	213.07046976290763	233.72032122578602	233.325	200.68047337278108	251.40464609692052	254.33941984163783
172.46272570228365	0.7842267783061629	254.7828673946409	101.4747021675	101.47470221	101.4747022250439	101.47470226911383	67.38105724708117	106.24086795088687	108.05084752905057	100.05556928287305	135.9556992523526	233.16348195329087	250.59889540904385	180.19123899619797	131.8232976762715	161.8871652437	208.96547039826902	175.52224029164847	176.9357808768877	188.28341754235424	137.30769230769232	224.42375664684448	157.55865663070597	238.79237287586182	238.79237288135593	244.39167975354866	250.8095764418071	251.40464609657718	254.1673469394
19.08422034967822	38.67055409012943	141.4603337432659	19.61538461538464	19.615384615384613	89.91204131967771	67.3810578254317	67.38105730065243	67.3810573622539	101.47470254999996	86.45888020796144	135.95569916948907	248.66576300532222	233.16348195329087	108.50910927503475	233.16348195329093	151.80206911007534	171.35246954705698	194.04334089034717	174.3619196689565	156.8905234424418	169.7550432276657	208.95348837209303	224.42375669716506	238.5176673357884	243.046875	244.8	247.81690140845072	254.937744140625	253.5633263221154
35.99435395311167	50.78004345626067	41.06142342567614	137.30769230769232	48.66395964339941	26.08351197377587	67.38105724708115	67.38105726985177	67.38105730065249	67.38105711107943	86.45888025296463	248.66576241945046	248.665762192651	248.66576171656988	108.50910934709103	121.62427940790812	121.62427940790812	170.4043401144225	157.4467823344561	157.44678235252525	180.65536333524278	195.13080664095253	195.1308066425887	225.8192041575	239.2573962787398	226.65116768356827	250.75442247658688	254.00390625	254.45218354536604	253.157625
212.51530252205026	55.24540339996409	156.4922853919697	26.08351197377587	26.083511995047928	26.083512024797272	26.08351204227617	67.38105666873062	67.3810572470812	67.38105711107943	80.14285723101426	248.66576063977246	248.66576177596463	248.66576192176046	248.66576172556026	193.8767858707572	193.8767858707572	230.96770056446647	178.69262934044087	157.44678230991423	157.44678231961242	223.48138753608882	227.6388585208174	227.63885867081723	220.6940028787276	239.25739640529716	237.762	245.23865784499054	253.319091796875	244.48486360453933
61.73914261382345	115.99589969092608	137.30769230769232	59.65412176910999	73.33433497254356	26.083512039671888	78.94752057506085	78.94752066995952	26.083512076526347	26.083512183713026	80.14285723101426	245.763869911366	80.37671222477218	80.37671227983597	228.6401166895154	228.64011675766164	228.64011717292163	228.6401166895154	228.6401172789729	159.78647801986943	203.03867686424263	203.0386768795343	203.03867686424263	203.03867690718698	203.03867694494025	227.8	246.03515625	245.2227027027027	244.99315956221199	245.37461073456677
8.017138525629946	28.743041690255836	13.619868011328208	71.99616450855797	59.71395605784636	59.713956029792655	73.33433436906324	73.33433458545571	73.33433457022335	73.3343346708034	73.33433454776932	145.714285605	63.75	218.10434073402843	81.87748357444059	81.87748354385366	141.04308417194744	228.64011423837292	228.64011732237725	228.6401173396683	203.03867688605104	203.03867684683138	203.03867689264808	203.03867684683138	203.0386769494589	199.1095890410959	225.88341346153845	194.59893887347934	238.68	250.79799677346526
28.701364381233958	108.33134455917761	51.9613231575658	51.9613231575658	59.71395609964043	59.71395606211931	59.71395606211931	59.713956078905284	73.33433458545571	73.3343345728936	71.39999999999998	46.793371970183046	123.31856626171214	89.80666480271367	89.80666469007974	218.10434073767343	242.21207140371826	220.5441555810179	114.68187449728651	148.4328358208955	190.16949151992964	203.03867669850678	203.0386768795343	203.03867685333842	203.0386768424342	239.0625	196.9512195121951	153.55452400800604	138.00936715021936	246.69767441860466
156.60178767589392	8.731528031414541	51.9613230505411	51.961323146661584	51.96132305505978	51.961323301493195	59.7139560392952	59.713955987076986	129.0647925905609	43.382286616298956	106.90192069119158	93.72383928884992	116.73018004861686	165.19333530992026	165.19333519728633	162.91163637076687	116.94046936346874	212.01535773747332	148.43283580981844	210.4195802554434	210.419580375	195.286044012923	195.28604392109472	203.03867694494022	203.03867669850678	222.09677419354838	205.1086956521739	35.41428617426567	250.79799677346526	233.14285714285714
156.60178767589392	8.73152804552069	51.96132305505978	51.961323107351916	51.961323120465664	51.961323120465664	51.96132315316862	74.5187982121044	52.334529472376886	99.44618587309563	99.60694718752376	105.17275494368579	129.32239813758468	203.91476433748124	203.91476418691343	162.91163630524926	203.91476414788613	203.91476420202335	203.91476424522446	173.12251645614631	195.28604396070483	195.2860439342981	195.28604393788072	195.28604390035954	195.28604394215364	188.7	205.1086956521739	196.9512195121951	126.79730458680291	253.31823549786424
8.731527656174563	8.731527937604568	8.731528106632453	51.96132315316862	51.96132313575737	51.96132313575734	51.961323113948964	56.80443729769871	82.07238375353037	82.0723837520463	92.75476354101113	93.48324827553756	203.91476407398767	76.9617014812541	76.96170148916238	106.23223092822468	106.23223095923444	173.1225164255594	119.60258495730454	156.65362844947407	153.0	199.65101302049663	195.28604397020734	203.26614686905472	187.0	207.1875	195.34587823089	222.51952123559377	55.47791463998851	0.8149101739832645
79.55480077005168	8.731527857851972	8.731528219034516	28.922523619223085	51.96132309281302	35.560100402429356	55.94987660333982	56.80443730448437	82.07238372399462	87.8937565638891	110.20681453349508	82.07238371432891	82.07238376789832	82.0723837478657	74.51879825838066	98.1345666654502	98.13456668705894	76.30436232498803	119.60258497635729	156.6536284670095	199.65101286369227	187.61894288892057	187.6189427529188	187.61894288892057	187.61894333126935	175.3125	76.86834869678364	59.28675747115935	113.37397904927005	255.0
79.55480067913831	79.55480064883383	8.731528023705607	35.5601003371458	35.560100359521755	35.56010042905544	35.560100612874606	74.4940388100413	85.68199767993374	88.20431658293188	110.20681453349508	86.17444576780304	82.07238379538094	82.07238375004184	72.65097739886977	72.65097741218045	72.65097740930622	76.30436230489875	72.65097743017918	168.54111974703534	187.61894263774613	187.61894269934754	187.61894273014826	187.61894275291885	187.61894275291885	175.3125	76.86834864864738	249.84603554351145	228.96895234881913	248.62582479382831
79.55480050350016	79.55480067359403	79.55480071713092	26.08351197377587	35.56010033806797	35.56010051320152	35.56010057154191	55.94987660288163	81.61840765264515	74.4940388100413	74.49403881618201	74.49403877583771	74.49403881009911	74.49403881009911	74.4940388443606	110.20681453349508	72.65097739405047	72.6509774212455	72.6509774212455	168.54111979203856	187.6189426377461	187.61894269934754	187.61894273014826	187.61894275291883	187.6189421745683	76.86834867378178	76.86834867179687	4.618132343172391	53.53608254192875	134.98917282662865
160.36885391609667	79.55480067913831	79.55480064592066	100.0521093628353	26.08351197377587	26.083512183713026	69.72655747008602	77.77474493838253	77.91772030138509	78.16013313049666	74.49403877583771	74.49403877583771	74.49403880744322	74.49403877583771	74.49403881618201	74.49403891288341	88.20431658293188	74.49403887570023	72.65097743017918	126.42403155158667	187.61894275291883	187.61894275291885	163.40129598113387	144.5817610598382	155.47681147249148	197.50228245190073	153.0	204.0	0.7634247601175161	163.3884437822206
22.27312754484248	0.0	79.55480067359403	100.05210938679087	100.05210941070834	26.08351204227617	26.083512076526347	69.40322926148085	75.97305252693616	237.69223594082038	237.69223586966382	237.69223566610222	74.49403875052309	74.49403878028218	74.4940388346042	74.4940388100413	74.49403882232272	74.49403887570023	74.4940388443606	90.23448443665089	90.23448448968614	124.04401742208569	90.23448430763722	124.9750023690203	132.88840838813314	169.4901471234498	153.0	204.0	49.53306759993063	249.3061437834513
55.57213740917237	101.47470229499999	27.129253849322964	79.55480058822485	100.05210942266703	100.05210941790725	26.083511995047928	26.083512024797272	26.083512039671888	88.063313895	237.6922358495141	237.69223581204574	145.39637114650938	67.84843788652225	74.49403877583768	74.4940388346042	74.49403881009917	74.49403884436057	90.23448437209021	90.23448439442438	90.23448439442436	90.23448443781803	119.4728761127266	119.472876165	119.47287616809913	182.63327647904939	169.4901471234498	235.0764103207301	123.21261992189193	0.07150446475162653
3.287065818830939	101.47470222504387	101.47470221	101.4747021675	27.129253843866366	100.05210944544314	100.0521093404594	31.952825281673398	31.952825270818124	180.43669429099575	180.43669428908305	180.43669420223313	237.6922358518906	145.39637103398007	96.00220558143391	96.00220561370543	67.84843791268838	90.23448430763713	90.23448437209024	90.23448437272762	90.23448424296899	94.23069743062734	119.47287616499997	119.47287614964162	182.63327639228152	182.6332764130995	193.81768016709603	106.85849297015875	51.648394215051326	228.3889052692782
0.18729476969014058	160.36885391609667	101.4747022250439	101.47470222504387	101.47470254999996	56.17452035690826	35.78155451620512	35.78155456315696	100.052109528051	224.67335542862637	224.67335546314393	224.67335546314393	180.43669426505932	180.43669415744256	67.37029264869028	75.75353075048156	90.23448443665083	90.23448430763713	90.23448433980991	94.23069743261419	94.23069761933758	119.47287616499997	119.47287605386788	182.6332763816479	108.65767926963093	108.65767927332047	120.6011980916908	41.12534536433418	221.28642786832793	232.7143573141204
186.43863705819652	3.287065818830939	19.266421851739864	101.47470226911383	49.17440153497705	34.10744218581266	54.78327328606426	56.68036723062974	93.72383928884992	137.26801909997477	137.26801896250458	224.6733554055009	224.67335534039916	224.6733554575182	180.4366941972926	94.23069730262213	94.23069737532359	94.2306974566616	94.23069743261416	94.23069743261419	119.47287591	110.266552784563	110.26655280642512	108.65767926963093	108.65767927332047	46.8781484813849	182.12990281289	60.28216186714715	43.735399839246924	229.33549436101706
246.80944382319385	42.26035131786713	13.982100708447092	58.57422566366219	0.0	117.85033086065602	117.85033086065602	117.85033086731914	117.85033088064546	137.2680189469802	137.26801909997477	137.26801908344765	137.26801905000536	137.26801901834327	137.26801902502064	85.64464505631429	85.64464502443596	85.64464502438057	110.26655274083873	110.2665527647797	110.26655277363196	110.2665527632958	110.26655276032798	110.26655282619905	17.22864807885489	156.3525342773827	35.48374749611082	125.19123819261998	231.3532125251982	235.84222967054808
35.25931534571288	16.56123202361826	50.852469013865004	28.743041690255836	71.99616450855797	23.56084784098374	117.8503308006878	117.85033085614245	117.85033085614245	117.85033083877985	117.85033087350502	117.8503308850801	50.167992010853965	85.64464502438057	85.64464500849681	85.64464501053595	115.20137094405618	115.20137081853574	115.20137083728875	115.2013708466653	115.20137080201926	85.46352163795305	85.46352162776381	85.46352148610944	54.61283193544992	156.35253413506442	156.35253414793394	31.377811223358435	204.71097665398742	234.4736838672404
10.077507921155188	12.980997036785595	11.969023910457707	0.0	26.12057127719646	30.374465792951497	30.122428615942027	30.374465792951497	197.41229054437125	117.85033085614248	117.85033085614245	117.85033086731914	117.85033088064546	85.64464491231581	85.6446449618428	115.2013708493786	115.20137083752849	115.2013708256921	137.90208384806726	85.46352158676393	85.46352161317063	85.46352153409441	130.04808610065737	57.682052275129564	156.35253399644353	156.35253416029337	156.35253415116733	0.5200345022211366	208.0931201332767	255.0
1.0973433349942638	10.056721259435193	13.009375226776257	12.628754144563146	1.717721788267255	19.39190893028652	9.330597207651039	255.0	50.852469013865004	39.19820460146647	255.0	54.61283193544992	117.85033085614245	117.85033088064543	193.81768016709603	132.75255121424738	132.75255124768853	85.46352160738536	85.46352162637402	100.32873052580103	95.75650710240947	59.9568925260551	74.33985762585039	13.794844934529749	0.0	156.3525341232151	156.35253405403938	133.24178794634253	33.78100983827565	0.0
