254.70129127971245	254.77613168444444	251.29289754806118	251.77666918682795	243.7122736150616	241.50307169471154	236.29341114778984	223.77741228070175	214.2	163.2	236.8035355518666	218.57142857142858	181.5125280247342	244.8	223.0301768008773	199.75	225.25	192.91489974446648	225.25	183.96428571428572	226.02272727272728	212.29188629805483	246.70734875721186	246.70734875721186	244.25308662266818	253.50454731886776	251.79958635288375	249.48748672077556	253.07778972407533	254.46082278557927
254.97974182556914	249.4874836005831	252.91500718648942	247.44444446333333	245.97069598626373	236.293410939885	226.02272727272728	221.8265413160832	221.7860355208751	232.2881610646845	252.32377319511585	147.421875	208.3467577714148	147.7840908251227	199.94318170457774	212.73871080437084	240.60109289617486	223.22060851267935	184.0694682675815	184.23078403715277	230.10103548858882	227.7709532790296	237.49949854251594	237.57315754694645	234.93264742854342	240.85937454268222	249.0564257285197	235.21147959183673	249.48748672379543	254.6952371885864
254.54611970473897	243.02916666666667	241.60893856968084	238.68	237.78132198899715	221.8265413704197	211.8228821543155	211.8228813432906	202.93681494691853	195.234375	202.9363359736609	130.91336481435542	211.35286208011536	151.77615932590805	205.4884144353694	191.8694320199354	193.38151437560182	184.6425645227366	184.39233937845773	219.647924647914	221.53526861193436	222.94003868471953	238.5654885617274	244.8	231.67964168019273	235.40099056262906	235.21274715988608	235.21155639561024	249.48748359892613	253.72637830466303
195.43973795578128	251.52916666666667	228.2809592022531	185.10786563337865	253.4350056034536	89.21591921591923	203.645833421875	202.93681499285128	202.69038817246806	214.2	229.62874962874963	167.84759981357774	170.0	171.8065775950668	167.84759981357774	211.10618871243898	202.3045123434918	181.81896387588802	221.4740390519798	214.5849956245575	215.21934245362493	232.74148100877352	211.76210030698215	227.9387755102041	244.8	233.0405120527233	235.21465366712988	235.21274716130546	252.12819658475635	253.73157409764784
254.98849040650302	190.221060859859	180.24484674942278	196.82128222784024	195.9879492840376	64.61538461538461	194.15733404606664	203.0769230769231	177.72727266668386	193.37508431313748	219.83831862661987	154.6153846153846	170.0	93.38755667849912	111.5625	218.57142857142858	219.2184454837949	209.0924276169265	209.0924276169265	200.34595238119937	184.3923393563088	184.39233935922675	240.97633136601917	195.32967032577693	239.307692292	221.17346938775512	237.7835648148148	235.21274715437337	247.54980409072544	254.0343195288
250.53915664828023	194.4036261391546	156.90778893250618	37.63060045542059	254.0255136123879	252.57207767680114	101.47470229499999	177.72727270707645	163.12232030714196	165.97079826758164	51.93609622113118	148.75	136.3090909090909	153.0	102.0	204.0	175.0038346908541	219.21844543684307	219.21844543684307	194.86039743643454	185.01797555925873	240.2241935475124	189.51851851851853	213.64864864864865	225.857142879	225.857142879	238.08673469387756	229.92944924897589	238.18500228623685	252.4914808427622
172.7204983828794	249.53020442313874	250.2184474597769	214.0580848472972	101.47470222504387	101.47470222504387	164.4346097968327	163.12232055943522	162.9406779889572	164.779121925	134.02854290821654	143.45050395851655	154.39074905074213	154.39074905074216	148.92463220124085	151.67832578883	153.7721951982947	174.9723180048863	174.97231801417485	187.29763957717262	212.03069738645462	219.2184454837949	188.35968817951863	188.3596881736325	179.69798654703055	231.76837128698648	216.75	200.68047337278108	244.76824628235855	252.49148084328138
0.47527564891794327	5.443359118379078	7.807828262520417	101.4747021675	101.47470221	101.4747022250439	101.47470226911383	147.63698783369583	161.42462501330962	162.94067791086758	120.06994374246716	140.00569181216946	136.25265392781318	154.39074905074213	102.46634199467582	167.90091845388486	136.30395960396157	178.62138934901975	120.41134093416022	212.0306972685147	155.91760808589925	137.30769230769232	194.5682270656038	231.27018738236615	219.18886197209792	219.1888619842373	212.8335949750757	224.718447361325	244.76824628138155	251.6693877576
243.5694533076686	240.89324561341067	150.73003283628213	156.92307692307693	156.9230769230769	147.60045815107435	147.63698841204638	147.6369879052634	147.6369878567894	101.47470254999996	149.31828679801822	140.00569171795053	132.29097922956953	136.25265392781318	149.20089620539466	136.2526539278132	128.18023648569462	172.6436429570252	168.79426600052776	191.74228537104977	171.93007618915928	180.04322766570607	120.34883720930233	194.56822700126907	193.39270323810632	220.08928571125	234.6	225.75452716297787	226.94566514756946	247.90276687548078
69.1657053487946	2.2426332336646055	29.16613950618853	39.230769230769226	133.28585689788116	94.99424144864417	147.63698783369585	147.6369878039132	147.6369879052634	147.63698760561493	149.31828682719703	132.2909783911984	132.29097796385315	132.2909780737245	149.20089627101842	159.9866907048558	159.9866907048558	170.4406182497733	126.5065805318113	126.50658055305882	156.23892465649007	153.2651349991615	153.26513501113755	186.77496177749998	193.46761098994216	178.15517472218505	207.82691640725807	196.45182291666666	234.7105016833943	249.2625
229.86161712375326	94.06564650012137	141.8212137705683	94.99424144864417	94.99424143016324	94.99424141781807	94.99424142021834	147.63698725534533	147.63698783369585	147.63698760561493	80.14285723101426	132.29097716210143	132.29097796385315	132.2909780975295	132.2909782478891	161.1728988562894	161.1728988562894	129.82402266890702	125.7801184684011	126.50658047795613	126.50658052369036	165.90038622748727	168.68471951029306	168.68471953578336	163.6051900051533	193.46761099960366	186.048	220.1724952741021	226.94566514756946	239.8108912013122
151.79205740044438	251.29824501427814	39.2307692307692	96.46276533808046	90.83283281546838	94.99424141164548	128.9053770181577	128.90537715638578	94.99424140600541	94.99424149254489	80.14285723101426	119.88748981129208	117.97979052717142	117.97979055955918	123.37652402240082	123.37652397041958	123.3765240224007	123.37652402240082	123.37652510811844	158.81267200241953	162.15602128576018	162.1560212951478	162.15602128576018	162.1560213344241	162.15602142952844	164.84848484848484	196.45182291666666	200.12012012012013	199.93279569892474	235.21155639561024
243.5694533076686	50.33831008208182	127.27672631889337	71.99616450855797	115.28815165626594	115.28815159999337	90.83283251372825	90.83283270727216	90.83283271488833	90.83283281546838	90.83283285715942	63.75	170.0	149.59395608349732	151.49134610599447	151.4913461043539	141.83927935238165	123.37652145113086	123.37652364532397	123.37652364812095	162.15602132472725	162.15602122795747	162.1560213084461	162.15602135117422	162.15602135381783	142.71108343711083	163.46153846153845	180.2653066777154	238.68	4.646151832917894
254.98659722923702	27.73548727941244	92.84397875320687	92.84397875320687	115.28815164996405	115.28815166662088	115.28815166662088	115.28815166005978	90.83283264175009	90.83283271355319	91.79999999999998	140.9605332114484	57.477849466180345	126.87862366943196	126.87862401202241	149.59395609732593	111.10171223281841	109.77827864810186	195.3367793596111	106.56716417910448	129.66101696014078	162.15602118309496	162.1560212951478	162.15602131978903	162.15602124679313	132.8125	118.17073170731709	16.49285157232805	33.70335860390901	246.69767441860466
250.98075881423412	96.45412770699764	92.84397864618214	92.84397868021097	92.84397881690501	92.84397881690501	115.28815169966987	115.28815169993464	48.43567764252737	134.02854290821654	106.2998406330423	93.72383928884992	116.54806260058501	128.1213759879776	128.121376330568	88.32814000646718	118.22189712924632	100.25207984527168	106.56716419018156	139.09090901188017	139.09090909090907	139.71184830006536	139.71184833994025	162.156021183095	162.156021183095	145.32258063145161	160.76086956521738	37.05763047963052	4.646151832917894	233.14285714285714
250.98075881423412	96.45412770872369	92.84397857047159	92.84397869155393	92.84397870485216	92.84397870485219	92.84397877204253	58.129616763242666	68.77725920590521	100.31649426576163	97.59533121774825	122.72935924839737	62.48025312703518	83.48517525740294	83.48517525572689	88.32814001597549	83.4851753830707	83.48517532893362	83.48517532700393	103.50865389564603	139.71184830033013	139.71184832673686	139.7118483333791	139.71184835003598	139.71184834373406	122.4	160.76086956521738	118.17073170731709	237.2394010006285	30.901844974469185
96.45412756255686	96.45412774373949	96.45412768478849	92.84397864882578	92.84397871423982	92.84397871423982	92.84397867527275	50.25253523299037	44.98900639304472	44.98900640339954	92.37274342654234	90.75667501944116	83.48517518393544	83.15642715716095	83.15642722680172	90.50494491666294	90.50494498373101	103.50865389400556	81.40809638224587	91.33822945305005	97.36363636363637	123.26684257600013	139.7118484000066	125.73380023463062	113.33333333333331	132.8125	158.53723466191954	203.5157893560945	252.20426309760262	143.23551149063059
18.110407485961844	96.45412773265883	96.4541276335139	89.94435400224302	92.84397866557589	47.82869095136445	43.64462341710495	50.25253526323067	44.98900637854965	93.18370675941995	88.20431658293188	44.989006415312986	44.98900638193689	44.98900644274025	58.12961681764486	70.34906241895317	70.34906244955434	104.82889808368205	81.40809634937418	91.33822943041	123.2668425167978	107.36301239438507	107.36301216630415	107.36301239438507	107.3630127446547	106.25	76.86834869678364	144.07718732383708	164.3591335024891	255.0
18.11040761096976	18.110407652639083	96.45412770074523	47.82869081583456	47.82869090845685	47.828690905367495	47.8286910844333	53.73121775485751	86.94019470263589	90.88935871319453	88.20431658293188	46.642492133662245	44.98900633426098	44.989006393062226	85.30745999887435	85.30745998069625	85.30745997939732	104.82889808592216	85.30746011557798	105.68171317280297	107.36301214321065	107.36301209473658	107.36301219608683	107.36301216630417	107.36301216630417	106.25	76.86834864864738	211.9002422383454	1.3748480775300322	100.22164890045977
18.110407472613787	18.11040765795508	18.110407716739473	94.99424144864417	47.82869088700306	47.828690798498	47.82869073244524	43.64462342297978	81.39345200764092	53.73121775485751	53.73121778030699	53.7312177327382	53.73121777094056	53.73121777094056	53.73121780914295	46.642492133662245	85.30745997650129	85.30746000180875	85.30745998279374	105.68171320198178	107.36301214321065	107.3630120947366	107.36301207049962	107.36301216630415	107.36301158795365	76.86834867378178	76.86834867179687	164.44589572513297	7.53379630872098	83.55283962544337
163.41933966788224	18.11040761096976	18.110407677549915	33.970578274329256	94.99424144864417	94.99424149254489	74.00160901944034	78.37514650493927	77.65208312543811	78.06112366117674	53.7312177327382	53.7312177327382	53.731217768145115	53.7312177327382	53.73121778030699	53.731217885547665	90.88935871319453	53.73121786769161	85.30745994044332	76.22237090007692	107.36301216630417	107.36301216630417	87.76441188730556	78.48424291104064	84.05993466861233	98.29120861003642	153.0	204.0	252.8803539423429	223.06707935401337
141.8212137705683	5.419299502783417	18.11040765795508	33.97057811094041	33.97057814505803	94.99424142021834	94.99424140600541	70.13172062390655	76.28857552340759	84.19647643967494	84.19647632419918	84.19647629537889	53.73121780060134	53.731217763715904	53.731217772574325	53.73121779689808	53.7312178057565	53.73121786769161	53.73121780914295	57.88957500622445	57.88957519012524	73.57063521259366	57.889575237235675	71.11688495753404	71.84731164427541	90.02922172828201	153.0	204.0	250.81162979642943	224.41615954287295
254.68394187614024	101.47470229499999	47.690223589177464	18.110407735977645	33.97057816211688	33.97057817162272	94.99424143016324	94.99424141781807	94.99424141164548	34.163521979999985	84.19647609079772	84.1964759971323	74.96204891250608	59.77571131164524	53.7312177327382	53.731217772574325	53.73121777094059	53.73121780914295	57.889575128825015	57.889575150448394	57.88957515044842	57.889575172145214	56.571431177939985	56.57143116500001	56.571431177939985	48.46176471401884	90.02922172828201	92.90407214679703	186.89558611059385	14.679286691126634
160.36885391609667	101.47470222504387	101.47470221	101.4747021675	47.69022352814824	33.970578120269465	33.97057809520953	45.80520843864491	45.80520846040204	64.79528295267198	64.79528292287799	64.79528301248297	84.19647599168783	74.96204878948583	54.08838731857668	54.08838730881564	59.775711344593816	57.88957510705475	57.889575128825015	57.88957510705484	57.88957507427364	51.69562198053538	56.5714311225	56.57143114102493	48.461764754968414	48.46176477025668	61.04660656008079	44.28234079318395	3.4376855690722152	95.08316820126518
39.61734925682754	163.41933966788224	101.4747022250439	101.47470222504387	101.47470254999996	55.91640662220283	35.78155451620512	35.78155456315696	33.970577966209646	66.0785104405353	66.07851042273606	66.07851050920061	64.79528304586282	64.795282849779	70.19727935634211	77.36894164377938	57.889575006224476	57.88957523723565	57.889575040248985	51.69562211252685	51.69562221917312	56.57143125000002	56.57143098101841	48.461764761910956	66.2987537890582	66.29875379008209	234.51182043540845	138.7719435004019	0.49804743480748925	154.0555989735928
236.0414743592615	254.68394187614024	163.58677399290582	101.47470226911383	50.21288196694894	45.57848135606994	47.79088972297842	83.38644242544686	93.72383928884992	63.229284500203164	63.22928476041443	66.07851042273609	66.07851046465498	66.07851053002645	64.79528281211716	51.69562185254273	51.69562209985423	51.69562203985467	51.69562206919613	51.695622047530804	56.57143125000002	48.461764754968414	48.46176471401884	66.2987537890582	66.29875379008209	46.8781484813849	182.12990281289	74.41340364601297	254.43604258821728	151.31448099776566
138.49839228948878	13.770946689541717	10.625868401392893	5.194209219297704	143.7916034413019	55.29718341704685	55.297183417046824	55.297183439137655	55.29718340898734	63.22928470977445	63.2292847786851	63.2292848813575	63.22928484849501	63.2292848513687	63.22928488340014	44.416909508528704	44.41690946889	44.41690948454723	48.46176483686753	48.461764757738166	48.461764775443186	48.461764761910956	48.46176477025668	48.461764704385644	17.22864807885489	156.3525342773827	0.4121500637334634	175.7995653432706	170.67787768281931	11.577437441691643
107.77039458168801	176.12352517325456	27.01249382867556	50.33831008208182	71.99616450855797	9.622906375844707	55.29718344122534	55.2971834241545	55.297183424154525	55.297183463436824	55.29718344943606	55.29718344476913	148.8355049372947	44.41690948454723	44.41690944907057	44.416909467332346	47.46693604331193	47.466935977305866	47.466935977305894	47.466935977305866	47.46693596199745	40.46771018679232	40.46771021236955	40.46771029247199	54.61283193544992	156.35253413506442	156.35253414793394	139.5561741885301	146.17910241679596	12.704527671893743
10.084635659623245	9.611138101234815	12.043479377069417	18.628613879564256	27.462427370458357	30.374465792951497	29.99357873937734	30.374465792951497	4.195436580354681	55.29718345643647	55.297183424154525	55.297183439137655	55.29718348331926	44.416909508528704	44.416909484547205	47.466935910574364	47.46693594994076	47.46693595395968	55.20818500944395	40.46771021991822	40.46771019351144	40.467710074049734	102.79109376835595	69.25617754596345	156.35253399644353	156.35253416029337	156.35253415116733	97.00144136279718	124.08099645632231	255.0
1.2142254242976378	10.682007013202366	10.303575981321444	12.043479377069417	48.635636238366715	20.43363101134122	85.46758721613247	0.0	27.01249382867556	0.0	40.76568839783258	54.61283193544992	55.2971834241545	55.29718348331926	61.04660656008079	93.49671222713081	93.496712336173	40.46771026352391	40.46771021991822	46.27763063459537	43.508023103435704	14.613834410158802	1.3633103501869641	11.713483681635864	9.562413569130882	156.3525341232151	156.35253405403938	230.28522568656115	208.65289741853337	255.0
