254.8697743435487	254.53429760518517	254.99320292574012	254.08772271925403	250.61909920428764	249.36347862079327	245.7488436657619	249.78070175438597	244.8	253.86666666666667	248.2328839078288	250.44642857142858	228.19290855899663	253.86666666666667	236.77082976315805	234.6	241.4	247.57569916542118	241.4	240.79285714285714	245.72727272727272	251.01130403472953	252.5158384441522	252.5158384441522	242.47760130578547	254.75480660973312	250.79768548214113	254.8853600741603	253.4312470971187	253.42453404796063
254.9751432151428	254.95589986879332	252.67086597943472	244.10256412	249.6830092912088	245.7488442253518	245.72727272727272	241.411812179942	235.66557216055355	245.3450228962647	216.58391446284594	213.617580765	176.19832353082163	208.63636351782026	226.02272714430526	228.3308789253923	240.60109289617486	239.7373062196416	243.77358490566039	242.42443813513364	225.90425168874447	227.60776870738175	236.20666240123708	240.00100425395243	234.81870123496753	241.0243189735368	250.46596637234578	254.20845918367348	254.88536007420345	254.9619046485733
252.45385268890269	253.368	248.53459390094008	252.96	227.54798063576987	241.41181229682144	228.61462651738609	228.61462562168091	231.00573833453447	239.0625	196.12018772647852	206.0369138693475	232.55323008396968	204.79571312322855	227.66883180963947	211.88582973768922	239.568680082743	239.64358869315853	236.0130660508286	224.62578860971885	214.03240156538908	242.17601547388782	241.21621624974435	229.5	231.1539886022073	239.23521766137677	253.50485928950158	254.4934969774684	254.833879573319	254.92669332784433
195.43973795578128	254.27466666666666	205.50063994642045	111.15172069276875	124.47527599774241	239.24710424710423	224.75961534375	231.00573840590195	229.39649869610113	191.25	250.75883575883574	252.99285381388844	233.75	245.18787255909558	252.99285381388844	202.28523776887891	233.98797980776428	202.4251708657116	241.63171744227535	214.66916052971965	215.00137496931242	232.22121520341838	238.56546074757844	241.46938775510205	229.5	235.1809187551438	253.9695779318305	253.50485928964187	254.28204914618908	250.5341541858679
7.177439934911405	112.69695814580189	2.9156823059127532	26.140790882754175	11.718170576593792	218.07692307692307	218.96808902740557	241.15384615384616	215.32342653078132	210.83869608601356	253.7233422554718	231.92307692307693	233.75	166.16339205682772	179.132231445	218.57142857142858	181.28846924833988	229.9164810690423	229.9164810690423	200.62807364292252	236.01306604643673	236.01306604617864	236.53846151621997	207.69230768290984	212.500000017	250.48979591836735	252.90943287037038	253.50485928911806	253.8899535246125	247.9166666712
243.6128988850462	189.65545101579923	125.35643596789865	195.60860639943397	133.59399215235106	30.803029119271912	178.23735127499998	215.32342655152138	205.394686492856	189.69560199623675	170.4861072712191	212.5	229.03636363636363	204.0	238.0	238.0	202.27874603895447	181.2884691954601	181.2884691954601	188.04055741254297	188.84596822432667	194.3263464665393	222.25925925925927	206.75675675675677	191.25	191.25	234.70408163265307	254.0714610832954	250.7962505715592	249.781220732404
131.22517696916802	194.90128864257235	53.757267705412914	0.7971802613694763	178.23735113097945	178.23735116789447	207.41526663879077	205.39468670059352	187.28813575511347	193.7259639375	214.46176166652586	175.57651222264744	185.11045909561614	185.11045909561614	171.4612350235946	243.12591361984428	240.28399394231397	195.11747601710073	195.11747602587667	189.0935644580542	192.0596612353021	181.28846924833988	230.57615786281673	230.57615786220768	189.96644292114655	210.12569832464908	228.48	248.96449704142012	237.4683695392695	249.78122073255614
229.3415671463843	93.15010665955899	0.02088021439172394	178.23735102	178.23735110500002	178.23735111252194	178.23735113455692	194.20553920456553	186.0794035978526	187.2881356233769	190.8199153710995	170.94619663151136	159.53290870488323	185.11045909561614	155.63523051100827	196.11027253949882	182.87510831578982	186.0487993746954	194.81012186032171	192.05966119828406	197.52930198669884	215.76923076923077	173.53333501265433	157.55865663070597	203.13559320275783	203.135593220339	190.08241758381013	237.83602510564197	237.46836953759546	239.0625
100.07227605223989	247.63757168864757	108.39448459782955	215.76923076923077	215.76923076923077	175.01861293290858	194.20553920456555	194.2055391684333	194.20553927211893	178.23735101999995	187.85690741678832	170.94619661272375	165.55032408521532	159.53290870488323	188.0951741718879	159.53290870488325	202.9552600360063	171.39721978067274	127.49999994298027	150.89668592843498	196.26069355567512	218.9913544668588	201.97674418604652	173.5333349552218	212.8052283796183	196.5625	191.25	189.8390342052314	230.44813368055554	238.14302884615384
84.7620116053289	20.335357263144317	107.48075244265303	176.53846153846155	191.29347733671872	186.08927052513167	194.20553920456555	194.2055391165905	194.2055391684333	194.20553902094449	187.85690742050411	165.55032460193894	165.55032354417588	165.5503239330315	188.0951740484207	147.18505049408301	147.18505049408301	169.19406557550525	193.7565352440946	193.75653524741867	172.7649709760696	204.7526412879423	204.75264128965918	156.21875299125	138.20948427730957	223.74722185031465	202.9916753381894	201.43229166666666	231.51236950756942	252.24192
253.81605785766737	74.82872827783424	166.71052749004866	186.0892707540482	186.08927066430186	186.08927064011823	186.08927062205782	194.20553920456555	194.20553891539026	194.20553902094449	140.250000014025	165.55032261227328	165.55032354417588	165.55032391941103	165.55032405999015	173.23630601864556	173.23630601864556	153.366825346925	163.62774553015572	193.7565351955022	193.756535233338	113.98576878845145	112.63972847820364	112.63972841815766	51.90020305574896	138.20948436061767	210.018	206.79584120982986	230.44813368055554	254.77261028240213
41.33742504738825	134.2755857176604	176.53846153846155	185.05837944851095	164.1671677880119	186.0892706280264	154.81048253966807	154.81048236371782	186.08927055606267	186.08927069116817	140.250000014025	151.73479770257526	179.79384352011627	179.79384349480335	147.1045614075241	147.1045612916534	147.10456140752308	147.10456140752342	147.104561687266	158.7602977620207	137.42136116374476	137.4213612043432	137.42136116374476	137.4213612158691	137.42136133075596	187.92727272727274	201.43229166666666	219.36432432432431	219.15898617511522	254.4934969774684
100.07227605223989	194.2674012294443	194.24785373032108	155.65596279056598	148.2845505630167	148.2845505484667	164.16716718453165	164.16716729272787	164.16716728511167	164.1671673354017	164.16716740492876	115.90909102500001	170.0	178.3222500942544	159.94318529233203	159.94318530434063	141.71201115262278	147.10456003200906	147.10456102516346	147.1045611007158	137.42136110606836	137.42136114113686	137.42136118297026	137.42136126435355	137.42136122142114	195.10834371108342	186.34615384615387	2.9846759048748197	223.125	67.45021215158562
245.65068370206498	147.6310923283741	117.57863877857883	117.57863877857883	148.2845505866356	148.2845505993585	148.2845505993585	148.2845505961697	164.16716722720582	164.16716728644678	193.8	189.1592832044682	189.1592832044682	113.86078597267905	113.86078596583425	178.32225010715894	141.63424702870222	132.57984388950524	144.53241243581266	159.8507462686567	151.27118643188737	137.42136083788904	137.4213612043432	137.421361192583	137.42136122142114	138.125	246.70731707317074	254.13803502000638	112.53676750881988	246.69767441860466
211.01947941788546	167.27740032441693	117.57863877857883	117.57863880741704	117.57863891567752	117.57863916211096	148.2845505961697	148.28455062480438	97.78041814478013	134.02854290821654	106.0995349398545	140.9605331234972	116.75570397603806	141.13921403416575	141.13921402732097	101.84278436057338	118.68900321777193	121.88266679516579	159.85074625672758	85.96590913865572	85.96590904261365	106.71544937519562	106.71544940383029	137.42136108432248	137.42136133075593	139.8387096774194	144.1304347826087	235.2847875554856	67.45021215158562	233.14285714285714
211.01947941788546	167.27740033679703	117.57863866924407	117.57863881702977	117.57863879565679	117.57863879565681	117.57863885886317	125.25673579751819	167.44715694248214	99.60028578025194	99.62366550443821	255.0	105.93164169003978	104.42194005200241	104.42194016753723	101.84278437661837	104.42194001771486	104.4219400718521	104.42193966349481	95.05681469565934	106.71544940383029	106.71544940383029	106.71544940064149	106.71544941336444	106.71544943698333	147.89999999999998	144.1304347826087	246.70731707317074	74.55015093557105	74.95451074042751
167.277400676434	167.27740033956917	167.27740029528698	117.57863873564645	117.57863883625524	117.57863883625524	117.57863889393164	125.09658426658393	101.64192995313167	101.64192994849594	91.00578214358467	94.56061285908024	104.42193990151611	166.10228525981643	166.10228524999678	130.49656268642659	130.4965626845197	95.056814707668	130.93040888971046	69.76645373900192	148.36363636363637	73.01704452405261	106.71544945153329	73.2476663031729	136.0	138.125	69.94162055148902	144.83588786322565	252.51024477385684	254.85680497771958
115.96296904753169	167.27740037830705	167.27740029411245	146.33530249353157	117.5786387841309	137.0525172159779	106.22464908773762	125.0965842992436	101.6419299249466	92.64009073565231	83.88413443830174	101.64192993924297	101.64192995539645	101.64192998131674	125.25673580124584	108.24832694065921	108.2483269779961	97.78451788940401	130.93040877819135	69.7664537402969	73.01704411650229	60.794460979055515	60.79446108460971	60.794460979055515	60.794460795434475	127.49999999999997	186.0892707540482	169.93871467861746	250.2862153007695	255.0
115.96296906071595	115.96296906511068	167.27740032296032	137.05251726549173	137.0525172159779	137.05251723894162	137.05251718584134	108.00490178460512	86.16777654060903	98.59958013869803	83.88413443830174	74.51128293182353	101.64192985819093	101.64192995001196	111.66785393061204	111.66785393034255	111.6678539242209	97.78451790279496	111.66785408657327	67.14309257949591	60.794460979055515	60.79446083156665	60.7944608834095	60.794460795434475	60.794460795434446	127.5	186.08927066430186	132.28989229512501	16.03253892522659	29.93654701159801
115.9629691060764	115.96296901402161	115.96296904852375	94.99424144864417	137.0525172159779	137.05251727551723	137.05251702654056	106.224649086749	80.81909835588186	108.00490178460512	108.00490179350825	108.00490183509811	108.00490176619692	108.00490176619692	108.00490179409778	74.51128293182353	111.66785390341514	111.66785392479127	111.6678539438063	67.14309258321165	60.7944607278811	60.79446083156668	60.79446088340953	60.7944607954345	60.794460795434446	186.08927062205782	186.08927064011823	235.72941141993283	76.77579963606516	125.17539475959143
240.59879354807882	115.96296906071595	115.96296906770797	71.5747892722355	94.99424144864417	94.99424149254489	98.38877673285481	78.52122435402995	77.95286912167356	76.75964001644778	108.00490173829616	108.00490173829616	108.00490179029421	108.00490173829616	108.00490179350825	108.00490184989937	98.59958013869803	108.00490184197693	111.66785391143861	92.36283494508706	60.794460795434475	60.794460795434446	83.63451625144029	82.36418393139118	104.00668735115173	49.07933948878812	127.5	204.0	253.57479107544827	0.08927085715606609
166.71052749004866	108.28624857065597	115.96296901402161	71.57478925422808	71.57478920381871	94.99424142021834	94.99424140600541	69.06655985081215	76.34838326053648	113.71002880481208	113.71002867654468	113.71002863762192	108.00490176416352	108.00490176037081	108.00490182021758	108.00490178460512	108.00490180241141	108.00490184197693	108.00490179409778	100.65451152538719	100.65451158454687	119.50043326455611	100.6545115217229	89.74111219727618	88.89610619691757	239.80165415412668	127.5	204.0	0.46424882979545146	11.534791858763072
249.3061437834513	76.76264897999997	120.46489241231802	115.96296907390018	71.574789178614	71.5747891561636	94.99424143016324	94.99424141781807	94.99424141164548	66.67001877000001	113.7100284745442	113.71002849681622	206.2169041299204	106.53422241387005	108.00490173829613	108.00490182021758	108.00490176619695	108.00490179409778	100.654511564827	100.65451156511654	100.65451156511651	100.65451158681333	72.41914732790292	72.41914736499999	72.41914738327543	51.3898482463882	239.80165415412668	23.48935041010114	214.97722519844342	220.25749887630235
224.41615954287295	76.76264894285057	76.76264889500001	76.7626488525	120.46489240925118	71.5747892340766	71.5747892210837	106.51913552787815	106.5191355560975	82.2884802990367	82.28848042260068	82.28848043535214	113.71002837434065	206.21690403499946	81.66567217329282	81.66567224011214	106.53422241836338	100.6545115217229	100.654511564827	100.65451152172292	100.6545116437066	90.1036193661275	72.41914740750002	72.41914736481795	51.389848185641455	51.389848143018554	61.04660656008079	243.66996689098295	0.017973963491130007	116.62877437588327
109.54592047457439	240.59879354807882	76.76264888747806	76.76264890593558	76.76264897999997	56.44461902046285	73.71153075166015	73.7115308045399	71.57478892401983	90.8186829205668	90.81868314414291	90.81868297121389	82.28848025871937	82.28848047360626	69.49946248732249	76.57219166477097	100.65451152538722	100.6545115217229	100.65451158454687	90.10361926623736	90.10361926036433	72.41914727999998	72.41914724860902	51.38984815612562	55.474463235678826	55.47446324431115	49.88487613708273	159.53124728209053	250.91070369323313	152.57561996743942
16.1753627290783	249.3061437834513	118.22099791638345	76.76264886544314	49.84786780227816	65.35977704942465	55.742310279802325	53.94707162200737	74.68777074986073	229.44361784361936	229.44361798447935	90.81868291357085	90.8186829349712	90.81868299669947	82.28848029903665	90.1036191362453	90.10361916358704	90.10361919584619	90.10361922290664	90.10361920124134	72.41914727999998	51.389848185641455	51.3898482463882	55.474463235678826	55.47446324431115	46.8781484813849	182.12990281289	16.81655685654252	0.6827620920983861	196.5813377025991
50.78645023490034	1.0535498125508127	70.02311337222869	0.31953065748214726	20.060841885110875	74.75390633006907	74.75390633006904	74.75390632643729	74.7539063935057	229.44361801267266	229.44361812210119	229.44361810542244	229.4436180385772	229.44361799660038	229.4436179968152	56.25167753995245	56.251677550540876	56.25167756767266	51.38984836749526	51.38984816267913	51.38984815526811	51.38984815612562	51.389848143018554	51.38984820888956	155.65596279056598	156.3525342773827	166.58722189402766	23.81396105688802	10.524372316894556	190.78864052199944
0.0014569995051090245	0.00517831921027323	27.01249382867556	50.33831008208182	40.333365616098604	0.0	74.75390628842305	74.75390630664617	74.7539063066462	74.75390631610972	74.75390636174654	74.75390637695884	80.49344861407988	56.25167756767266	56.25167755583513	56.251677530579286	44.72204485692899	44.72204491882735	44.72204490007431	44.72204491882735	44.72204490236712	51.80418828216119	51.80418824558305	51.804188209484266	82.77595861339341	156.35253413506442	156.35253414793394	114.32393789407456	189.4043178484837	110.21292534936174
10.119884929357369	10.360287035747945	12.347115965586141	17.94405229439721	25.187772728490955	27.01249382867556	0.0	34.24016530082338	83.83151515604055	74.75390631740683	74.7539063066462	74.75390632643729	74.75390631917378	56.25167753995245	56.251677442597156	44.72204485270143	44.72204489100761	44.72204489479415	25.649525838676567	51.8041882168599	51.804188243266594	51.80418815373349	30.704048922865496	1.0810466101290217	156.35253399644353	156.35253416029337	156.35253415116733	0.18018123738821146	175.5045028120843	255.0
1.040642779475661	7.97334000451653	10.178322593745833	12.347115965586141	7.288462425917714	19.182525853055324	24.370596505537435	30.374465792951497	34.24016530082338	30.374465792951497	20.548416842969345	14.214236831995947	74.75390630664617	74.75390631917378	8.19095797599445	32.49152248919799	32.49152252522106	51.80418817242679	51.804188256469956	28.43480819243956	26.603669701871922	6.118641795365676	5.1308385830551515	3.2803213943784897	51.55725119257383	156.3525341232151	156.35253405403938	20.045146464750985	253.41587419320726	255.0
