254.36450235600793	254.77613168444444	254.28757947061573	252.97619047619048	251.4084506782101	245.19230769230768	236.90990463656408	187.8015350877193	232.05	244.8	253.45568157189933	242.85714285714286	240.0383385731569	226.66666666666666	234.02296120825773	229.5	223.833333339	219.25625477829894	223.833333339	199.67410714285714	243.4090909090909	231.2389731424664	254.5674528956534	254.5674528956534	232.97677405897178	254.98218308572137	245.01386279260828	242.94267207431002	232.20510844939128	254.37729026716985
254.99843247944816	252.39561651202055	254.53518999634082	247.44444446333333	245.45177047252747	236.90990366318047	243.4090909090909	237.8500675458325	227.65982066500402	252.13087150693542	162.83806612097266	231.763125	208.3467577714148	182.55681807809273	165.1704544516077	225.11086117059907	230.03415300546447	240.78225882345316	210.8597770154374	194.45589095420542	207.9721244926572	227.0717816577655	248.9403715214542	246.58107842431855	234.71324329379073	240.0681723777423	253.11628902520187	242.9962571747449	242.94267207648622	247.90207671229675
254.7730852173316	252.45	249.58659218992565	248.115	255.0	237.85006751341663	212.81451415800382	212.8145141135525	225.4853499518922	152.734375	135.7428325904333	227.4236131029521	246.7701333027889	221.38318158143204	243.56663202529717	207.56335182521747	121.29015346504309	139.59186808684967	163.1689636908782	236.76453115156744	217.6032075802525	121.82785299806574	241.21621624974435	186.9999999915	231.55569091312557	239.1612137364596	221.65746444764238	247.31768534863195	236.04457222543485	213.38931674871316
195.43973795578128	251.19074074086666	229.62439512960856	249.10994962649224	250.6119509375464	200.3950103950104	212.5	225.48534989421245	223.95850430611762	163.2	154.8024948024948	238.3867571159788	212.5	171.8065775950668	238.3867571159788	211.10618871243898	197.92401597174086	197.90544247636942	218.6870765461469	215.98871069209076	214.82648401702141	192.69011573064822	115.84571572686437	177.71938775510205	186.9999999915	178.8976893979444	202.30602679727957	221.65746445000963	231.5792430237401	252.97619047619048
208.65888685864488	91.1040239924859	201.72088251095988	73.79708906683393	186.20598346905214	166.15384615384613	204.51425377672183	120.0	207.34848517768424	194.33678850853136	222.13248010954442	145.3846153846154	212.5	194.05278520090624	203.3625	201.875	116.8300120732587	244.58797327394208	244.58797327394208	200.3602704411603	163.16896366142862	163.1689636656524	217.30769230555168	231.2937062895342	220.999999983	196.45408163265307	202.1193573178624	221.6574644383287	178.853987501085	250.4666666712
51.66583387148478	28.872451720636207	215.92538337120155	2.437723889906465	250.27437126039862	87.56251196775818	133.33408022999998	207.34848493600202	196.09175774902582	167.23876760222902	250.88563247577883	106.25	136.3090909090909	178.5	204.0	170.0	226.91418731588857	116.83001213418356	116.83001213418356	162.84298146721304	118.88050217705114	209.10215291902688	153.0	206.75675675675677	227.181818205	227.181818205	202.30867346938777	254.0714610832954	214.2	252.4001656559792
232.1360629834181	4.546388095520655	161.07278713634156	101.58910129873908	133.33408004696048	133.33408012079056	198.11294590025258	196.09175783796314	164.2372885498492	176.20066659375001	183.35567747190316	209.09134245797932	215.65412495685192	215.65412495685192	166.29592251656123	223.56052262456316	204.71363541310558	155.91575536842322	155.91575534219282	188.58223880852248	179.9955350419322	116.8300120732587	107.73271896217625	107.73271896256526	141.1912751440954	203.00279329325414	216.75	248.96449704142012	244.4906412731917	252.40016565672408
249.4859901381999	217.37608644571472	254.03334669812818	133.334079975	133.33408006000002	133.33408006541805	133.33408006795173	183.58026260842593	162.73525804399748	164.23728818797042	81.25765782058014	177.97315949910632	154.11889596602975	215.65412495685192	175.9076468206166	165.85124788579455	174.36191968717029	206.78025075210923	136.22246557903412	179.9955350302875	69.31854310706521	215.76923076923077	193.6168773847606	181.28846924833988	218.5028248569501	218.50282486067795	214.83516483580465	186.87054178372688	244.49064127340566	251.9652892578
249.76306920068768	133.32983789455545	164.2046876515846	78.46153846153842	78.46153846153848	149.03612787271544	183.58026260842593	183.58026253815873	183.5802625616082	133.33408022999998	194.98957848277908	177.97315942757882	201.95736068888885	154.11889596602973	191.2977061465616	154.11889596602973	88.42992673279372	171.30759827972958	170.77627193486703	161.88716519506778	114.61995824431506	75.32420749279538	115.11627906976744	193.616877352505	149.22005169801926	212.5	204.0	179.5774647887324	164.37391493055554	245.19230769230768
254.89468185187738	2.468188202042313	21.261786260670846	117.69230769230771	178.01948436992475	145.77907817165195	183.58026241564244	183.58026252643407	183.58026253815873	183.58026231043374	194.98957847465275	201.95736004064403	201.9573591954939	201.9573594924509	191.29770603395593	119.1209951008453	119.1209951008453	169.5599498958511	106.80484886173642	106.80484887667214	156.23892465649007	79.4977360389066	79.49773601819132	176.20066646625003	153.64684584788978	84.40464395692678	110.53243148022892	127.05729166666666	146.26096997415328	249.2625
78.89024830873592	229.99688448786156	49.942872519631464	145.77907817165195	145.77907808376273	145.77907803167864	145.77907805172396	183.58026260842593	183.58026231925066	183.58026231043374	203.9999999439	201.95735848194818	201.95735961218026	201.9573595310681	201.95735956773592	195.68858149512687	195.68858149512687	147.85198150705867	93.7238393277579	106.80484877981928	106.80484880551259	127.64120140583965	127.31467379075272	127.31467388705875	169.26431536398024	153.64684589376577	99.85799999999998	98.81852551984875	147.421875	249.94185417089497
245.9743988003711	98.3553930287145	117.69230769230768	219.74171598292503	57.89956527410712	145.77907805534517	130.21326668087528	130.21326668535824	145.7790779917599	145.7790781263448	203.9999999439	189.1136229647479	167.68835617484345	167.68835616704285	141.50610534256958	141.50610576123847	141.50610534256924	141.5061067927881	141.50610634374618	160.692755783911	160.97341602159875	160.97341606394522	160.97341602159875	160.97341603475326	160.97341611580043	48.93939393939394	111.56249999999997	69.17417417417417	69.10942300307218	247.31768534863195
231.15996203938207	138.4777707241397	57.70016904383286	110.95474892207613	127.5	127.5	57.89956527410712	57.89956531029941	57.8995653746872	57.899565424977226	57.8995655426331	140.25	148.75	207.24062402105454	159.94318529233203	159.94318530434063	142.2030632027549	141.50610576123847	141.5061048510993	141.5061057449513	160.97341606106215	160.9734160380176	160.9734160084443	160.97341603801766	160.97341598213535	60.97135740971356	48.527644230769255	91.33284619619315	199.92	243.686949518726
97.5430944128681	90.53745299102215	94.02658401786468	94.02658401786468	127.50000004560282	127.5	127.5	127.5	57.89956531029941	57.89956534406261	91.79999999999998	107.77568139329088	140.9605332114484	87.5754962040424	87.57549616544355	207.24062402332552	178.74852626087028	127.12321438911167	120.19954358309226	49.47761194029849	90.76271187209852	160.97341562293354	160.97341598180074	160.97341600186707	160.97341598213535	74.375	208.6991869918699	5.303994385275075	252.3444619507694	246.69767441860466
49.97781902573516	39.25226473762433	94.02658401786468	94.02658399813293	94.02658388419957	94.02658437706646	127.4999999603899	127.49999990879438	123.18771752421148	113.14138915514471	106.30417943945793	115.33074784287777	116.84757524356743	167.42450383455645	167.4245037959576	140.19813658749513	120.30174387745026	116.6677199328393	49.477611955636036	98.96853154604065	98.96853145738635	127.50000009120562	127.5	160.9734161158004	160.9734161158004	63.06451611532259	55.434782608695656	152.3130458763681	243.686949518726	233.14285714285714
49.97781902573516	39.25226466749447	94.0265838841996	94.02658399155573	94.02658401819923	94.02658393605478	94.02658396198237	35.85594409831103	68.77725920590521	98.33369870603701	100.54170753521896	114.60756997973934	125.06257828212586	99.2683424112042	99.26834233294511	140.1981365087248	99.26834239008338	99.26834233594619	99.26834202929842	95.05681469565934	127.5000000396101	127.50000001320336	127.5	127.49999995439717	127.5	56.099999999999994	55.434782608695656	208.6991869918699	153.21763052366597	24.608258476362295
39.252264797433156	39.25226460687247	39.25226478431094	94.02658396198237	94.02658397840128	94.02658397840128	94.02658393893785	69.84202440694816	53.78706591162421	53.787065926428824	91.88550686982003	82.81933418713828	99.26834213318199	60.574063075357685	60.574063153045586	28.352781960113447	28.352781976475285	95.056814707668	35.57904877495287	93.74755318201446	37.09090909090912	84.89581290038859	127.5	85.62643656742023	28.333333333333343	63.75	35.258284017075	245.37052298921603	253.0769231769245	93.10873170168196
64.64853741862933	39.25226467723496	39.25226470771992	131.720856521408	94.02658396524677	47.82869095136445	59.799807001475216	69.84202441718477	53.7870659153366	16.5316938212664	83.17434355779187	53.78706589772116	53.787065906269305	53.787065943112225	35.85594420145202	24.06618196156211	24.066181947593407	60.92350371571683	35.57904878665116	93.74755318867707	84.89581303232632	71.41973768956626	71.41973768074934	71.41973768956626	71.41973739157407	26.5625	186.0892707540482	28.36398058455123	37.064273463490736	255.0
64.64853778186273	64.64853780580447	39.252264706433294	47.82869081583456	47.82869090845685	47.828690905367495	47.8286910844333	42.763516244300035	85.86593518809443	91.66930596161589	83.17434355779187	86.73433490062484	53.78706597877314	53.787065903419915	45.40100255949716	45.40100254027317	45.40100254230421	60.92350367807978	45.40100268305278	60.01042152534728	71.41973743839179	71.41973746184121	71.41973747356599	71.41973758435756	71.4197373915741	26.5625	186.08927066430186	5.747330124308206	110.47072235290369	201.42729657638873
64.64853783384575	64.64853775452465	64.64853780176057	76.86834869678364	47.82869088700306	47.828690798498	47.82869073244524	59.799806964892014	81.82926009302784	42.763516244300035	42.76351620578458	42.763516182400025	42.76351622268413	42.76351622268413	42.76351621456729	83.17434355779187	45.40100251943386	45.40100255069288	45.40100255069288	60.01042151722092	71.41973743839185	71.41973746184127	71.41973747356602	71.4197373915741	71.4197373915741	186.08927062205782	186.08927064011823	93.74708507221476	176.84197906640767	111.78832544126948
75.06047345752779	64.64853778186273	64.64853777026994	94.29078379206649	76.86834869678364	76.86834881751298	102.223060811337	78.28954134966216	78.07548363350585	78.44653522225329	42.76351608559807	42.76351608559807	42.76351619181452	42.76351627920195	42.76351622680488	42.763516246734554	91.66930596161589	42.76351629678558	45.40100250791815	50.35272172816849	71.41973739157407	71.4197373915741	33.76811181473303	34.16352203737546	19.13759923875827	59.43429716221152	102.0	204.0	5.3945188371570225	165.35168595848378
16.65437612199284	9.870999779467041	64.64853775452465	94.29078381761329	94.29078384242001	76.86834867378178	76.86834866228082	69.31230880960459	76.64364863386709	154.66303854875883	154.66303846482901	154.66303823731658	42.76351620234638	42.7635162093097	42.76351617431936	42.763516244300035	42.7635162093097	42.76351629678558	42.76351626296827	23.734773958744057	23.734773972694114	26.350946558745363	23.734774141755793	29.790097876794306	16.357198730297455	183.93115991152513	101.99999999999997	204.0	251.7061157456981	224.41615954287295
64.58380336909639	56.57143124999999	168.80863334981052	64.64853785368791	94.2907837957815	94.29078384918606	76.86834864864738	76.86834867179687	76.868348633663	83.94079978500002	154.66303840509966	154.66303838071954	158.61642985498383	34.889347374617984	42.7635161824	42.76351617431936	42.76351622268413	42.76351621456729	23.734773968044152	23.734774011574927	23.73477401157487	23.734774011574927	11.668160130836071	11.668160119999982	11.668160075463504	22.71499815704317	183.93115991152513	4.49886985307009	12.162460441270838	73.15167533207725
26.309043505451484	56.57143117793993	56.57143116500001	56.5714311225	168.80863316884262	94.29078374179693	94.29078377394973	60.831814611651765	60.83181461614254	77.91924627123348	77.91924627746619	77.91924625548998	154.66303830942223	158.61642975658143	36.455187649004955	36.45518771325746	34.889347387098525	23.734774011574927	23.734773968044152	23.73477394648455	23.734773986644285	17.358019062300542	11.668160077500005	11.668160093920989	22.71499820309748	22.714998188637082	85.74827458338453	52.20276253165551	35.64538081868483	156.30675447014465
42.09209089405573	75.06047345752779	56.571431122567446	56.57143117793993	56.57143124999999	63.170178492143634	138.16998792674127	138.16998786581644	94.2907836915274	127.68650443733124	127.68650450717887	127.68650459364342	77.91924642046303	77.91924618956128	69.66382320979312	75.31090338098738	23.734773958744057	23.734773881394062	23.734773972694114	17.358018794225302	17.358018742608067	11.668160204999992	11.668159914413224	22.71499818472529	16.325954908000483	16.32595492794883	11.733563153477633	78.26722380789963	9.887115119639475	105.43980168461238
208.3046390107357	26.309043505451484	39.507078433977796	56.57143120250862	49.890632931346744	45.57848135606994	54.207348557535084	55.95072349100553	57.47784929317484	153.54577248771886	153.5457726835619	127.68650450717885	127.68650458746224	127.68650460621032	77.91924617753031	17.358018664233242	17.358018752795402	17.358018749399633	17.358018750894644	17.358018729229315	11.668159949999989	18.949914588422274	18.94991464273724	16.325954908000483	16.32595492794883	46.8781484813849	182.12990281289	0.07140608917495683	254.31261551936845	102.52853576003213
164.59630365055241	165.9792300418476	50.93940254957718	34.45519416436085	7.641790887951288	102.96722788077571	102.96722788077568	102.96722788816191	102.96722797726625	153.54577267575786	153.54577276620066	153.54577280450502	153.5457727103057	153.5457727316803	153.54577268235818	27.513561548247566	27.513561553426513	27.5135615768732	18.949914783139548	18.949914581818632	18.949914561264706	18.94991457247187	18.94991455377823	18.94991455377823	155.65596279056598	156.3525342773827	165.97715333504763	110.61924454525348	9.933164389505208	131.76941766830726
160.3668174767338	124.46589309356875	20.548416842969345	21.50232235869504	17.22864807885489	63.801563723277525	102.96722788863181	102.9672278849807	102.96722790112165	102.9672279141569	102.96722788808646	102.9672279224389	55.22322456984091	27.51356154560429	27.513561556016015	27.51356154785347	15.983451647371396	15.983451464636147	15.983451464636204	15.983451464636147	15.983451404528012	8.346681550390713	8.346681579797519	8.346681462170437	114.8177353377092	156.35253413506442	156.35253414793394	114.21130806243679	1.1417488422550832	255.0
10.124876473531629	9.515615175092734	12.16671051204645	18.82194641982636	24.816573316204313	20.548416842969345	29.932369426277745	32.57536585338528	56.758671672870065	102.96722789036104	102.96722790112165	102.96722791293922	102.96722790293433	27.51356140424909	27.51356154560432	15.983451517368934	15.983451465238858	15.983451445001919	31.500818995352432	8.346681587196684	8.346681560789932	8.346681431349225	157.14576639789462	140.59270130226656	156.35253399644353	156.35253416029337	156.35253415116733	3.3756660388806665	251.43343292474702	255.0
1.0574488348936484	9.990957245601976	10.295961645519355	12.899458193685575	2.301507749133947	24.336367425052657	11.334525619787001	64.2375798748107	32.57536585338528	45.684891360443885	64.2375798748107	31.451129933216095	102.96722790112167	102.96722790293433	21.479235177439392	15.248152809216435	15.248152852409902	8.346681638611017	8.34668154758657	45.22936781297096	42.51030768547693	10.632105633036218	2.3667504974898748	2.4390677590418477	255.0	156.3525341232151	156.35253405403938	254.73300307179065	57.00942323071274	255.0
