254.34244860594853	254.21296296296296	254.99990964133605	253.83568983414938	227.67857142582278	248.31396896033655	250.0238480071015	255.0	244.8	255.0	254.13233826809628	242.85714285714286	247.79681131670256	141.66666666666669	254.97583077006428	238.0	153.0	253.39229901356393	153.0	253.54285714285714	220.22727272727272	249.0551825316323	250.86945602823286	250.86945602823286	251.2285195260686	254.47429002079315	253.50484684219916	254.99954662487397	254.99600597498932	254.2628197929183
245.54010112065205	254.99995241982506	206.04476693152805	240.83333333333334	186.8131868131868	250.02384652594128	220.22727272727272	206.63105597723418	233.45473138615458	253.17611476987986	93.49086894605409	243.788927295	176.19832353082163	243.4090907707903	156.4772726383652	254.87320346773086	251.9808743169399	243.34306126753637	253.39622641509433	252.27681519571928	239.14315437418665	227.75614302982083	147.18994029357862	209.8779424164549	234.12626440923492	240.87178173773214	242.52725126248245	254.99167346938776	254.99954662487477	254.99956235076056
254.80212674872948	253.86666666666667	247.87709498314535	252.96	231.79632520868742	206.63105599945882	238.0615114515479	238.06151102258525	183.91148855583705	255.0	43.485759559099904	241.68110773302539	249.46932591828818	234.4979633384058	246.84884051954992	254.7660197141397	250.27675170536767	250.92585006145023	252.4897082505804	201.95482251934573	218.143204646618	249.08123791102514	180.91216217438597	178.5	231.52850619881005	239.3274636463903	254.96377451778883	254.9880930573365	254.99924498620987	254.99709582426203
195.43973795578128	214.2	229.42295426159714	28.76795164535332	19.6421963907772	255.0	221.354166578125	183.91148854140687	185.42167673783496	244.8	124.73566973566975	50.28282671361745	212.5	245.18787255909558	50.28282671361745	194.89592361162025	86.28131656263932	254.4821813356277	147.65767839029553	212.39186393749048	215.42689501428734	240.92017383750834	249.6756077604801	251.94693877767858	178.5	254.16899088425524	254.90556057482826	254.9637745177914	254.96344634176515	251.49097542242703
57.69104879474838	8.461166573128367	27.23668391250615	248.82598610733757	234.9331845956512	255.0	214.94139890171982	93.46153846153848	155.51136378329156	222.42499600774684	237.81336440806518	231.92307692307693	212.5	217.34852904642935	223.23529413	242.85714285714286	107.57693860302297	222.62806236080178	222.62806236080178	201.60776678452032	252.48970825399581	252.48970825129766	51.92307692072745	253.84615382312913	204.0	250.37414965986395	254.93454294208473	254.9637745177787	254.87158411510913	244.8
0.6807436059187637	13.786681019952255	127.38698449555058	0.5829602692395213	188.28251023702467	250.956625689332	178.23735127499998	155.51136370200152	139.81768903365378	206.19334304261986	227.0573836679108	255.0	229.03636363636363	204.0	255.0	85.0	233.22702974616126	107.57693863578461	107.57693863578461	211.45218339720373	245.65239775799756	228.15148063225556	253.6567901234568	246.95945945371622	246.499999983	246.499999983	254.30612244897958	138.93263541192533	254.99292465579435	245.30585731414948
65.91281543215439	189.01986819190458	1.0151215447000936	210.85944533052094	178.23735113097945	178.23735116789447	140.15995984662095	139.81768893410361	204.3143297614335	188.6208575625	183.35567747190316	218.57269784384852	224.01622367966863	224.01622367966863	253.553202343709	92.81882979766289	47.20097340100958	155.04478108414622	155.0447810931849	187.884385619893	164.75976784548004	107.57693860302297	249.97943878230257	249.97943878157488	236.17449660466872	213.6871508350044	234.6	104.11242603550295	227.7285748388637	245.30585731517553
4.155185326471695	0.9181813752849735	133.31054071606258	178.23735102	178.23735110500002	178.23735111252194	178.23735113455692	123.69750664378466	203.36903091300164	204.3143295921816	255.0	167.01570170816734	253.19532908704883	224.01622367966863	194.68623947527936	93.72383930849986	189.15928311094783	155.41219728385286	235.72381186153154	164.75976782629772	225.94434524249206	58.84615384615387	153.1899601705347	211.88151867840145	185.84745759503303	185.84745762711864	250.01831501672174	249.9143778075271	227.7285748459994	254.7166666644
163.12561353905073	51.618158923582286	2.9107999661839585	58.84615384615387	58.84615384615384	194.7013006337663	123.69750664378466	123.69750657676394	123.69750653615	178.23735101999995	108.89854979727963	167.01570162138788	212.59815907267674	253.19532908704883	199.71363765622073	253.19532908704883	233.4570704024828	171.360237747678	208.4435826545536	140.96053312202145	227.09783856834596	221.93083573487033	250.81395348837208	153.1899600885692	236.2467681650565	201.875	237.9999999915	242.85714285543258	254.85243055555554	240.6971153846154
24.993650197396363	70.83043110051477	125.38722741877342	255.0	105.20798368718633	145.77907817165195	123.69750664378466	123.69750659707088	123.69750657676394	123.69750678732441	108.89854982971508	212.59815980562158	212.5981592112517	212.598159222189	199.71363761749151	156.18114516586246	156.18114516586246	173.52283587446985	238.3860982016863	238.3860982046016	182.8751083203443	239.47677343618983	239.47677343926696	162.59502888375	211.93665026630595	247.9074268882811	249.2212972605359	253.22916666666666	254.13008775957923	253.368
42.9180263667227	114.34269759417944	180.58643794340912	145.77907817165195	145.77907808376273	145.77907803167864	145.77907805172396	123.69750664378466	123.6975063546094	123.69750628497556	210.3750000210375	212.59815819658346	212.5981592112517	212.598159257443	212.59815928237123	164.8971126259763	164.8971126259763	252.994628458858	236.49274415153218	238.38609818893886	238.38609818695096	186.27600117359265	190.352708355695	190.35270834592603	202.6848731502303	211.93665027688976	251.328	250.66162570888469	252.69422743055554	254.98737454776773
0.6364558592752019	119.1497678709051	255.0	208.52407809501725	255.0	145.77907805534517	174.99915222139677	174.9991523865463	145.7790779917599	145.7790781263448	210.3750000210375	200.8495544718043	108.08888718536778	108.088887201832	252.77918530856908	252.7791860778985	252.77918627538102	252.7791867587876	252.77918627869636	159.5959858784188	115.9446423363126	115.94464239237593	115.94464238982496	115.94464240927903	115.9446424297258	242.73939393939395	243.93229166666666	251.7266066066066	253.97177419354838	254.9880930573365
48.65787325104429	138.4777707241397	42.40528844360006	155.65596279056598	141.94355105075965	141.94355094957692	255.0	255.0	255.0	255.0	255.0	165.00000011999998	212.5	167.24968240911892	71.10918593975526	71.10918592690271	141.71999665272497	252.7791841884314	252.7791867022355	252.77918675247324	115.94464244818712	115.94464237370104	115.9446423703709	115.94464237370104	115.94464233146277	234.73972602739727	248.87019230769232	5.077890810664826	252.96	221.49376277210195
99.65383060680949	255.0	139.05535766853723	139.05535766853723	141.94355099001376	141.94355094268892	141.94355094268892	141.94355092744217	255.0	255.0	193.8	46.793371970183046	255.0	122.93454891087904	122.93454886137235	167.24968240967195	190.87390416590915	251.89752105161622	95.04494877888163	213.13432835820896	185.8474575996481	115.94464193685886	115.94464239237595	115.94464236064388	115.94464233146277	233.75	29.71544715447149	81.82630379035857	223.97081537713407	246.69767441860466
81.36876234820323	28.240369389527643	139.05535766853723	139.05535763935615	139.05535757027425	139.05535806314117	141.94355092744217	141.94355084803928	150.2511818871568	183.35567747190316	106.06732005352202	140.9605331234972	113.8277786123569	132.06545113862765	132.06545108912096	240.87981529985746	141.12662031735516	250.68540884052734	213.13432832327356	162.79958688193204	162.79958682954543	113.05644915196075	113.0564490725578	115.94464242972575	115.94464242972575	216.61290323951613	221.73913043478262	115.32052614596975	131.0287088604345	233.14285714285714
81.36876234820323	28.24036935081861	139.05535757027423	139.0553576296291	139.05535760762405	139.05535760762407	139.05535762629898	178.8642733648944	167.44715694248214	99.20486451805147	99.49819132328619	104.10421220579474	144.39902807082842	250.00195941826212	250.00195960082382	240.87981526481616	250.00195944039584	250.00195954867013	250.00195943402926	183.8908140730973	113.0564490725578	113.0564490461511	113.05644905731108	113.05644900998627	113.05644894924035	224.4	221.73913043478262	29.715447154471548	0.0	254.99898076153664
28.24036914114933	28.24036940028509	28.24036947036771	139.05535762629898	139.05535761017507	139.0553576636874	139.05535755181288	176.39583921449463	181.80274163836756	181.80274163255564	91.73549804258707	58.6344051369438	250.00195945560768	165.0600477828367	165.06004783857713	164.24252712723631	164.24252715286838	183.89081406024476	191.4808605842622	187.70867834353731	204.0	147.3417072869883	113.05644905042308	150.68670685509915	215.33333333333334	201.875	46.47592190498273	32.09442680690387	83.45919267802657	239.5814283315759
255.0	28.24036923126951	28.240369368012608	67.7209747952175	139.05535759072097	137.0525172159779	170.14400582686352	176.39583919885285	181.80274165091566	86.79519548250519	77.04570721689487	181.80274163991464	181.8027416282817	181.80274162581946	178.86427338278983	151.10133189747688	151.10133188931195	228.21878798152176	191.48086061323184	187.7086783017591	147.34170710682253	131.30249321267556	131.3024936453906	131.30249371502444	131.30249335621534	223.125	26.08351197377587	234.5890954361921	112.2201078955172	255.0
255.0	255.0	28.24036939066832	137.05251726549173	137.0525172159779	137.05251723894162	137.05251718584134	185.44145835387687	86.15089340637635	93.91133475155155	77.04570721689487	84.50391060456437	181.80274155886264	181.80274163215935	168.28730970090996	168.28730968952243	168.28730969127827	228.21878796464935	168.28730975958223	146.10145017028492	131.30249346385	131.30249342323606	131.30249340292914	131.30249335621534	131.30249335621534	223.125	26.083511995047928	254.96864265316916	17.72724365178803	221.29466968959895
255.0	255.0	255.0	145.77907817165195	137.0525172159779	137.05251727551723	137.05251702654056	170.14400584511924	81.62732802381302	185.44145835387687	185.441458348143	185.4414583776055	185.44145834240726	185.44145834240726	185.44145835561005	100.04719903843704	168.28730964287104	168.28730969383312	168.28730969383312	146.10145020272034	131.30249346385	131.3024934232361	131.30249340292914	131.30249335621534	131.30249335621534	26.08351204227617	26.083512024797272	239.1774775596353	200.04129110516635	254.86911233437922
41.412324077903634	255.0	255.0	122.97877987995278	145.77907817165195	145.7790781263448	96.00614652392849	78.29882411639369	59.06495795336545	78.16192299572975	185.4414583776055	185.4414583776055	185.4414583576955	185.4414583776055	185.441458348143	185.44145823681262	255.0	185.4414583920988	168.2873096720149	122.2073107923546	131.30249335621534	131.30249335621534	156.06209183204982	138.60895656213796	190.23297040861996	126.99637604130939	204.0	204.0	100.40972422644421	124.62031067061093
38.67583053029398	234.11525312908103	255.0	122.97877988597452	122.97877982763052	145.77907805172396	145.7790779917599	67.27265686830509	76.16510467196557	169.36833397339257	169.36833388290364	169.36833392967233	185.44145834495487	185.4414583424091	185.44145841502245	185.44145835387687	185.44145838444967	185.4414583920988	185.441458404011	164.7655155633492	164.76551566019012	179.9210662548113	164.76551569236284	166.66540881011696	191.25	20.576000373425472	204.0	204.0	5.811483440051006	11.534791858763072
36.059571905415794	178.23735127499998	150.88229880292474	255.0	122.97877985750043	122.97877983624343	145.77907808376273	145.77907803167864	145.77907805534517	103.50742586999999	169.36833375861235	169.3683338123074	38.36008180809918	183.35063570439203	185.4414583776055	185.44145841502245	185.4414583424073	185.44145835561005	164.7655156279098	164.7655156055756	164.76551560557556	164.76551562727244	158.04613340298386	158.046133375	158.04613334761132	163.68336183631212	20.576000373425472	111.4433738963838	240.65398624692475	68.74227447915962
8.629038483830954	178.23735116789447	178.23735110500002	178.23735102	150.8822986804252	122.9787798143887	122.97877971094258	96.31405174178019	96.31405175058009	246.02634467153328	246.02634452464088	246.0263445631317	169.36833374259777	38.36008175874181	208.72333299324677	208.72333299893916	183.35063570204807	164.76551556218197	164.7655156279098	164.76551556218197	164.76551575703104	151.20035194273365	158.04613341750002	158.04613336606883	163.68336180385927	163.68336179345025	21.479235177439392	126.9359753827961	0.0	89.44666737203914
191.48052596267587	0.0	178.23735111252194	178.23735113097945	178.23735101999995	55.88702587925607	147.423061396977	147.42306136421536	122.97877947692677	141.99907136042685	141.99907132349114	141.99907140995566	246.02634458222684	246.02634424708543	67.52823476087795	76.43901418385903	164.7655155633492	164.7655156923628	164.76551551031383	151.20035196890686	151.2003520645732	158.04613329	158.04613325013224	163.68336180917606	135.66297745400024	135.6629774639744	166.68555654616765	185.43049639992978	241.07920575217736	7.8466412401928665
69.83366135332895	11.534791858763072	0.639799861010033	178.23735113455692	51.633632427523736	65.35977704942465	54.09227130684798	55.605441448774656	140.9605331234972	13.063009210451384	13.063009283729912	141.99907132349108	141.9990713547332	141.9990714089247	246.02634453097863	151.20035170892277	151.20035185399456	151.20035192418743	151.20035196890686	151.20035196890686	158.04613329	103.32634702414089	103.32634699406913	135.66297745400024	135.6629774639744	46.8781484813849	182.12990281289	63.4733081460426	95.03064784628984	13.285736914087352
95.21507361566475	46.87558558562469	0.8729822588599347	106.40382859908479	181.2440328297536	66.54673508355998	66.54673508355995	66.54673509271561	66.54673511102683	13.063009209296723	13.063009210451384	13.063009283729912	13.063009205696119	13.06300927753432	13.063009342559411	81.60855137284054	81.60855138820196	81.60855140635223	103.32634708428441	103.32634703116943	103.32634703917677	103.32634701810946	103.32634699198945	103.32634705786046	23.03024490733773	156.3525342773827	36.83455184709047	15.5639372242822	22.645355452237993	17.24207970336323
53.061253424040245	65.71379627070525	32.57536585338528	138.4777707241397	155.65596279056598	18.475568933553035	66.54673500115942	66.54673507880236	66.54673507880239	66.54673508722689	66.54673507037782	66.54673508628278	34.192399842667015	81.60855140635223	81.60855139588267	81.6085513921777	106.52899130774793	106.528991213696	106.52899123244904	106.52899124182554	106.52899115689976	145.1774777375935	145.17747768988312	145.1774778807246	14.214236831995947	156.35253413506442	156.35253414793394	250.7987960984972	192.36246041091738	0.0
10.116728996484397	115.08528340400338	12.260207825064924	16.075081572747962	26.495418352928	34.24016530082338	29.86696725556203	34.24016530082338	96.27562641868838	66.54673510032364	66.54673507880239	66.54673509271561	66.54673511102683	81.60855122884206	81.6085512812767	106.52899124645225	106.52899125938251	106.5289912252216	74.97165205192485	145.17747770527933	145.17747767887255	145.17747759194077	0.0	107.61725697287685	156.35253399644353	156.35253416029337	156.35253415116733	0.2737122007279993	3.0807655482283565	255.0
1.0623668204935655	10.13021445388668	10.066576978315055	12.425544097846767	0.5360213423215043	18.097182744643646	4.298189398792118	34.24016530082338	32.57536585338528	42.768578068619036	34.24016530082338	14.214236831995947	66.54673507880236	66.54673511102683	21.479235177439392	20.55064116839145	20.55064137965101	145.17747759446235	145.17747770527933	18.310224460716057	17.084438441033	7.255434908915618	10.173265585459234	3.8660302669552493	191.9817856261043	156.3525341232151	156.35253405403938	31.571852279338145	0.017943647291389198	0.0
