254.62118172329087	214.2	254.9969448594283	162.08034395701324	179.5774647811446	125.09811607572115	107.51511902402063	244.0953947368421	191.25	244.8	250.18898189928981	218.57142857142858	192.54042675626255	250.46666666666667	251.76057133118582	243.666666661	241.77777777400001	249.35940281162488	241.77777777400001	248.16964285714286	242.12121211090908	248.68414841943917	248.10986167745006	248.10986167745006	247.36785686889766	253.86740394298252	252.81888533348766	254.99433012485585	254.991471117957	253.04534018765133
250.48092386576636	254.9950993929938	221.2247908859964	153.0	191.4835164835165	107.51511547273043	242.12121211090908	99.13196126358778	116.02310168491576	247.7551126957631	55.68283505399455	162.06997081499998	199.5288299206041	208.63636351782026	199.94318170457774	248.08711092385917	170.46448087431693	202.2847414295694	249.67838765008577	251.64331822919104	235.09996055102692	227.99760624691422	166.60316341949516	230.8512823404556	235.73628478469212	240.73620499067857	246.3390540463908	254.81704400510205	254.99433012485724	254.99953182772484
251.29689998639998	254.4962962968	215.3966480543194	223.125	237.78132198899715	99.13196134842002	78.58627728667068	78.58627766193683	77.87626317167795	227.109375	92.90108496118452	146.99076825566362	237.1710656356735	163.37029933506975	232.68121445745626	241.9597972741593	249.9625430870375	250.4557558377714	248.40477895228634	211.485854021807	217.87567323492408	252.53384912959382	215.37162165340348	244.8	231.52780279902942	239.16167968105555	254.79966413877705	254.88299139036454	254.99376324911412	254.99982262875622
195.43973795578128	254.31440329173333	205.50063994642045	29.395418577050293	49.42023375631601	239.24710424710423	75.89285721874998	77.87626302129758	87.11137311040164	48.44999999999999	229.62874962874963	139.64191393506292	170.0	241.71798561151078	139.64191393506292	93.72383942498033	231.33530607507376	235.9675907874714	239.94403151917007	215.1072894117564	214.75953677470886	246.82569072618583	253.15506570472647	251.87755102040816	244.8	253.70910018952057	254.88634769582063	254.7996641388268	254.96176593086213	254.97153609831028
20.294145173773188	4.358740538900378	31.10430421368079	183.87045119770897	7.546398304113325	218.07692307692307	59.30296393023721	203.0769230769231	57.12662347140164	79.49040675489235	81.19016637120316	211.15384615384616	170.0	107.00842814562407	124.89795909	133.57142857142856	219.2184454837949	213.16258351893097	213.16258351893094	200.79596590558666	248.40477895215707	248.40477895113656	219.23076920931084	229.94505493959525	178.5	253.26530612244898	254.80353180473372	254.7996641387566	254.98059385679045	232.05
0.7789090752752088	14.40825998288895	156.0292984676202	27.896012321108145	215.36699482986768	230.93886426468313	76.76264897999997	57.12662344154003	47.51887800055704	49.39045512078542	194.89656994210617	191.25	222.54545454545453	127.5	204.0	221.0	209.34206393984618	219.21844543684307	219.21844543684307	203.6547586847371	242.27339353197326	216.07876771699873	243.66666666666666	237.77027027027026	189.428571414	189.428571414	249.79591836734693	254.88393263541192	254.4962962962963	254.85387418050732
2.541554648672985	233.58293504788654	1.8686883395078553	236.78450780982354	76.76264890593558	76.76264894285057	44.764172200089604	47.51887751808738	46.82203351738005	49.35708121875001	134.02854290821654	184.68189058250277	193.560579910252	193.560579910252	216.35560607083642	133.7809289904887	119.18995420940846	169.0281541800569	169.02815416885255	187.8772915766699	208.97094317061865	219.2184454837949	252.57458988506428	252.5745898843971	243.87583888525575	247.52094972077484	252.1666666644	253.49112426035504	254.03576032465983	254.85387418051158
81.30002209052276	155.12585799162431	197.19606601175033	76.7626488525	76.76264889500001	76.76264888747806	76.76264886544314	38.71871128751212	45.5713470687771	46.82203397607728	164.95577479194338	89.98886120727369	208.80042462845012	193.56057991025196	113.04160831101566	196.93394563592324	201.24127976949995	167.38398104123957	213.26582849106035	208.97094311511486	240.7703687505127	235.3846153846154	244.37833944523302	192.49284997443672	249.81355932027577	249.8135593220339	249.52904239094892	254.96647661153446	254.03576032456775	238.1387755152
1.855135779208183	2.541554648672985	33.93779380907142	156.92307692307693	156.9230769230769	34.47243999879484	38.71871128751212	38.71871103019288	38.718711101205116	76.76264897999997	60.01042151722092	89.98886116203502	175.26169364613057	208.80042462845012	117.02023510754901	208.80042462845014	231.71592828393517	169.01522189020153	125.69139900079162	115.33074784962139	226.78254990732788	244.34438040345822	245.93023255813952	244.3783394145706	254.34070669343154	250.75	209.1	251.40845070422534	254.98155381944446	254.6076923076923
102.14827437401266	2.2548782655224215	1.5714088234039423	176.53846153846155	25.542742297652893	94.99424144864417	38.718711094728604	38.71871099468683	38.718711030192935	38.71871110120509	60.01042152534728	175.2616939716965	175.26169390672544	175.26169363255622	117.02023512403812	160.83261064194562	160.83261064194562	167.0599183572764	222.97857657425874	222.97857657979011	228.12063990710885	246.3189669629381	246.3189669650035	243.31998274125	247.51267266270642	253.568024023105	254.7346514047867	254.55729166666666	254.99144036789633	254.96851851855
0.758994995668786	113.42865360852349	10.066268225781045	94.99424144864417	94.99424143016324	94.99424141781807	94.99424142021834	38.71871013081102	38.71871099833683	38.71871110120506	80.14285723101426	175.26169374573098	175.2616934900391	175.26169371579948	175.26169410766036	160.32823649430205	160.32823649430205	204.72907008979848	201.24127976372657	222.97857656081234	222.97857657217506	238.2542687925812	241.0850861640043	241.0850862389688	247.0917236913322	247.5126726495982	253.368	254.87948960302458	254.98155381944446	254.86663515740773
8.613431858723345	1.0881824839501064	176.53846153846155	54.723838552346905	134.92552669983712	94.99424141164548	31.914117941353027	31.914118287733174	94.99424140600541	94.99424149254489	80.14285723101426	161.37868601700683	161.9725719013243	161.97257193053446	200.47646252970085	200.47646198480697	200.47646252970077	200.47646252970085	200.47646385976864	159.69912826146447	235.4870920185322	235.48709205099584	235.4870920185322	235.48709205693697	235.48709204471004	252.52727272727273	254.55729166666666	254.55483483483482	254.7613047235023	254.88299139036454
43.97758658809781	50.33831008208182	127.27672631889337	40.333365616098604	26.655399236053313	26.65539934958352	134.92552639809696	134.92552647917762	134.92552649867702	134.925526548967	134.9255265408837	72.85714292999998	84.99999999999997	154.5916559358173	105.8251123423533	105.82511231261034	141.60534466718582	200.47646198480697	200.47646185013977	200.47646237465966	235.48709191969715	235.487091930922	235.4870920514772	235.48709205413874	235.4870921173672	249.41095890410958	252.85456730769232	105.82899302174258	69.10499999999999	105.58706695023267
98.39521803356237	147.6310923283741	19.51290788263279	19.51290788263279	26.655399248844105	26.65539927606804	26.65539927606804	26.65539926738245	134.92552647917762	134.92552649974633	183.6	161.8871652522563	140.9605332114484	127.764208422257	127.76420869095737	154.59165594720417	151.04441962743056	187.85349261436846	186.5964249648814	228.3582089552239	242.03389830398592	235.48709204471	235.48709205099584	235.48709201443737	235.4870921173672	244.375	93.29268292682926	160.55268929624637	61.63304238336849	246.69767441860466
2.543680077157944	96.45412770699764	19.51290788263276	19.512907985562606	19.51290795528996	19.51290795528996	26.655399306992564	26.655399330515877	56.48470153727283	59.264070933906396	106.24388467079706	74.68777074986073	115.9964443521383	127.23579130904261	127.23579157774299	137.25442073134028	118.53015103427634	176.69245645761944	228.35820893818223	230.85227254781122	230.85227267897724	228.3446006694841	228.34460073261758	235.48709204471004	235.48709204471004	246.7741935483871	249.45652173913044	207.0945912263074	58.28028193275878	233.14285714285714
2.543680077157944	96.45412770872369	19.51290795528999	19.51290794852281	19.51290794900413	19.512907949004187	19.51290806907798	174.78853691717933	155.82039121390932	98.28771762048092	99.39447060924914	110.84391896323805	70.4282041428811	162.73779778902008	162.73779778098498	137.25442068186766	162.73779791165254	162.73779785751537	162.73779763171606	149.17488768738963	228.34460069300746	228.34460071941422	228.34460072393196	228.3446007511559	228.34460076394672	234.6	249.45652173913044	93.29268292682926	74.55015093557105	183.92134432972804
96.45412756255686	96.45412774373949	96.45412768478849	19.512907945861258	19.512907981467777	19.512907981467777	19.51290808030282	134.59411663110558	127.42160245001489	127.4216024588276	88.20092009138389	82.60827464779788	162.73779770442428	205.43704027142886	205.43704025796137	202.4524640974873	202.45246408073226	149.1748876576467	212.1843649734846	184.13546026166966	236.45454545454544	224.10522547444322	228.34460065041648	226.70989553243643	243.66666666666666	244.375	200.27616144765307	141.3959596872396	152.72756089093488	219.89053907234245
115.96296904753169	96.45412773265883	96.4541276335139	14.756985359084695	19.512907943063	124.78392679576555	131.23396110589988	134.59411659443944	127.42160244120936	90.7272597884764	88.50219187467002	127.42160244364575	127.4216024638963	127.42160249402083	174.7885369071594	188.13231347021602	188.1323135082921	150.36873469638533	212.184364895542	184.13546020030026	224.10522578208315	216.2812888987949	216.28128900166314	216.2812888987949	216.28128986918898	239.0625	255.0	58.59967736019806	251.97146176600285	255.0
115.96296906071595	115.96296906511068	96.45412770074523	124.78392663860538	124.78392670995038	124.7839267626295	124.78392671428267	150.1308546864097	86.40194265596057	61.44897317968477	88.50219187467002	87.43806789526002	127.42160244364575	127.42160245714611	167.43266675816125	167.43266675962707	167.43266676317307	150.36873468183714	167.43266677319662	194.98957847465275	216.2812888987949	216.28128896980706	216.28128900531323	216.2812889052714	216.28128871248788	239.0625	255.0	93.63186819753346	249.5285358288274	100.22164890045977
115.9629691060764	115.96296901402161	115.96296904852375	36.55815588547094	124.78392666704275	124.7839267327752	124.7839268656372	131.23396109590328	81.9498204343482	150.1308546864097	150.13085471980565	150.1308547753374	150.1308547468414	150.1308547468414	150.1308547183454	87.43806789526002	167.4326667889507	167.43266676398022	167.43266676398022	194.98957848277908	216.2812888987949	216.2812889698071	216.281288879726	216.2812889052714	216.28128871248788	255.0	255.0	198.23080796370093	86.47398512769973	234.26605021969547
1.804639302562009	115.96296906071595	115.96296906770797	39.73190384509812	36.5581561143874	36.55815625268963	8.669522087027872	77.79259038707039	76.64780283914646	80.35462713761922	150.13085467853546	150.13085467853546	150.1308547235367	150.13085467853546	150.13085471980565	150.13085475815535	81.95209442485177	150.13085475438413	167.43266677319662	197.4990789195785	216.28128871248788	216.28128900166314	209.20064804177215	202.94834296920132	233.39312226210578	229.03340370846115	25.5	204.0	40.88254921519433	4.579775640531068
10.066268225781045	60.66363235609373	115.96296901402161	39.731903798201785	39.73190375270761	36.558156103447885	36.55815609797804	70.68962205583287	76.16270644867487	123.53421596290298	123.53421626199682	123.53421604513969	150.1308547078853	150.13085471116102	150.13085473591232	150.1308547284503	150.13085475320156	150.13085475438413	150.1308547183454	190.88899596203805	190.88899592435678	224.11688486243327	190.8889960897218	182.875108315125	217.95239957676583	68.97968744361202	25.5	204.0	250.6966682112212	24.414367301296124
77.96092223893342	11.668160204999992	24.631516870267774	115.96296907390018	39.73190372996049	39.73190374034388	36.55815606810825	36.55815606335727	36.55815606098176	39.48566497500002	123.53421604079566	123.53421602132252	62.21594147620897	158.97581952303756	150.1308547753374	150.13085473591232	150.13085474684138	150.1308547183454	190.88899593691718	190.88899595954092	190.8889959595409	190.88899595954092	217.73735086019684	217.737350905	217.7373509155694	209.3416809939929	68.97968744361202	149.2513569687767	246.3434660234518	173.67861399802965
102.33335621475788	11.668160130836014	11.668160120000039	11.668160077500005	24.631516804774378	39.73190368796676	39.73190366171923	94.76496459958372	94.76496463420796	135.68151409873823	135.68151407997516	135.68151407766766	123.53421607462408	62.215941479516516	123.87311262604686	123.87311261999736	158.97581953201865	190.8889959595409	190.88899593691718	190.8889958944505	190.88899588667556	207.1987042114631	217.7373509475	217.73735089711187	209.34168090192964	209.34168092966064	167.58900253029617	241.837547003813	251.77126350966495	160.35729455126273
8.66805697442615	20.20113026226909	11.668160075463504	11.668160093920989	11.668159949999989	56.10512415720066	35.78155451620512	35.78155456315696	39.731903802733314	99.34502359598946	99.34502364052108	99.34502355405655	135.68151403226094	135.6815138549858	69.3839835247245	81.2268962364036	190.888995962038	190.88899582936006	190.88899592435678	207.198703998075	207.1987039682543	217.73735082000002	217.73735095475897	209.34168091556654	255.0	255.0	241.87010810997606	74.44352021330852	11.561770397628266	2.520674607270422
68.62399803122551	77.96092223893342	43.22553916160251	11.668160135903463	49.35283836683291	60.55942225906597	52.43233058224149	55.59753955031593	13.085759023430995	46.897574699951065	46.897574683325416	99.34502352523504	99.34502355697757	99.34502357989919	135.68151400503507	207.1987037380909	207.19870394019983	207.19870394955132	207.198703998075	207.198703998075	217.73735082000002	209.34168090192964	209.3416809939929	255.0	255.0	46.8781484813849	182.12990281289	87.4908263423197	87.67332425205922	103.62138326971106
8.66453828068731	46.112900204949995	32.73016961016717	31.1293849709553	20.060841885110875	58.287745350050926	58.28774538721686	58.28774537199644	58.287745415887485	46.89757470556833	46.897574699951065	46.897574804268544	46.89757477570632	46.89757478202566	46.89757481358396	186.29526397432244	186.29526400938943	186.2952640129085	209.34168086947673	209.3416809085195	209.341680855898	209.34168091556654	209.34168092966064	209.34168092966064	204.3177098185135	156.3525342773827	183.65405610999431	175.7995653432706	248.21883997920813	248.56012159284987
23.876064333517064	14.13707539680172	64.2375798748107	8.190895078656808	6.562921269940745	119.35275915409471	58.28774530120512	58.28774536485355	58.28774536485355	58.28774533995056	58.28774538975651	58.287745363315906	135.59314594908543	186.2952639816396	186.2952640269229	186.29526399686898	193.19305354918112	193.1930536488722	193.19305366762526	193.19305367700176	193.19305361592598	182.41126117680608	182.41126115505844	182.41126124204897	220.97746225803277	156.35253413506442	156.35253414793394	6.380702070104007	90.5525981090592	110.21292534936174
9.75808415863159	9.921051104215309	12.24791089304125	18.790187844635227	26.04941780355631	64.2375798748107	29.76926605561161	27.01249382867556	4.195436580354681	58.28774537561418	58.28774536485355	58.28774537199644	58.287745415887485	186.29526383032396	186.29526391910184	193.19305360624918	193.1930536963958	193.19305366957252	181.17080827841602	182.41126114736036	182.41126114736034	182.41126112480936	52.10880364579657	1.0810466101290217	156.35253399644353	156.35253416029337	156.35253415116733	110.87342302564863	3.369245762246152	255.0
1.059787951464216	9.977481621169574	9.75808415863159	11.491541016044977	36.42988047053382	19.93247621946199	70.64547172820932	27.01249382867556	27.01249382867556	0.0	20.548416842969345	82.77595861339341	58.28774536485355	58.287745415887485	61.04660656008079	139.18058753491056	139.18058757633415	182.4112611115632	182.41126114736036	181.0319529694385	176.9143549190714	135.38501092098286	136.64141790636052	81.46318510644815	9.562413569130882	156.3525341232151	156.35253405403938	4.77862355279899	147.46152648018918	0.0
