254.78577135731533	232.6131687214815	254.8604400857377	223.1392809139785	153.9235412629702	191.5564903846154	187.40140499486637	235.6140350877193	91.79999999999998	236.86666666666667	226.41176922829916	159.375	90.89628097870136	250.46666666666667	214.79711530667964	229.5	233.75	234.3243319825433	233.75	228.77142857142857	231.8181818181818	248.9870095139649	241.15347202487558	241.15347202487558	245.08174120499936	251.77341729921835	252.23186133813647	254.85116524542687	254.85003395857416	254.18299101990632
254.7387668419768	254.72251241983074	247.02772729761313	179.44444446333335	179.02930401373627	187.40140579797836	231.8181818181818	141.76331948941788	169.91837982942536	221.07870156951705	151.3572522851768	54.435594089999995	255.0	156.4772726383652	173.86363626485021	203.84046795210068	195.66256830601094	195.99861523861705	234.1509433962264	244.11807259952622	232.10947257952662	228.1653315134472	215.3753980470717	236.16538340436009	234.78436199885724	241.00817979869228	248.1417549593138	252.30220408163265	254.8511652454541	254.9997602957951
250.87426467252894	252.45	188.04469274583442	124.44	226.21922258834715	141.76331936272737	150.90315021558922	150.9031489402063	115.96389427401908	212.5	206.01686254838575	40.47605864865318	195.91978790641372	67.83633586060449	189.81366846461367	181.2899406257738	234.89110604654198	237.13641950020485	234.23304099316064	216.72639313804822	219.6746395755535	249.08123791102514	223.98648648439098	248.625	231.53411919220622	239.14315449311684	253.2203977756536	253.27349331379372	254.94504152231386	254.99499877934835
195.43973795578128	253.22916666666666	231.79632520868742	23.706599807009695	133.51453064400164	124.73566973566975	132.8125	115.9638941138958	123.89816827504191	91.79999999999998	179.87080487080488	177.78942916817704	106.25	212.73237410071943	177.78942916817704	116.19558131668964	233.98797980776428	171.19456006545437	241.63171744227535	214.60868450706866	215.149768866268	251.4300291500354	248.5343785329478	252.50204081632654	248.625	249.0063048978819	253.62699604942608	253.22039777581378	254.97553019575176	254.88575268817203
1.0926237974659898	129.81463852558426	22.20563176422391	207.95324914565157	47.28013565120742	93.46153846153848	115.188649190922	144.23076923076923	88.86363633334199	140.7292632621722	125.47551125921876	121.15384615384616	106.25000000000006	26.917704791686873	37.72189347	159.375	231.27018738236615	195.65144766146994	195.65144766146994	200.408071186491	234.23304098815646	234.23304098800787	230.76923077032717	218.07692306705533	220.999999983	250.83673469387756	254.47608481262327	253.22039777519032	254.81521888667714	250.4666666712
0.20434001251919653	9.28544778755898	254.75670522505942	212.36393695606313	253.46553245837103	201.59186484883554	24.712053314999963	88.86363642018591	75.64268338612649	103.96962093034398	206.52123490655578	170.0	180.8181818181818	51.0	187.0	221.0	158.0728300550735	231.27018734532402	231.27018734532402	198.29633891353072	221.4516963862467	255.0	230.82222222222222	232.60135135135135	214.2	214.2	255.0	254.0714610832954	252.70758847736624	254.44519150440402
27.299839793967834	144.10589009632844	137.5909161535845	166.68555654616765	24.71205331910832	24.712053392938373	73.18301826711004	75.64268315278187	100.33292992901056	93.35971355625006	76.05555890942463	125.49883689487456	136.61028650327924	136.61028650327927	138.1532338532406	154.6888435255534	165.96728021075901	183.1754529997509	183.17545298869683	187.93861379386067	225.05228522844075	231.27018738236615	243.8881621906044	243.88816219049903	241.30872479172672	251.08240223113015	251.175	248.96449704142012	251.88867669238482	254.44519150471012
140.7865364928221	195.14209111745834	0.2997000040266471	24.71205331499999	24.71205331499999	24.712053337565862	24.71205318218054	63.123761760026554	98.53585984883108	100.332929707938	141.5728043534688	64.90478331917876	125.42462845010616	136.61028650327927	38.59633790181692	181.38784065791333	174.36191968717029	174.47736853494183	173.2180599866988	225.0522852522348	222.16471769154256	215.76923076923077	227.48808728734298	255.0	240.59322032257398	240.5932203361017	250.70329670513337	253.7583930210363	251.8886766935487	248.472
11.564564116281815	17.707862942394627	114.77516863483899	98.07692307692307	98.07692307692307	82.35282164989036	63.123761760026525	63.12376143522502	63.12376158194908	24.712053569999966	45.67129156999155	64.90478324037389	114.35068000526505	125.42462845010613	109.37897316977279	125.42462845010618	197.8746609705555	171.67492256705117	152.99999997719212	161.88716519506778	229.76154539144116	235.15850144092218	231.27906976744185	227.48808722726685	247.67451882323144	244.375	229.5	252.69114688128772	254.85243055555554	253.77403846153845
62.64402444237547	193.5771008949966	183.6106229105255	58.84615384615387	44.98977502352162	48.26781203322804	63.12376137445952	63.12376136186302	63.12376143522502	63.123761330774585	45.67129164745569	114.35068087267675	114.3506804649252	114.35068013204452	109.37897316581763	167.3378354759458	167.3378354759458	170.39435035231398	190.45931487888743	190.45931489061894	223.76900577233496	226.64766057353683	226.64766057971363	228.59388542250002	240.66921321451855	245.32440755121166	253.11307665920916	253.22916666666666	254.83768401312477	254.942625
250.04835149561833	120.28485745450084	81.31186602888627	48.26781180431158	48.26781189348836	48.26781185407657	48.26781186617356	63.12376060332545	63.12376118167606	63.123761330774556	56.100000005609985	114.35068033167252	114.35068004823887	114.35068034035413	114.35068033167235	153.61798865533194	153.61798865533194	119.02229193984104	176.4803634028823	190.4593148453224	190.45931485939553	225.82441475492726	229.83519529968038	229.83519521881044	250.74083997971331	240.66921317559982	254.592	250.66162570888469	254.501953125	253.29398999670454
5.4874420960425425	39.89454856053513	58.84615384615384	44.81716904435589	111.03336653105953	48.267811884079265	72.60375372197646	72.60375374586212	48.26781189710451	48.267811874670144	56.100000005609985	103.23748801783586	130.08527787244424	130.08527788731965	112.63760847027149	112.63760822551683	112.6376084702712	112.63760847027083	112.63760847924678	159.65863402351027	207.71298696329617	207.712986960466	207.71298701680848	207.71298698774916	207.71298702737766	242.73939393939395	251.015625	251.7266066066066	254.57565284178187	253.27349331379372
55.508114672860614	0.0	73.70757177570857	0.0	54.911261124809386	54.911261242048965	111.0333662293194	111.03336626875262	111.03336632989942	111.03336638018945	111.03336647378092	19.615384634999998	106.25	134.4957130800716	119.0044434755807	119.004443464416	133.63737790829444	112.63760696587246	112.63760787389725	112.6376080654542	207.71298703665508	207.71298692701018	207.7129869745181	207.7129870502269	207.71298699696194	229.40473225404733	251.73076923076923	180.55867481901163	124.44	221.49376277210195
108.78078467779278	42.40528844360006	47.28701300303808	47.28701300303808	54.91126113120325	54.91126115505844	54.91126115505844	54.911261147360364	111.03336626875262	111.0333663370954	132.59999999999997	161.8871652522563	123.31856626171214	134.6858587022235	134.68585882787954	134.4957131224727	95.38567532717434	99.71110174622467	236.92324666088058	190.29850746268656	211.77966099167625	207.71298702737766	207.712986960466	207.71298695337288	207.71298699696192	233.75	127.84552845528454	254.97928928854202	248.82598610733757	246.69767441860466
81.36876234820323	51.314431259306275	47.287013003038055	47.287013046627095	47.287012972622335	47.28701297262231	54.91126118697045	54.91126120276883	13.336542269487751	76.05555890942463	105.17616286520771	26.921066246994428	116.7241098789263	120.31414117212043	120.3141412977765	115.96296906071592	117.250678501171	90.82280703013978	190.29850742945536	213.6038957962478	213.6038960625	200.08873879723117	200.08873885263966	207.71298702737766	207.71298702737766	233.06451614274192	221.73913043478262	222.65497781451546	81.01100131220565	233.14285714285714
81.36876234820323	51.314431259496956	47.287012972622335	47.28701302548194	47.287013039534	47.287013039534	47.28701307298982	118.74822915504242	104.34263795847093	99.18365468744727	101.25652588086916	108.39856658279857	20.746683338815444	74.71375625968693	74.71375606021422	115.96296904852375	74.71375609662934	74.71375604249221	74.7137560293894	135.99555653558397	200.08873881302955	200.08873883943627	200.08873884494156	200.08873886879675	200.08873887519061	244.8	221.73913043478262	127.84552845528455	221.29466968959895	254.8669808380009
51.314431046086014	51.31443127885325	51.31443124676326	47.28701294977313	47.28701298319149	47.287013036703826	47.28701296334489	89.20390318115227	80.06038239951243	80.06038241008588	92.27022052224171	102.66314776622559	74.71375569900644	169.39733765242866	169.3973376806394	164.24252712723631	164.24252715286838	135.99555652441933	163.68877216424102	193.16541756755527	194.72727272727272	203.37208095182	200.08873875795103	206.88761270721014	215.33333333333334	223.125	210.18283095564405	92.31236460655353	130.28818764704872	107.77752156533896
28.24036914114933	51.31443127223068	51.31443122021224	26.615017192959158	47.28701301225087	76.55234734205035	85.28801168787561	89.20390317761604	80.06038240503827	89.39881298544944	77.04570721689487	80.06038242494466	80.06038239714226	80.06038239398666	118.74822925397154	143.8882059152587	143.88820593100553	148.79149030575675	163.68877211631292	193.16541749080142	203.37208065823611	191.8762386692254	191.87623881832394	191.8762386692254	191.87623939667452	233.75	186.0892707540482	111.02700729866447	235.57799778358222	255.0
28.24036940028509	28.240369389527643	51.31443125525237	76.55234724888328	76.55234734205035	76.55234733285175	76.55234750078873	104.34689575024649	86.06471763474366	93.91133475155155	77.04570721689487	84.50391060456437	80.06038242494466	80.06038240640973	175.91881816100317	175.91881816373774	175.91881816552927	148.79149030598987	175.9188182621488	209.3287083525443	191.8762386692254	191.876238564775	191.876238638137	191.87623862554048	191.876238818324	233.75	186.08927066430186	247.56141074068967	223.34805853276265	178.4293315236146
28.24036923126951	28.24036935081861	28.24036947036771	48.26781203322804	76.55234727768894	76.55234730340709	76.55234741180936	85.28801169023845	81.50947482312233	104.34689566616541	104.34689571680752	104.34689574701216	104.34689572720626	104.34689572720626	104.34689570740045	77.04570721689487	175.91881814319845	175.91881815499238	175.91881817400738	209.32870843000845	191.87623841805095	191.876238564775	191.8762385125498	191.87623862554048	191.87623823997347	186.08927062205782	186.08927064011823	253.9155978360411	222.3457029125537	118.74988429885033
41.412324077903634	28.24036940028509	28.24036939066832	9.451743079918657	48.26781180431158	48.267811874670144	11.570599833152727	76.26482766492978	77.90928942641904	79.11927002202839	104.34689574701216	104.34689574701216	104.3468957129904	104.34689574701216	104.34689571680752	104.34689566778877	77.04570721689487	104.34689576648233	175.91881817458147	150.01816136310663	191.87623823997345	191.87623852914874	180.20997138603434	164.84388540055681	190.23297040861996	202.56314140140978	51.0	204.0	254.377846469396	170.41602910548505
38.67583053029398	25.912848012639188	28.24036935081861	9.451743187963388	9.45174314714319	48.26781186617356	48.26781189710451	69.22413296317771	76.18058169250469	70.27706437524651	70.27706427466913	70.27706407604177	104.34689568655816	104.34689568336856	104.34689570057168	104.34689570820595	104.3468957254091	104.34689576648233	104.34689570740042	133.37083584664026	133.3708357751527	168.78879625009324	133.37083565024176	204.0	208.33176101264618	98.62359600095368	51.0	204.0	122.81781356566816	135.17638416095025
36.059571905415794	24.712053314999963	19.768988187058994	28.240369368012608	9.451743126733106	9.451743167191921	48.26781189348836	48.26781185407657	48.267811884079265	10.003924635000004	70.27706409798583	70.27706404671116	77.29117902002332	137.22402527367194	104.34689574701216	104.34689570057168	104.34689572720629	104.34689570740042	133.3708356990644	133.37083573702898	133.37083573702898	133.37083578042262	158.04613340298386	158.046133375	158.04613334761132	163.68336183631212	98.62359600095368	254.6032558932527	134.80587535733966	0.208926458491419
8.629038483830954	24.712053392938373	24.71205331499999	24.71205331499999	19.768988211027363	9.451743210828596	9.451743183586558	96.02231719795046	96.02231722621747	57.652542814796305	57.652542881544775	57.65254286528449	70.27706403260703	77.29117904612366	93.72812316148872	93.72812316090278	137.22402529779788	133.3708356502417	133.3708356990644	133.3708357153322	133.3708357036652	138.81078713777515	158.04613341750002	158.04613336606883	163.68336180385927	163.68336179345025	140.10294706507483	133.32784918066827	135.39504790821644	0.08572019557479393
0.01478732535829863	8.629038483830954	24.712053337565862	24.71205331910832	24.712053569999966	56.07770596726499	23.729812617633883	23.72981265467598	9.451743069840603	54.77373897890348	54.77373916695245	54.77373916695245	57.65254284901806	57.65254281650385	69.29101122655567	76.08107075099139	133.37083524713532	133.3708356502417	133.37083562527647	138.8107867996062	138.81078697483974	158.04613329	158.04613325013224	163.68336180917606	135.66297745400024	135.6629774639744	28.555715745928325	253.89379378098195	110.74049634332383	254.97259477583648
79.735460931158	8.629038483830954	80.76320022006578	24.71205318218054	49.21340862230667	52.08384176433094	47.902292793203316	55.66132102757146	26.921066246994428	70.22794683946458	70.22794673295624	54.77373910930942	54.77373915766671	54.773739187151875	57.65254272109314	138.81078679960618	138.81078675698973	138.8107868296064	138.81078679960618	138.8107867996062	158.04613329	136.97495729421115	136.9749573213686	135.66297745400024	135.6629774639744	46.8781484813849	182.12990281289	154.41305732930732	131.56426090538602	236.54162767722264
254.30603946397932	53.507666940710806	16.39913616197802	8.669522087027872	96.27562641868838	47.02230389891011	47.022303936076014	47.022303909014255	47.02230392922257	70.22794672595003	70.22794683946458	70.22794685389931	70.22794681389959	70.2279468810627	70.22794680111716	111.00151888920234	111.00151886209704	111.00151886306014	136.97495739156977	136.97495727444158	136.97495728063237	136.97495729721442	136.9749572768891	136.97495734276015	155.65596279056598	156.3525342773827	86.08621332953172	211.06959393996615	42.28739888388989	2.8726241855093235
0.26765349944318473	20.562581758967355	255.0	0.0	0.0	56.807944370692184	47.022303956636335	47.02230390976439	47.02230392590539	47.022303899576286	47.022303952234495	47.02230390522334	220.0159645786694	111.00151886306014	111.00151884854435	111.00151885128847	138.01247570368847	138.01247572636566	138.01247574511873	138.01247575449523	138.01247571436926	167.96771023239515	167.96771021236952	167.96771029247202	185.3239164562707	156.35253413506442	156.35253414793394	0.06462700147380929	43.421195445340686	15.5639372242822
10.494502936589953	0.0	12.275962387498254	20.153980423092747	26.108153393441825	255.0	32.198435989621714	255.0	26.81615525181647	47.02230391514476	47.02230392590539	47.02230393379156	47.02230392922257	111.00151888920234	111.00151880052238	138.01247575217593	138.01247574408438	138.01247573417936	143.78747022349185	167.96771018030807	167.9677102067148	167.96771023249016	76.46143961245701	191.9817856261043	156.35253399644353	156.35253416029337	156.35253415116733	220.1421038098811	1.3836542766051707	255.0
1.0863990524273675	9.75808415863159	0.0	12.716078713186306	162.914551579195	16.075081572747962	189.47542213470405	20.548416842969345	255.0	50.852469013865004	42.768578068619036	185.3239164562707	47.02230392590536	47.0223039292226	140.10294706507483	153.28098648521768	153.2809865021076	167.96771017231828	167.96771018030807	109.37962480281968	104.66469316068867	67.58034993286009	82.21528757309497	181.0580682688725	224.90522689180452	156.3525341232151	156.35253405403938	27.04887149463164	242.0094218182078	255.0
