254.931631526174	254.89103219111112	250.15764409039997	250.74717849942397	249.3800009209638	238.6945125751202	224.70778145222226	131.6940789473684	214.2	163.2	254.9913391503049	232.23214285714286	212.85485924053702	199.46666666666667	216.97368538127955	199.75	208.25	187.11403416950853	208.25	153.18214285714288	231.8181818181818	124.71307865355953	238.86083193446697	238.86083193446697	133.37269761375623	250.93974834554572	175.4719079638874	227.81731787748475	183.55999834464302	254.97007488351272
254.99960461736717	238.7672725421138	254.82370390837784	249.72868216	244.92077692032967	224.7077837940057	231.8181818181818	230.22328874382606	217.77261139351023	254.9516167717425	144.28837102025375	190.75739916	108.02298131305238	147.7840908251227	165.1704544516077	206.16923843752613	247.6844262295082	232.05738276829825	173.64493996569468	140.01218066468863	114.54051919785607	227.81980462604525	252.26191956064022	254.10069555571624	234.0409594322035	241.01679794324374	254.82945550517815	214.34558418367345	227.8173178823904	250.19030297592374
254.53082498141939	243.02916666666667	246.0880862918922	238.68	255.0	230.2232887697204	194.7986076532098	194.79860615646345	214.35132483266486	99.609375	54.485417053518916	179.45945262747233	254.84657220922426	185.988289270878	254.64487580226117	184.0103812699868	88.65681680740565	95.3507783695207	134.40330234941402	251.42912864978908	219.7490834930878	94.16586073500966	242.54158004206363	210.375	231.56793038060556	239.19653106533963	197.67198670588007	228.98124864693833	219.82680548522256	175.1678356722449
195.43973795578128	246.42916666666667	228.2809592022531	254.4989940776952	219.7644414725167	89.21591921591923	197.674418734375	214.35132487567776	213.30207900625658	214.2	154.8024948024948	246.39773531493276	191.25	110.75334018499484	246.39773531493276	218.33685707819714	159.74392518102366	173.91257301149048	194.39611183172184	214.8650132410387	215.2188731162869	210.50490936095497	81.98703597897943	187.1214285497449	210.375	120.12209903583854	154.61056976570615	197.67198670813784	236.93137075567472	254.04138694320275
254.91759984187618	6.783689797853697	219.24561641361188	32.940503280077024	242.95036680838848	64.61538461538461	187.2178816542863	120.0	192.1934461999684	177.69402257572744	184.00246547672074	94.61538461538461	191.25	137.29971834976578	153.282548415	232.23214285714286	147.423061396977	190.9187082405345	190.9187082405345	200.23999347208783	134.4033022886748	134.40330230893147	230.32544378188572	218.7062936901038	239.307692292	141.8690476190476	186.47021886410482	197.6719866969875	137.42979585614395	254.0343195288
70.39103223804707	195.32578538747885	99.08153332680496	101.2996553130894	253.99065554261523	0.0	101.47470229499999	192.19344609950363	178.92942525371978	145.96649749351462	54.66434581999141	63.74999999999997	81.90909090909093	153.0	102.0	136.0	253.59641726452375	147.42306136421536	147.42306136421536	74.19855987358906	71.47206279784913	255.0	161.1432098765432	202.44932432432432	236.454545436	236.454545436	255.0	254.0714610832954	220.45452136361325	253.52084263024028
209.2379106308279	208.124211100797	64.0584687061627	101.58910129873908	101.47470222504387	101.47470222504387	180.70422300892426	178.92942472899944	142.5626110628286	157.53245319375003	157.13203535753348	252.44680132226983	252.88746979634104	252.88746979634104	140.86330114859743	240.42855502724785	211.9257167652995	209.65960928805004	209.6596093242018	187.313696289255	201.25353464580303	147.423061396977	93.64798899457125	93.64798899971251	146.3255033311534	221.08401374523626	200.175	248.96449704142012	248.15799545929815	253.52084263001578
54.539227856992255	115.19398563246602	109.78709434376134	101.4747021675	101.47470221	101.4747022250439	101.47470226911383	164.5493470238837	140.86549142184413	142.56261074870758	46.56753093422046	157.68361593209008	128.1316348195329	252.887469796341	135.22298978579934	145.81552308719893	136.30395960396157	241.89904360118425	93.86790024322983	201.25353457621628	46.77785512776151	215.76923076923077	207.71622072344772	255.0	228.2819722638244	228.28197226423728	216.70329670581833	206.19987924845896	248.15799545742735	253.651239669
216.02816212764805	197.27567090679162	0.05298835783992217	78.46153846153842	78.46153846153848	125.44470298103485	164.5493470238837	164.54934678476204	164.54934673073512	101.47470254999996	178.3844370474743	157.68361585643504	251.94572765672754	128.1316348195329	167.732053529457	128.13163481953296	56.43042341102253	171.535566591762	186.23161403111493	191.74228537104977	123.43619148201859	83.40778097982707	61.3953488372093	207.7162206669122	170.3174375082101	224.090909091875	229.5	201.38329979879276	179.44444444444446	249.1640177985577
234.23618524900567	254.88995345154936	149.08251092287034	39.230769230769226	154.12373232928937	117.17854150809637	164.5493468311002	164.54934681177554	164.54934678476204	164.5493464795607	178.3844370903393	251.94572830065118	251.9457276667093	251.9457278281941	167.73205344085736	65.84050588647958	65.84050588647958	169.9927284239154	83.43012938230424	83.43012941400292	136.76136419012468	68.20811671977194	68.20811673103478	192.70719074250002	176.84320696419024	84.40464395692678	141.66666669614983	141.66666666666666	179.44444444840724	243.212625
133.6598452197079	241.4957699707306	0.869056209377959	117.17854127917988	117.17854122918652	117.1785412470974	117.17854124411568	164.54934586718267	164.54934673470848	164.54934647956065	178.49999991585	251.9457271086705	251.9457276667093	251.9457276700367	251.94572783252912	227.60993278698285	227.60993278698285	121.71410973232511	100.2955027115479	83.43012931175141	83.43012937467134	149.23599811153585	150.687147164276	150.68714714851308	156.56520928170016	176.84320710036508	99.85799999999998	146.54064272211718	179.44444444444446	236.8498134701585
251.196874481592	184.32101811988366	39.2307692307692	194.6242565625702	31.60285966347766	117.17854125605282	109.22267345193077	109.22267345806966	117.17854122658358	117.17854138233633	178.49999991585	250.47136121583173	130.08527787244424	130.08527788731965	115.30521969777826	115.30521985590124	115.30521969777797	115.30521969777826	115.30522012061235	159.37891677736275	179.20671423618631	179.20671427763364	179.20671423618631	179.20671424678991	179.20671417107346	67.07272727272729	141.66666666666666	92.89861861861863	92.81165994623655	228.98124864693833
216.02816212764805	89.85526494981661	57.70016904383286	71.99616450855797	108.00128793971143	108.00128795655726	31.60285905999737	31.60285917574501	31.60285926115742	31.602859210867422	31.602859356070468	93.947368515	191.25	129.5948654963973	164.67067723922185	164.6706772561596	141.83507053949148	115.30521859625688	115.30521951087036	115.3052200256561	179.2067142679971	179.20671420769696	179.20671422558272	179.20671420769696	179.20671420437554	60.97135740971356	66.50841346153845	219.25540212192115	238.68	213.9987611549603
15.44606158656785	27.73548727941244	75.79328579562448	75.79328579562448	108.00128800913419	108.00128796585608	108.00128796585608	108.00128798537918	31.602859241267026	31.602859235853515	51.0	80.80183696608975	57.477849466180345	44.42709763948673	44.42709767292064	129.59486546615915	248.54018067636193	102.19878399526581	166.14465616614564	41.86567164179101	108.05084742356365	179.20671392463998	179.20671419548913	179.20671422028093	179.20671420437554	84.99999999999997	226.66666666666666	86.46471354481258	252.3444619507694	246.69767441860466
5.082621911933558	39.25226473762433	75.79328579562446	75.79328577971907	75.79328582892654	75.79328607536002	108.00128798537918	108.00128787929984	76.07872289856789	157.13203535753348	106.5347172970582	93.72383928884992	95.53894439862401	210.57290232707936	210.57290236051327	116.92907150204866	118.57703587840459	93.14675717871648	41.865671619636885	120.92605139436023	120.92605160795452	146.99871212070016	146.99871201462082	179.20671417107343	179.20671441750687	85.00000001370967	88.69565217391303	252.27909179877585	213.9987611549603	233.14285714285714
5.082621911933558	39.25226466749447	75.79328582892657	75.79328577441728	75.79328580451087	75.79328572236636	75.79328579230301	21.19881873522641	36.62369904954727	94.65737035270584	97.63128396173849	116.70452897750889	88.18516877781639	76.8560123268702	76.85601222381362	116.92907146621425	76.85601227059894	76.8560122164618	76.85601220608783	90.32932274384038	146.99871201462082	146.99871201462082	146.99871203414392	146.99871199086584	146.99871206028854	56.099999999999994	88.69565217391303	226.66666666666666	237.2394010006285	151.86432031246042
39.252264797433156	39.25226460687247	39.25226478431094	75.79328579230298	75.79328576381369	75.79328576381369	75.79328573200289	47.07953511773843	32.316751556544915	32.31675156894056	92.27022052224171	77.75888586201827	76.8560120054525	33.45647501463907	33.45647504538664	20.11559445013222	20.115594471661154	90.32932276077818	29.887578761291508	96.10210057594006	37.09090909090912	105.55386807655546	146.9987120434427	107.23045982819514	39.66666666666666	84.99999999999997	60.375743437429804	254.85149724418434	234.98837861147683	143.51332140340259
18.110407485961844	39.25226467723496	39.25226470771992	108.22382319011697	75.79328575321009	24.359754778152535	38.9710788253239	47.079535170844764	32.31675154117519	86.18105086297959	90.88935871319453	32.31675156783098	32.31675157296698	32.31675160711501	21.198818802762645	15.416651353537759	15.416651399212185	148.79149030575675	29.88757878607845	96.10210048258645	105.5538678841661	90.45065352043929	90.45065326529149	90.45065352043929	90.45065413281739	37.1875	186.0892707540482	110.80176726785152	0.5946160718823421	255.0
18.11040761096976	18.110407652639083	39.252264706433294	24.359754679743958	24.359754735244962	24.35975477382337	24.35975496198205	31.37182595749431	85.55836642931666	94.71404886627016	90.88935871319453	88.91492119126411	32.31675156783098	32.316751544237576	50.334358764032885	50.33435874122199	50.33435873196299	148.79149030598987	50.33435884295778	76.61556290966072	90.45065326926488	90.45065321523794	90.45065318822452	90.4506531688998	90.45065297611629	37.1875	186.08927066430186	104.53495697273948	242.6867344073002	201.42729657638873
18.110407472613787	18.11040765795508	18.110407716739473	117.17854150809637	24.359754713791176	24.359754765855882	24.359754637272772	38.9710788296089	81.28445280014157	31.371825957494252	31.371825939060074	31.371825901620838	31.371825944067183	31.371825944067183	31.371825938112607	88.91492119126411	50.334358733549834	50.3343587640731	50.3343587640731	76.61556295252572	90.45065326926488	90.45065321523796	90.45065318822452	90.4506531688998	90.45065297611629	186.08927062205782	186.08927064011823	28.727994167766155	253.665545964957	253.76480899708383
33.88220377222501	18.11040761096976	18.110407677549915	54.26330111628806	117.17854127917988	117.17854138233633	89.58480269065544	78.67018087632766	84.1134253939185	78.34557618386856	31.37182580481891	31.371825804818968	31.3718259232119	31.37182599842282	31.371825939060074	31.37182597460435	94.71404886627016	31.37182603381723	50.33435875539047	61.42305436666314	90.45065297611629	90.45065326529152	46.79337188992275	46.79337187680525	27.0890325898294	79.29904842908189	153.0	204.0	123.7863011535234	2.0845362249100106
0.869056209377959	73.31590772120006	18.11040765795508	54.263301040173474	54.26330107115879	117.17854124411568	117.17854122658358	69.100435498275	76.85557640639408	246.33497185355148	246.33497181483855	246.33497178289025	31.37182585573035	31.371825920625867	31.371825967838504	31.37182595749431	31.371825962666378	31.37182603381723	31.371825986513585	19.789598029329966	19.789598040961238	26.350946558745363	19.789598127316168	29.790097876794306	23.1534104124178	208.20643425200956	153.0	204.0	142.3048181242771	255.0
112.82603105762448	101.47470229499999	131.92366982050916	18.110407735977645	54.26330108665144	54.263301097001715	117.17854122918652	117.1785412470974	117.17854125605282	52.34654943000001	246.3349717676947	246.334971728864	197.99760612900502	29.140394916100405	31.371825901620866	31.371825883757424	31.37182594406724	31.371825938112636	19.789598037084204	19.789598040528972	19.78959804052886	19.789598062225792	16.702894962240606	16.702894909999998	16.70289490686804	26.70840451494348	208.20643425200956	16.904366435314955	68.38363032678018	240.4671494465128
163.41933966788224	101.47470222504387	101.47470221	101.4747021675	131.9236697018232	54.26330108735851	54.263301133129374	17.21515035572793	17.215150390315046	59.3878349337034	59.387834994214245	59.38783501342448	246.33497191068352	197.99760614575973	39.765458142650004	39.765458147882185	29.14039493912992	19.789597997135303	19.789598037084147	19.789597997135388	19.789598052592623	17.358019062300542	16.70289499500001	16.70289492532558	26.708404509648176	26.70840451656113	39.3350700344275	2.3491989426123325	251.79655290307238	0.8620454297918343
13.230052199728306	33.88220377222501	101.4747022250439	101.47470222504387	101.47470254999996	55.591481114884544	107.57693860302297	107.57693863578461	54.26330078653103	238.91702878468584	238.9170287264257	238.91702881289024	59.387834842137494	59.387834855295864	69.41275088477516	76.58152344948209	19.789598029329966	19.789598127316168	19.789598040961238	17.358018794225302	17.358018742608067	16.70289499500001	16.702894748004326	26.708404511961646	28.46916505130949	28.46916505365715	41.741498562291895	249.8592811159813	91.65999870523359	196.07676333854985
235.46761687870855	112.82603105762448	78.59432822042169	101.47470226911383	50.00708045501935	119.7995414406779	59.219571886480736	57.13720085558742	93.72383928884992	183.64803809427065	183.64803834772385	238.91702878406875	238.91702881603553	238.9170287808528	59.38783484000024	17.358018664233242	17.358018752795402	17.358018749399633	17.358018750894644	17.358018729229315	16.702894740000005	26.708404509648176	26.70840451494348	28.46916505130949	28.46916505365715	46.8781484813849	182.12990281289	239.17971749510866	250.85972086593728	132.79864183464656
232.0606177008151	138.93782854233848	25.274994830670693	9.52957811800195	143.7916034413019	44.54927739797171	44.54927739797168	44.54927740819605	44.54927742864467	183.64803827356815	183.64803837275247	183.64803834772385	183.64803830589938	183.64803832109357	183.6480382724728	34.4693620987907	34.469362057279454	34.469362060504494	26.708404650731012	26.708404509661875	26.708404507000466	26.708404511961646	26.70840451656113	26.70840451656113	155.65596279056598	156.3525342773827	253.45694422087672	110.61924454525348	145.92244167606395	189.01550004410382
214.81875824891648	240.4417897919564	30.374465792951497	89.85526494981661	71.99616450855797	34.5847766104294	44.549277454616686	44.549277398184216	44.549277398184216	44.54927743610591	44.549277424826414	44.54927744258788	107.00608470966142	34.46936202923564	34.46936203652385	34.469362032053425	22.81110501871501	22.811104907829986	22.811104907830014	22.811104907829986	22.811104912350004	11.948220162124358	11.948220099896105	11.948219983986576	54.61283193544992	156.35253413506442	156.35253414793394	95.24636675656785	182.17227225520264	12.704527671893743
10.107975875983385	10.240637656680889	12.232906163802994	18.156002412456957	14.51576904090976	30.374465792951497	29.835085760136963	30.374465792951497	56.758671672870065	44.54927745198745	44.549277398184216	44.54927740819605	44.54927742864467	34.46936195479219	34.469361966697875	22.811104902797297	22.811104906555926	22.811104908487295	43.24568836698825	11.948220136761591	11.948220110354839	11.948219982033066	206.5914137019854	69.25617754596345	156.35253399644353	156.35253416029337	156.35253415116733	13.361732746505254	188.3310340867775	255.0
1.0882395898767925	9.778564272251089	10.469090419651991	12.232906163802994	17.510779192640427	24.336367425052657	43.54940524239396	45.684891360443885	30.374465792951497	45.684891360443885	40.76568839783258	54.61283193544992	44.549277398184216	44.54927742864467	39.3350700344275	27.474963327120207	27.47496344618324	11.948220157850898	11.948220097151506	64.16806677496876	60.62558321035107	17.6386206740616	0.02372099121404858	5.691064970651382	255.0	156.3525341232151	156.35253405403938	232.0411145715564	1.8345801537450086	255.0
