254.81156494072246	254.99318951037037	254.9104295831928	254.8110428517425	254.74942678971323	253.19851950120193	252.81949382802208	249.78070175438597	252.45	163.2	236.40536073564152	255.0	234.4260299209701	244.8	246.53175947324033	85.0	187.0	237.19284426731957	187.0	235.41964285714286	231.8181818181818	241.396355892634	234.45316991930633	234.45316991930633	248.43148606583117	249.1675882504029	253.43971570829302	254.61037062392967	254.26682545279317	253.3680758053313
254.94664524705428	254.88455331518767	251.50149917233503	253.68217054	252.52363914285715	252.819496430633	231.8181818181818	244.63714146115146	246.04766837771098	231.85068295258526	224.42215248279194	223.125	247.40982989770743	173.86363626485021	226.02272714430526	240.5137056586556	255.0	244.7754328662698	239.47255574614064	224.83756537576556	238.72545290334648	224.4977973767349	230.7400727888394	227.25879997873307	234.62676726972012	240.96826818783455	243.02638189124085	253.49650829081634	254.61037062400035	254.82767142092155
254.88222754810195	141.66666666666669	248.4734312021664	254.745	227.54798063576987	244.63714137029476	245.7923879922514	245.7923864955364	236.2239089832887	239.0625	238.23265485011626	217.21847516821984	210.71460247048827	213.1919436960543	204.83430624799365	229.50219426488175	208.0172516033742	211.0200737402704	226.15446573143683	203.11114458763362	219.9051608689091	201.97775628626692	253.27702704414034	178.5	231.7582768937936	160.41899261915654	251.61849963399723	254.03784825725657	254.41028585307873	253.1334426886893
195.43973795578128	236.86666666666667	226.21922258834715	163.21631997028942	169.56501623935765	179.87080487080488	240.915697625	236.22390882501745	234.6574822935561	252.45	250.75883575883574	164.15756132083612	255.0	226.9054470709147	164.15756132083612	236.66842859920266	124.46140735335652	221.45639789038216	171.94864310472065	213.4548738990939	215.22817597681433	223.71035159609127	205.82931354697573	232.62244897959184	178.5	241.51286770979794	247.1483580203248	251.61849963426943	253.0362557267805	234.74073840725805
254.91759984187618	196.07285362594217	158.4704510253784	244.70808939663974	202.39685129777942	144.23076923076923	238.16935380470738	241.15384615384616	223.19238919994498	233.91499024915373	122.62256540045016	213.46153846153845	255.0	180.02651824055465	191.25	255.0	107.57693860302297	182.68374164810692	182.6837416481069	199.60663298615287	226.1544657236537	226.15446572400214	245.76923075810998	173.07692306909155	249.9	217.70408163265307	249.95458759656475	251.61849963308478	245.3873298933351	254.898
253.87302095802147	249.36720714937633	93.82866878006695	253.1786038646665	197.93421984996212	118.05673103080403	255.0	223.19238908327623	214.77315193148135	223.06228323829743	27.649170714241762	212.5	199.36363636363637	229.5	102.0	204.0	174.26734240501182	107.57693863578461	107.57693863578461	210.61276026111545	201.5666325074319	255.0	236.9506172839506	86.14864864864865	242.25	242.25	255.0	229.92944924897589	253.72243052380227	233.68893922877714
253.72837045112968	141.9119362790659	81.45654775636876	176.6355750324311	255.0	255.0	216.6848764424506	214.77315197511317	221.7885814160465	221.53216130625	255.0	142.64109977241367	153.59855022437006	153.59855022437006	195.1231872641474	138.67154256204066	151.64411389058927	186.29763938967693	186.29763942137203	187.9893679233175	186.60295848380616	107.57693860302297	155.92407141694895	155.9240714165371	146.3255033311534	210.4818435724793	35.70000000000002	200.68047337278108	207.74677727381237	233.68893922939844
249.36720714937633	8.961079834121506	120.45272032475691	255.0	255.0	255.0	255.0	205.1495233772481	221.14672510171454	221.7885814892242	190.8199153710995	170.56700578003705	184.9787685774947	153.59855022437006	165.551917321458	123.31856622189565	46.79337186336562	156.80884639233767	184.33889987198404	186.60295843191352	148.68851443583114	137.30769230769232	123.74433574514114	255.0	157.75423725517095	157.75423728813558	146.4148351659078	141.8585639287922	207.74677726930025	254.3625
251.17495371936624	116.34586382986174	0.8154567715002088	215.76923076923077	215.76923076923077	215.25129268128381	205.14952279889755	205.14952317869586	205.1495231950634	255.0	247.48243394267158	170.56700575747055	131.47244230195258	184.9787685774947	204.82332183134946	184.97876857749475	157.7303616906436	171.66068492135275	197.98026656101072	218.93755415334584	179.46010650263685	194.00576368876082	106.3953488372093	123.74433574470626	106.65900602209558	151.40625	229.5	35.915492957746494	118.22387695312503	208.18359375
254.53880268237285	230.70979388572587	110.6002164271388	98.07692307692307	204.68753368860098	255.0	205.1495231844646	205.1495231705121	205.14952317869586	205.14952294388894	247.4824338934481	131.47244187601433	131.47244187228398	131.47244204382343	204.82332183700547	178.24582935570646	178.24582935570646	168.47931267670623	176.98555754965767	176.98555757260283	18.52272838024936	121.2351165520711	121.23511655308766	109.73164704749999	120.1224366710625	110.48748159057439	102.159209157128	86.66015624999997	136.67164579906682	66.40199999999999
55.84327220533535	110.57761450495741	120.63919940618567	255.0	255.0	255.0	255.0	205.14952279889758	205.14952308807284	205.14952294388897	210.3750000210375	131.47244185722047	131.47244187228398	131.4724422846429	131.47244221914983	141.43983617152838	141.43983617152838	179.62272376272728	187.15759001679373	176.98555751030182	176.98555752897448	98.47620975692575	96.1689536423826	96.1689536183813	145.82086871903255	120.12243681713912	75.072	123.76417769376181	118.22387695312503	253.7306811256356
205.5238711275561	212.78881636286692	98.07692307692307	199.67219201576185	164.1671677880119	255.0	198.22220509688958	198.22220466286083	255.0	255.0	210.3750000210375	119.12138598737974	130.08527787244424	130.08527788731965	174.1051746966285	174.10517581281044	174.1051756634406	174.1051775970662	174.10517715933332	159.69191216583076	88.24005645227504	88.24005642567144	88.24005645227504	88.24005647560503	88.24005653624118	67.07272727272729	86.66015624999997	92.89861861861863	92.81165994623655	254.03784825725657
251.17495371936624	255.0	194.24785373032108	204.3177098185135	188.14051873471715	188.14051877396443	164.16716718453165	164.16716729272787	164.16716728511167	164.1671673354017	164.16716740492876	127.5	255.0	121.48008334459107	231.0523712320873	231.05237123124334	141.58316878751884	174.10517329352115	174.10517561300907	174.10517591681736	88.24005652226498	88.24005637038664	88.24005642894511	88.24005649360336	88.24005638228519	81.73972602739724	66.50841346153845	158.4968704434956	254.745	213.9987611549603
212.8157832176015	73.70757177570857	166.7599436177149	166.7599436177149	188.14051879787803	188.14051874504548	188.14051874504548	188.14051871587807	164.16716722720582	164.16716728644678	153.0	140.9605332114484	57.477849466180345	146.75959332381697	146.7595935030827	121.48008336943619	110.37543752363632	159.7052383049829	132.9952892150031	79.92537313432837	60.50847455978885	88.24005628980768	88.24005642567144	88.24005641728013	88.24005638228513	47.8125	114.71544715447155	234.98990923082266	245.1478911098111	246.69767441860466
6.3507592535486594	167.27740032441693	166.75994361771484	166.75994358271987	166.75994371019226	166.75994371019232	188.1405187554882	188.14051863938033	109.71452417934529	255.0	107.69760070818518	174.36191973458108	111.2424481538797	108.2404064969173	108.240406676183	69.51851539679001	120.1815687754372	148.2549192113517	79.92537312836379	71.98564585398546	71.98564589488635	66.85948136061967	66.85948128412193	88.24005628980771	88.24005628980771	57.580645161290334	72.06521739130434	148.9778973017167	213.9987611549603	233.14285714285714
6.3507592535486594	167.27740033679703	166.75994346375884	166.75994357105492	166.7599435743285	166.75994357432853	166.75994362961336	79.14124995022891	123.80324627575328	99.03441794641486	99.46763643396596	112.28926481732589	115.08791618135834	131.53870465131843	131.53870470280987	69.51851547573813	131.53870468094368	131.53870468094357	131.53870452367676	23.947628768756687	66.85948124451181	66.85948127091856	66.85948125495452	66.85948120212197	66.85948126528285	40.79999999999998	72.06521739130434	114.71544715447155	178.4293315236146	0.8101252578056517
167.277400676434	167.27740033956917	167.27740029528698	166.75994350639664	166.75994354772496	166.75994354772496	166.75994347773502	94.4710608804024	90.3502614929709	90.35026150188719	92.27022052224171	88.77123324384903	131.5387044592908	79.13702451198276	79.13702451121998	68.54692962268527	68.54692961308885	23.947628767912732	59.27165446608345	43.710155752232964	51.00000000000003	60.51644841376606	66.85948122603557	60.29771591356263	39.66666666666666	47.8125	55.32780798423815	22.040819881997436	147.8868394863889	233.78140421226328
51.314431046086014	167.27740037830705	167.27740029411245	162.61140868146865	166.75994352439497	93.74087836933353	95.27040369587678	94.47106092620817	90.35026149920694	130.43256249014317	87.89708904445689	90.350261449118	90.35026150400293	90.3502614867349	79.14125000617318	65.2749799361676	65.27497996479445	148.79149030575675	59.271654525634034	43.71015566540885	60.51644862029838	49.85047705611103	49.85047691192713	49.850477056111	49.85047720110242	37.1875	76.86834869678364	110.80176726785152	80.54297862242385	255.0
51.31443127885325	51.314431259306275	167.27740032296032	93.74087823702345	93.7408782835183	93.74087831766212	93.74087847893952	90.86104336940645	85.71226318700582	94.71404886627016	87.89708904445689	0.0	90.35026153016994	90.35026148570793	92.53482004044815	92.53482003122974	92.5348200205575	148.79149030598987	92.53482015591086	7.517566106551897	49.85047680493656	49.85047682130411	49.85047682948792	49.850476815535416	49.8504766227519	37.1875	76.86834864864738	248.37553180889594	32.38450558904003	29.93654701159801
51.31443127223068	51.314431259496956	51.31443124676326	255.0	93.74087830497211	93.7408781932908	93.74087807358615	95.27040363133281	82.28092489926289	90.86104336940645	90.86104337689636	90.86104336563233	90.86104339678715	90.86104339678715	90.86104337954106	0.0	92.53481998972333	92.53482005198296	92.53482003296793	7.517566057328395	49.85047680493662	49.85047682130411	49.85047682948792	49.85047681553539	49.85047720110245	76.86834867378178	76.86834867179687	0.817201684696272	155.28259413429805	254.80649181489022
33.88220377222501	51.31443127885325	51.31443125525237	81.84941906399308	255.0	255.0	98.16666797710158	78.28877812847395	93.53845685611839	78.20729576286212	90.86104336563233	90.86104336563233	90.86104337085587	90.86104336563233	90.86104337689636	90.86104349025169	94.71404886627016	90.86104343101783	92.5348199807762	32.29988995954315	49.85047662275187	49.85047691192716	30.629914055692495	25.146106171434468	27.0890325898294	38.975602283033396	229.5	204.0	113.09651073434054	86.93341879603767
120.63919940618567	108.28624857065597	51.314431259496956	81.84941901606803	81.8494189640727	255.0	255.0	69.14707984308251	76.24325398198403	83.53530031600263	83.53530037242822	83.53530016926263	90.86104334331199	90.86104334234568	90.86104339936605	90.86104336940642	90.86104338438625	90.86104343101783	90.86104342794204	40.83220574095381	40.83220546520039	36.71439566360084	40.8322056158286	21.288639563990728	23.1534104124178	87.01860934582785	229.5	204.0	178.7570828642064	84.91559138168168
0.1316384024820536	255.0	138.45765371959664	51.31443122021224	81.84941893807502	81.84941894426936	255.0	255.0	255.0	74.68777084500002	83.53530012749496	83.53530011432693	65.52708090805575	86.9953597473631	90.8610433656323	90.86104339936605	90.86104339678718	90.86104337954106	40.83220545720073	40.832205485647734	40.83220548564768	40.83220548564776	16.702894962240606	16.702894909999998	16.70289490686804	13.677418887864206	87.01860934582785	8.604024020739956	191.9637494046866	17.496501886695512
87.91144043345099	255.0	255.0	255.0	138.4576535580009	81.84941888440747	81.84941886008198	75.12034238599617	75.12034243650172	106.09335228777675	106.09335235886684	106.09335236490435	83.53530014398083	65.52708079426648	105.35835079389565	105.35835086952451	86.99535973918776	40.832205485647734	40.832205457200786	40.83220548564776	40.83220548919962	24.515351657313687	16.70289499500001	16.70289492532558	13.677418935710364	13.677418889700078	0.0	141.85603801740157	4.526470552115626	10.756231780998917
255.0	33.88220377222501	255.0	255.0	255.0	55.974874940944005	147.423061396977	147.42306136421536	81.84941897671979	65.53690613395318	65.53690629902769	65.53690621256322	106.09335242320239	106.09335238301682	68.85401124199814	76.55307565676407	40.83220514144887	40.83220535546687	40.832205465200445	24.51535178162149	24.51535192785542	16.70289499500001	16.702894748004326	13.677418931258671	22.121196310911955	22.121196195406753	77.29153778670101	233.99016552225365	57.38437305602787	1.640345978143614
164.98751151336882	0.1316384024820536	230.21151117741033	255.0	49.812955678917774	54.53369803286128	59.219571886480736	56.43861922470225	174.36191973458108	60.82476985491229	60.82476975779977	65.53690612609867	65.53690615828557	65.53690622373679	106.09335224092516	24.51535152163737	24.51535164292565	24.51535173790228	24.51535178162146	24.51535178162149	16.702894740000005	13.677418935710364	13.677418887864206	22.121196310911955	22.121196195406753	46.8781484813849	182.12990281289	154.14292149388834	13.768852152536397	202.3599069591547
164.98467223664068	5.110119186724859	93.55642862262243	51.22154664597136	26.81615525181647	40.651925689157025	40.651925726322986	40.651925711959336	40.65192568323209	60.82476962539056	60.8247695764305	60.82476975779977	60.824769739943065	60.82476978942299	60.82476982169942	16.9399090306367	16.93990903382536	16.939909037289056	13.67741918307621	13.67741895203801	13.677418959633428	13.677418931258671	13.677418889700078	13.677418889700078	17.22864807885489	156.3525342773827	81.9172937756409	23.81396105688802	3.062840877948048	252.18563433379433
7.702077436279694	5.105220368029336	35.642129522906544	255.0	204.3177098185135	127.92890330469076	40.65192570693196	40.6519257014163	40.6519257014163	40.651925738844625	40.65192572855187	40.65192572512103	67.90646787538591	16.939909006020173	16.939909035419703	16.939909007404964	14.39858306113345	14.398583080369207	14.398583080369235	14.398583080369207	14.39858307576256	11.948220162124358	11.948220099896105	11.948219983986576	3.5893330247928077	156.35253413506442	156.35253414793394	69.8692641407165	42.59350858022273	211.06959393996615
10.119592593706471	14.248694439164069	11.76887626687585	21.742031287779838	25.37789974461589	35.642129522906544	30.367762387445367	35.642129522906544	83.83151515604055	40.65192573369828	40.6519257014163	40.65192573673667	40.65192575756399	16.939909030636727	16.939909006020144	14.39858307719254	14.398583072105282	14.398583073324431	20.101433085701927	11.948220136761591	11.948220110354839	11.948219982033066	30.704048922865496	224.90522689180452	156.35253399644353	156.35253416029337	156.35253415116733	32.726923957305985	32.726923957305985	255.0
1.0924360940271924	10.271896143910823	14.270161272380705	11.76887626687585	4.328050675407553	16.806946756908275	17.244664251024034	30.374465792951497	35.642129522906544	30.374465792951497	50.852469013865004	3.5893330247928077	40.6519257014163	40.651925757564015	0.0	24.912388938950983	24.912388975694086	11.948220157850898	11.948220097151506	9.978275190774013	9.289538489285263	1.9580198533137434	8.881604528425072	3.332866372583254	51.55725119257383	156.3525341232151	156.35253405403938	64.30100778842314	253.87283067953172	0.0
