250.12224744869184	254.30283224148147	252.81770851889667	254.20528294810867	238.43058347217612	249.88511018629808	249.07516433177636	244.0953947368421	91.79999999999998	244.8	253.57993458622764	159.375	150.7866270247247	226.66666666666666	246.89441582059902	244.375	227.375	202.999067261534	227.375	193.07142857142856	231.8181818181818	243.53028210986918	254.90509944618108	254.90509944618108	238.68344022344414	254.99816823054044	248.5757898053119	252.28145592126978	254.54881063598796	252.95050801690834
254.91321472197865	251.3474781341108	250.48613593110514	241.66666664666667	239.01098901923078	249.0751666784371	231.8181818181818	232.2600701022118	236.8324160183017	252.31566887066634	247.34247936411936	110.46270871500002	241.25566655046077	217.32954533106275	147.7840908251227	241.00149805456962	195.66256830601094	215.15670696917044	205.5746140651801	200.7889633728879	218.08704342132864	228.33173135313962	226.66709864215798	243.5035434768629	235.36560539571417	240.90648923049724	252.04189983768876	239.96020408163264	252.28145592120853	254.95070022316696
252.4796417263997	254.55729166666666	251.39664803983896	124.44	228.2809592022531	232.2600700887586	235.7905389369784	235.79053774789386	217.2442115108681	227.109375	240.33964085983095	92.2834513361147	247.23041667511615	121.26300871212126	244.11546033089354	230.26078298114462	203.49007306262314	198.2230643179025	199.3399857031856	231.2093181782348	219.7691807591578	220.06286266924565	175.74324325511776	239.0625	230.74419532707378	239.39502497315115	242.649287757214	245.37461073456677	252.9630018198446	254.4250171491002
195.43973795578128	252.00729166666667	224.93448351310875	119.186403675659	239.88026369342234	246.13899613899613	226.562499875	217.24421158575583	216.03684334875385	91.79999999999998	89.21591921591923	4.906357343828205	106.25	194.53381294964026	4.906357343828205	196.6904810723863	209.2827924555155	222.30618713482266	225.9137655201114	214.81687561879656	215.15087688564233	241.6676159134599	221.92923246583632	240.25510203864795	239.0625	244.46178764727523	242.03527881842305	242.6492877509666	254.1474038594661	249.8844623655914
29.032796099065564	244.1614764151662	237.74686816295727	233.0330166856263	199.41913413010727	230.76923076923077	221.10315221053014	64.61538461538461	196.02272722942405	219.45838696956417	248.31835339300702	184.6153846153846	106.25000000000006	63.298014945815396	80.35077285	159.375	203.36951618612244	250.1726057906459	250.1726057906459	200.36098205770642	199.339985664784	199.33998568104528	169.6153846077097	246.30177512347052	173.39999999999998	230.4251700680272	247.260022256564	242.64928775021315	250.61587979349764	228.888
50.33332855197983	209.23597840823317	215.27328512561314	127.89018442152073	78.37140964297097	182.85541720810537	24.712053314999963	196.02272726025308	183.20509161951856	201.916662547212	133.6546210105065	191.25	159.8	51.0	204.0	170.0	227.92329001435695	203.3695162742573	203.3695162742573	176.38916761943534	208.50779841086128	255.0	197.91358024691357	247.67736486486487	223.615384635	223.615384635	255.0	195.57350933090578	242.22015952852715	246.83830501154958
227.04990510908172	8.997789915593472	226.62029699044643	255.0	24.71205331910832	24.712053392938373	185.06869107936723	183.20509171567204	199.89406801802284	196.5149550375	76.05555890942463	210.57917900615263	216.97445633413878	216.97445633413875	196.27146811910603	92.72609664148112	29.911879676151017	103.22212602022182	103.22212603126371	188.78111145533958	218.2041224058042	203.36951618612244	179.94915694781082	179.94915694666196	169.4295301729145	183.77094971810376	233.325	158.43195266272187	230.85504893769397	246.83830501186185
142.20405037457192	10.576809263778216	204.1236811125233	24.71205331499999	24.71205331499999	24.712053337565862	24.71205318218054	169.22352971626927	198.8770296544664	199.89406785851048	164.95577479194338	193.07218703770428	186.24203821656053	216.97445633413878	76.83373225530906	171.06922497466377	202.9483429658414	196.7413491950618	129.33462803603896	218.20412242197636	169.5604956960876	98.07692307692307	159.08314604889273	255.0	191.03389827475726	191.03389830508473	229.99577346294868	192.10888161614093	230.8550489305185	251.137278105
64.50058671583639	252.66774463321696	39.888472203023525	39.230769230769226	39.2307692307692	189.55608177734427	169.22352971626927	169.22352976607038	169.22352979423357	24.712053569999966	132.13017189272227	193.07218702601972	203.6168272666137	186.2420382165605	135.28823220170915	186.24203821656056	142.5453717720834	171.87186072173182	165.54008195968186	110.75021661338337	193.68157717698136	94.79827089337175	197.09302325581396	159.08314596678946	154.714162597078	193.375	229.5	234.73340040241447	233.646240234375	236.5125
151.79205740044438	238.30960184579496	145.2611952026627	196.15384615384616	159.9728533654103	48.26781203322804	169.2235297162693	169.22352975198876	169.22352976607033	169.22352954305916	132.13017190042035	203.6168268329246	203.6168266011681	203.61682664116486	135.28823216896788	132.15248570536727	132.15248570536727	170.2818308146928	142.22258560518287	142.2225856503183	180.65536333524278	144.54133825255747	144.54133823238757	152.5103386725	171.62462679226644	154.43587781879387	181.29205689255983	206.19140625	215.37207359101743	253.157625
57.59501372103463	228.99745800001645	14.598502146010901	48.26781180431158	48.26781189348836	48.26781185407657	48.26781186617356	169.22352971626924	169.22352971626927	169.22352954305913	107.88461550328847	203.61682526637765	203.6168266011681	203.61682665714363	203.6168263521654	185.8713255713185	185.8713255713185	180.94104657253513	134.34745326600202	142.22258557098235	142.22258558162173	144.23634495898142	145.27042279976573	145.27042286025144	58.37755466921851	171.62462678810277	186.048	153.6507561436673	198.76451280381946	244.33119278595427
168.22075911500863	235.20731904856945	196.15384615384616	89.73158875686966	134.92552669983712	48.267811884079265	169.5586450111735	169.55864449014123	48.26781189710451	48.267811874670144	107.88461550328847	190.9132092851557	130.08527787244424	130.08527788731965	175.47626979274662	175.47627087701335	175.47627075955853	175.47627269318366	175.47627054965506	159.918527047275	121.94760011217545	121.9476000837924	121.94760016568782	121.9476001486272	121.94760020522048	138.47272727272727	161.92057291666669	174.99483483483482	174.83102918586792	245.37461073456677
63.462145097914004	0.0	27.73548727941244	0.0	151.85900071552433	151.85900063316592	134.92552639809696	134.92552647917762	134.92552649867702	134.925526548967	134.9255265408837	43.96551721499998	106.25	223.891657602831	67.29740408320612	67.29740400754042	141.24460867775986	175.47627087701335	175.47627068059842	175.47627101683364	121.94760011450586	121.94760002307837	121.94760011139871	121.94760014629509	121.9476001098451	119.84682440846822	137.30769230769232	16.651445557913974	124.44	16.2415109079993
243.66802796416331	169.76514915475138	133.05239999717958	133.05239999717958	151.85900067005628	151.85900068235307	151.85900068235307	151.85900066834665	134.92552647917762	134.92552649974633	112.20000000000002	107.77568139329088	140.9605332114484	99.42423921575457	99.42423906594104	223.89165760437334	180.58874701277793	161.12355631670954	214.13637284854428	98.955223880597	95.0847457275496	121.9475997123536	121.9476000837924	121.94760008425413	121.9476000028204	143.4375	2.764227642276353	76.05595081262354	124.24651032328526	246.69767441860466
14.608717150046715	18.110407652639083	133.0523998901549	133.05239991574587	133.052400041213	133.0524002876464	151.85900066834665	151.85900070694663	31.871030128269922	76.05555890942463	106.28533915752513	26.921066246994428	116.0792746577483	155.575760934059	155.57576078424543	187.96331166415717	118.44018453281348	149.6578996220438	98.95522385418246	115.6861886785874	115.6861887443182	103.14099929305337	103.14099933165332	121.94759995878704	121.94760020522048	117.90322582016131	94.2391304347826	0.0	16.2415109079993	233.14285714285714
14.608717150046715	18.11040765795508	133.05239979477955	133.05239988860131	133.0523999162076	133.0523999162076	133.05239997692163	67.74036819888434	86.06483505285027	98.96135746171771	99.74176781744438	115.04282948383323	44.50077237802324	133.03088361609295	133.03088385732707	187.9633116173684	133.0308837235349	133.0308837776721	133.03088340575727	187.70259599245958	103.14099933165332	103.1409993052466	103.14099931764693	103.1409993299437	103.14099928447567	122.4	94.2391304347826	2.76422764227641	50.806252099826764	233.04802957720452
18.110407485961844	18.11040761096976	18.110407716739473	133.0523998537049	133.0523998343122	133.05239988782452	133.05239988549414	56.54596098500576	49.81854631398758	49.81854632943137	92.27022052224171	90.26700653262091	133.03088354451194	96.30995486581779	96.30995492590611	86.75397737087087	86.75397742664805	187.7025959167939	74.93339497467883	116.91662431789157	78.81818181818181	100.55231160983584	103.14099936683408	101.99731491799494	90.66666666666669	100.9375	165.26841124313032	20.871593288260243	23.394770912697254	245.15717305391664
139.03703095246834	18.110407472613787	18.110407735977645	113.69365430301343	133.0523998513728	61.39098860759097	55.94987660333982	56.54596103606224	49.8185463174261	90.75667501944116	92.01912809687695	49.81854633744473	49.81854630483616	49.818546310549095	67.74036820026271	80.90631783035923	80.90631781363777	148.79149030575675	74.93339511418472	116.91662431860757	100.5523117289919	85.77647045694087	85.7764702837307	85.77647045694087	85.77647028373076	84.99999999999997	48.26781180431158	208.82296368761874	76.65311761301916	255.0
139.03703093928408	139.03703093488934	18.110407677549915	61.390988412064274	61.390988521775824	61.39098854836905	61.39098852458346	63.63770305065941	85.85712363330862	86.73433490062484	92.01912809687695	80.88657374489713	49.81854625639278	49.818546315705674	108.399462500445	108.39946249057508	108.39946249424091	148.79149030598987	108.39946256940007	122.86982809957968	85.77647020576643	85.77647023392964	85.77647024801124	85.77647028373073	85.77647028373073	85.0	48.26781189348836	180.09892982950544	103.54651440846217	237.2394010006285
139.03703089392366	139.03703092269996	139.03703095147625	48.26781203322804	61.39098847886822	61.39098844787836	61.390988749621755	55.94987660288163	82.57027610175311	63.63770296657833	63.63770301386472	63.63770301960952	63.63770300753052	63.63770300753052	63.63770304385264	92.01912809687695	108.39946246332266	108.39946248518629	108.39946250420127	122.8698281072777	85.77647020576643	85.77647023392962	85.77647024801124	85.77647028373073	85.77647028373073	48.26781186617356	48.26781185407657	80.44647781030858	149.08435118086652	229.40831978714462
64.58380336909639	139.03703093928408	139.03703093229205	22.346405085007376	48.26781180431158	48.267811874670144	108.87438592237004	76.46878605518785	76.82186474148895	78.2125279200348	63.63770292280756	63.637702922807506	63.63770300333604	63.637702922807534	63.637703013864666	63.63770306809573	86.73433490062484	63.63770307696254	108.39946248183276	53.06340143930785	85.77647028373073	85.77647028373073	68.02492841388053	56.79319510416292	65.40425432226871	74.2668978166866	51.0	204.0	34.86767382923415	243.6455239587282
190.0374214309038	60.66363235609373	139.03703092269996	22.346405176303733	22.346405133493164	48.26781186617356	48.26781189710451	69.55331387564931	76.63171563611971	156.85201965122593	156.85201952787548	156.85201928215656	63.63770298756157	63.63770297706995	63.63770298756157	63.63770300861887	63.63770301911049	63.63770307696254	63.637702995451605	52.783789891490585	52.783789622761674	58.36161540657767	52.783789620438796	71.11688495753404	55.90201636104911	1.868192204033079	51.0	204.0	107.55587800875907	184.25962860203032
239.08100158428996	24.712053314999963	43.64899136218696	139.03703092609982	22.346405112087865	22.34640516769761	48.26781189348836	48.26781185407657	48.267811884079265	23.021998740000015	156.85201942855372	156.852019363632	38.31252923444126	77.50541530961044	63.63770301960946	63.63770298756157	63.63770300753055	63.63770299545163	52.78378961242052	52.78378966383238	52.78378966383235	52.7837896855292	42.7102272806211	42.71022727000002	42.7102272806211	54.4541696040971	1.868192204033079	47.301866732386486	119.24612916788854	254.7326054727054
187.0810621177804	24.712053392938373	24.71205331499999	24.71205331499999	43.648991361716554	22.346405073093763	22.3464051659557	79.4905524705139	79.49055247102135	107.44858596414417	107.44858603037778	107.44858603603305	156.85201942708807	38.31252923599334	59.54701793242896	59.54701794023359	77.50541532774241	52.78378962043874	52.78378961242049	52.783789620438824	52.78378965378536	40.133156510652015	42.710227312499995	42.710227243706015	54.45416954274279	54.45416953820231	140.10294706507483	199.02611926172875	219.9819302699718	253.43692242587616
168.2803089808282	64.58380336909639	24.712053337565862	24.71205331910832	24.712053569999966	56.01470159732722	51.63048381387759	51.63048372574269	22.34640506118015	129.7728092144672	129.77280919517102	129.77280919517102	107.4485859114996	107.44858605299888	68.90577740243185	76.55800763055723	52.783789291985585	52.78378962043874	52.783789622761674	40.13315654544411	40.13315646354394	42.71022718500001	42.710227188424795	54.45416952882465	30.727118881624307	30.72711880374837	199.0402210403547	6.698725380804774	168.28827344548938	201.11640109722418
29.64433358225503	187.0810621177804	8.243919034382401	24.71205318218054	49.971581929069174	49.509782498504364	54.513349835942535	57.407845320123045	26.921066246994428	1.157359367268441	1.1573591805680508	129.77280913752796	129.77280916350668	129.77280918194748	107.44858591729255	40.13315628545999	40.133156487098006	40.13315647924668	40.13315650211342	40.133156480448065	42.71022744000001	33.192753538756875	33.19275349477999	30.727118881624307	30.72711880374837	46.8781484813849	182.12990281289	133.52250746084923	240.1472276360354	190.56744663084754
254.1495082402745	0.27161352676841943	30.62480708177469	79.70329312867574	46.96371222022785	127.44618676033441	127.44618676033438	127.4461867541427	127.44618674175926	1.1573591811169592	1.1573590887866203	1.1573593015112067	1.1573592740199672	1.1573593009622982	1.1573593666365412	29.1813336686657	29.181333626159102	29.18133362762569	33.19275362671067	33.192753564043755	33.19275356074533	33.19275354494485	33.19275350674701	33.19275350674701	0.0	156.3525342773827	88.45011084041315	12.704527671893743	1.8394799680673941	254.85798216496303
67.80195572401772	147.43716601652534	255.0	0.0	0.0	55.84380916237194	127.44618681605982	127.44618674824905	127.44618676439003	127.44618674824224	127.44618678053783	127.44618678054236	179.36346983285068	29.181333596356808	29.18133360490583	29.181333598742327	34.913078988060306	34.913079058582525	34.91307903982951	34.91307903045296	34.91307902353239	30.552260506749775	30.55226047270537	30.55226060888299	185.3239164562707	156.35253413506442	156.35253414793394	67.76493557259604	2.269728266341758	57.48914993072401
10.133325807120485	9.464901722471325	12.470002213881145	17.765628853234233	22.45939534186695	255.0	30.047539051476775	255.0	143.7916034413019	127.44618674286876	127.44618676439003	127.4461867541427	127.44618674175926	29.181333380668747	29.181333533819043	34.913079050879816	34.91307901466439	34.91307901762042	40.201349510529184	30.55226047901371	30.55226045260693	30.552260409285054	52.10880364579657	20.283443501017388	156.35253399644353	156.35253416029337	156.35253415116733	59.27073938964634	74.88559461365998	255.0
1.0887534279313797	10.09359668675603	10.10408355985706	12.293725000522699	86.7478328703559	19.33078732987579	125.0970780701806	27.01249382867556	255.0	40.76568839783258	27.01249382867556	185.3239164562707	127.44618673210807	127.44618674175926	140.10294706507483	99.75527973860409	99.75527968496834	30.55226040461659	30.55226047901371	20.749808367336158	19.37339415290012	5.553337593788115	0.25415063555252004	1.2698106408148533	69.25617754596345	156.3525341232151	156.35253405403938	186.85638179155268	1.2388678682298178	0.0
