253.33528986364186	254.9912793651852	253.46867448592863	252.63681322604646	250.46330618465424	244.0886026141827	236.1508943044446	208.02631578947367	252.45	141.66666666666669	253.2699271433937	242.85714285714286	252.4414539647927	199.46666666666667	245.5503335599789	68.0	119.0	208.8128617875814	119.0	235.96607142857144	185.45454545454544	236.51090149572306	254.86068612743122	254.86068612743122	238.93354754128896	254.99674250480925	248.73209333468677	252.1366909200521	249.0249959149271	254.39517024244273
254.99358678966323	254.89395139874495	253.9031711458503	253.50877195666666	247.03585886813187	236.15089639331774	185.45454545454544	234.26755802042922	225.8141553021112	251.85900806999177	224.42215248279194	251.015625	226.93544952044806	165.1704544516077	191.24999989133522	239.21148503052467	251.9808743169399	236.14290003548683	209.43825042881647	176.76647648137032	218.5881128726225	226.1976246546534	243.62464462067425	243.32110019877987	235.30239307848973	240.90418583064874	251.9671269431414	253.5792531887755	252.13669091992494	250.7259012704269
254.7325635498395	117.86666666666667	246.52749193235877	254.745	232.0556224250264	234.2675580568687	211.5951851581044	211.5951848626107	220.15020550831431	175.3125	238.41476432032982	250.26518098541447	246.10425669082215	244.75330333615753	242.77900393620695	227.50115903547174	174.29246534032734	168.60712822613684	198.35868983092945	230.8627524303659	219.54186810909684	169.09574468085106	244.34889435130737	212.4999999915	231.5713503139985	239.1572348519349	242.2145840003592	246.81657896051559	250.12463051826234	245.73942032687947
195.43973795578128	182.46666666666667	255.0	254.95777684269885	241.25169247019966	154.8024948024948	209.7039473125	220.15020545199928	218.80655207012694	252.45	216.82952182952184	214.90402706574835	212.5	183.7677286742035	214.90402706574835	235.49966264076897	59.192110982952954	219.22995088525008	130.42296458810827	214.80417697993823	215.55473081293692	180.52160976765936	170.8382015553942	189.74081632653062	212.4999999915	216.1337535786101	225.3123315783187	242.21458400128896	238.2989762598917	253.2671640985023
8.181510248356659	241.75575622338354	122.66934506057439	244.70808939663974	246.27181217971483	120.0	201.23551406793217	185.76923076923077	199.94318194996254	193.1551943159599	219.31316083102053	158.0769230769231	212.5	236.07228130985408	239.0625	242.85714285714286	150.69541992462155	249.13140311804008	249.13140311804008	199.11354431331876	198.35868981358482	198.35868981564346	234.44055943939185	212.01923075963714	250.363636359	170.40476190476193	231.16131322937213	242.21458399680984	227.03622054856157	254.9157024774
176.12630366162776	232.20943840170358	254.9724883392189	120.9393234240963	37.35612484949172	108.32857204174329	255.0	199.9431818454468	187.62437012959788	165.6815354757319	42.13277219989652	127.49999999999997	148.36363636363637	229.5	85.0	136.0	225.4936705323775	150.6954199654283	150.6954199654283	177.10109420265826	159.6823215717365	182.25363355128246	237.4543209876543	195.27027026452703	248.625	248.625	218.74489795918367	251.866181156122	253.792741756846	252.5117493971761
202.53734648940704	84.55173125573538	185.00412339104878	246.164632961593	255.0	255.0	189.56134465136623	187.62436993766954	162.64496004221942	172.49746957500003	183.35567747190316	207.01407690636805	213.80566102865032	213.80566102865032	192.1589865934445	197.17697903237482	173.29887694507187	131.13911055083972	131.13911053355895	187.7856490649852	143.1339518469192	150.69541992462155	155.92407141694895	155.9240714165371	159.16107379879844	219.51498221655706	61.19999999999999	241.42011834319527	244.83028467414658	252.5117493984381
252.39912144243013	0.14899441657601642	5.125820289208178	255.0	255.0	255.0	255.0	174.10085687461526	161.12574895804937	162.64495968384915	100.05556928287305	159.81674224390738	181.7303609341826	213.80566102865032	213.1919436960543	68.7743304215592	36.63104617439788	196.14927114821342	185.33184525518863	143.13395185934223	112.85030326659154	196.15384615384616	194.78300801390296	138.16998792674127	219.34322032689602	219.34322033898306	208.0631868147111	210.3803699523622	244.8302846731755	254.840625
254.91005988010488	228.3522775997422	142.25180033825143	137.30769230769232	137.30769230769232	147.27343765749194	174.10085687461526	174.1008566920314	174.1008567185933	255.0	186.56219392591967	159.81674213245464	199.64681507924158	181.73036093418258	177.9391677208048	181.7303609341826	112.88508912793338	173.0273610427304	214.6809597774585	220.61580695853775	125.99964405119957	145.50432276657062	110.58139534883719	194.78300797050167	175.22550990521586	215.15625	246.5000000085	191.54929575754528	192.744140625	246.18840144230768
205.5238711275561	247.6941814350445	165.86868026630134	78.46153846153842	166.0982574665381	145.77907817165195	174.10085668183177	174.10085667875052	174.1008566920314	174.10085646741882	186.56219390288402	199.6468153110405	199.64681442677048	199.6468147704996	177.93916778388672	132.9795418058603	132.9795418058603	169.84629559662358	141.13108200822398	141.13108202171014	32.69615388253618	121.2351165520711	121.23511655308766	179.81009616	165.85953589599802	140.94916129525848	159.20915712799166	155.390625	196.28948340102716	107.71199999999999
35.1855564491093	245.36463531585886	5.079067937768031	145.77907817165195	145.77907808376273	145.77907803167864	145.77907805172396	174.10085571791421	174.10085658544	174.10085646741882	175.31250001753125	199.6468137632763	199.64681442677048	199.6468144870708	199.64681484906401	185.2146353105552	185.2146353105552	176.2393190516103	188.11092654362753	141.1310819534325	141.1310819843094	138.8168538756463	139.39917808277937	139.39917794970987	137.0138375699919	165.85953580240601	115.362	167.14792060491493	192.744140625	246.57537263165258
205.5238711275561	252.78306040569692	78.46153846153848	171.22595652423234	73.33433497254356	145.77907805534517	128.608094272294	128.60809432280547	145.7790779917599	145.7790781263448	175.31250001753125	186.62518094210395	70.48580888296851	70.48580892210882	170.593147324864	170.5931471672149	170.59314732486376	170.593147324864	170.59314828934004	159.83408451455767	162.42391804967446	162.4239180351843	162.4239181031868	162.42391808046344	162.42391800536228	108.79999999999998	155.390625	143.20432432432432	143.07027649769586	246.81657896051559
254.91005988010488	138.4777707241397	108.33134455917761	204.3177098185135	123.43653477637227	123.43653487453517	73.33433436906324	73.33433458545571	73.33433457022335	73.3343346708034	73.33433454776932	191.25	212.5	220.25472427986313	171.79522191309852	171.79522185563917	165.32030355390418	170.59314653739273	170.59314758856138	170.59314708484766	162.4239180350167	162.42391805009532	162.42391805456035	162.42391805009532	162.42391806433218	107.65255292652552	107.88461538461539	122.70556297456761	254.745	95.20269985088166
113.50976577181612	57.70016904383286	92.57608204269255	92.57608204269255	123.43653473918013	123.43653475486553	123.43653475486553	123.43653473802459	73.33433458545571	73.3343345728936	102.0	80.80183696608975	46.793371970183046	100.19633634801389	100.196336080875	220.2547242731198	176.21406010886756	156.0920307291314	67.90646787538591	79.92537313432837	112.37288134384517	162.42391800536228	162.42391803518433	162.42391803024714	162.42391795730748	95.625	170.69105691056913	70.91359282276508	174.1680696436964	246.69767441860466
46.616404015460404	79.55480064883383	92.57608193566782	92.57608196975286	92.57608199463772	92.57608199463769	123.43653473802459	123.43653478623628	180.02651824055465	183.35567747190316	106.77611076880828	174.36191973458108	116.59048085517523	154.80366391912503	154.80366365198608	107.34873203671913	121.30568988812499	144.6928354812983	79.92537312836379	110.11363615618546	110.11363636363635	131.56346521376372	131.5634652619754	162.42391800536228	162.42391800536228	98.70967741935488	105.32608695652172	0.1683247335931526	95.20269985088166	233.14285714285714
46.616404015460404	79.55480067359403	92.57608199463775	92.57608194543965	92.57608196481567	92.5760819648157	92.57608194990465	48.902869866739024	77.30725391540136	98.75500650283348	99.38212193724118	117.44375140205685	165.551917321458	127.77261667200567	127.77261634314675	107.34873203359001	127.77261644313182	127.77261638899469	127.7726161186561	83.2047781443608	131.5634652619754	131.56346526197544	131.56346524513447	131.5634652608199	131.5634652236277	66.30000000000001	105.32608695652172	170.6910569105691	201.42729657638873	32.403198531068625
79.55480077005168	79.55480067913831	79.55480071713092	92.57608194990468	92.57608189681324	92.57608195032554	92.57608196498327	60.7533565344452	91.34656689503862	91.34656688619415	92.87162219751264	88.77123324384903	127.77261623757138	45.42216754140833	45.42216759800701	47.4872063000866	47.48720629095686	83.20477808690148	59.27165446608345	86.0111301907921	69.54545454545453	95.28352993514739	131.56346512546486	96.48472538694736	68.0	95.625	83.77404347576766	39.5546613429166	39.79971805877216	37.33012587379346
39.252264797433156	79.55480050350016	79.55480058822485	119.60592595868448	92.57608191953659	54.431305929031595	58.72090476697883	60.753356501301965	91.34656688374315	88.77123324384903	95.3692454012803	91.3465668550433	91.3465668695606	91.3465668711336	48.90286989192259	44.01294007198996	44.01294009418186	75.3687930907129	59.271654525634034	86.01113020082843	95.28352973629433	80.89914353258118	80.89914341455997	80.89914353258118	80.89914428208581	63.75	145.77907817165195	82.71439743595462	133.67645525442458	255.0
39.25226460687247	39.25226473762433	79.55480064592066	54.431305929990884	54.431305929031595	54.431305919446345	54.43130589835724	62.91066152812235	85.99678383946934	70.85622893467885	95.3692454012803	90.88935871319453	91.34656693609529	91.3465668917388	51.83097700402351	51.83097699688676	51.83097701565163	75.36879312678008	51.83097703890775	68.43780609711601	80.89914328140677	80.89914330796856	80.89914332124948	80.89914331816826	80.89914312538474	63.75	145.77907808376273	2.29718569369831	200.91869058722278	126.79730458680291
39.25226467723496	39.25226466749447	39.25226478431094	145.77907817165195	54.431305929031595	54.43130603027768	54.431306131485	58.720904794416754	81.50210311650656	62.91066152812235	62.91066151228796	62.91066148322412	62.91066151968411	62.91066151968411	62.91066150774324	90.88935871319453	51.83097697668674	51.830977006986814	51.830977006986814	68.4378060740803	80.89914328140677	80.89914330796856	80.89914332124948	80.89914331816823	80.89914312538474	145.77907805172396	145.77907803167864	247.55104147739604	223.9691190502121	91.6972360008445
4.044494591758593	39.25226460687247	39.252264706433294	163.69883785608823	145.77907817165195	145.7790781263448	91.15301435565237	78.31120941448862	77.71638900133468	78.12618011186734	62.91066148322412	62.91066148322412	62.910661501639424	62.91066148322412	62.91066151228796	62.910661629064265	70.85622893467885	62.91066159664581	51.83097703890775	64.29101951709387	80.89914312538474	80.89914341456003	55.365252907340704	53.40479914863769	47.817317342121555	69.12116644818241	229.5	204.0	254.1581972258185	151.59821781197343
5.079067937768031	0.0	39.25226466749447	163.69883791405232	163.6988378887841	145.77907805172396	145.7790779917599	69.1175364435122	75.40218784529424	151.6733425032163	151.67334226946397	151.6733421128036	62.91066143675769	62.91066149645354	62.910661548865846	62.91066152812235	62.91066153849411	62.91066159664581	62.91066155614419	40.83220574095381	40.83220546520039	51.000000045615735	40.8322056158286	35.640705658338675	40.87019237662392	140.1945193187833	229.5	204.0	89.65946801536975	205.89625858704557
163.41933966788224	255.0	105.66504502042315	39.25226470771992	163.69883787615004	163.69883788853872	145.77907808376273	145.77907803167864	145.77907805534517	127.5	151.67334219688564	151.6733422131735	118.63243162570501	52.55832963908588	62.91066148322406	62.910661464784766	62.91066151968414	62.910661507743214	40.83220545720073	40.832205485647734	40.83220548564768	40.83220548564776	30.392534001348253	30.392533955000005	30.392533945975686	30.959623473118512	140.1945193187833	241.299677211993	247.5118673299969	84.44845230562578
226.4556596088265	255.0	255.0	255.0	105.66504507089485	163.69883790476393	163.69883795633143	67.25966483143935	67.25966483469912	102.69588907294417	102.69588912113795	102.6958891281337	151.6733421109871	118.63243150392	106.48443387369554	106.48443392486857	52.55832963911507	40.832205485647734	40.832205457200786	40.83220548564776	40.83220548919962	34.71603752596562	30.3925339125	30.39253396443314	30.959623416422374	30.959623405088962	21.479235177439392	42.570733776318065	124.79400475117328	5.74474451151616
39.06895182313909	4.044494591758593	255.0	255.0	255.0	56.06302809223098	104.30458007537845	104.3045800345717	163.69883795343958	124.85974642835441	124.85974630167985	124.85974647460887	102.6958890226282	102.69588914912083	74.18092287609181	76.6903273337519	40.83220514144887	40.83220535546687	40.832205465200445	34.7160374584586	34.71603748521616	30.392534040000015	30.392533793057282	30.959623399757334	35.48651887114477	35.486518833300835	77.29153778670101	253.87784201778467	144.37810869793157	220.05228273131613
200.25342476157394	163.41933966788224	102.31790447999654	255.0	49.94008579898244	47.85236083778392	51.60519505800826	55.68951441941664	174.36191973458108	107.27209011125262	107.27209036338286	124.85974641696586	124.85974642939118	124.85974648610662	102.69588902609257	34.71603732846657	34.71603750559089	34.71603749879935	34.71603750178926	34.716037523454645	30.392534040000015	30.959623416422374	30.959623473118512	35.48651887114477	35.486518833300835	46.8781484813849	182.12990281289	108.0178943606297	125.35973280752575	170.03979260793443
153.1309441323438	130.91898705249253	36.85321394152996	2.4373836103261795	56.758671672870065	121.25157271700837	121.25157271700834	121.25157271111763	121.2515726993361	107.27209029331743	107.27209038973444	107.27209036338286	107.2720904435117	107.27209043344826	107.27209047040026	36.33629909442709	36.336299101266775	36.336299070783014	30.95962360637742	30.95962343002705	30.959623388074306	30.959623399757334	30.959623405088962	30.959623339217927	110.95474892207613	156.3525342773827	15.44279516340336	234.4736838672404	44.12964446037432	253.50297092991167
70.41458840577138	4.215926481077588	32.57536585338528	138.4777707241397	204.3177098185135	28.474802431926605	121.2515727700252	121.25157271203511	121.25157272817609	121.25157271124408	121.25157274510809	121.25157274563546	17.244664251024034	36.33629910205187	36.33629903268741	36.33629906333047	27.541546128199855	27.541545986533976	27.54154600528699	27.54154601466351	27.54154589709964	21.74094290720771	21.740942935017586	21.74094300618944	3.5893330247928077	156.35253413506442	156.35253414793394	0.01797390346629868	23.26033508445579	110.61924454525348
10.11015029207772	9.630212239109255	16.457431435400878	21.742031287779838	23.91451685241472	35.642129522906544	30.04332167697052	35.642129522906544	0.0	121.25157271741548	121.25157272817609	121.25157273589491	121.25157277366802	36.33629909442709	36.33629903951413	27.54154603671671	27.54154601964538	27.54154597879679	37.138088565628834	21.74094296725474	21.740942940847987	21.740942815568474	130.04808610065737	255.0	156.35253399644353	156.35253416029337	156.35253415116733	103.82835851050294	0.771441743390568	255.0
1.0833433536941754	9.375761873953536	10.305341964762164	16.457431435400878	0.06771263029216357	18.894066118886855	1.08306981196219	255.0	32.57536585338528	255.0	45.684891360443885	3.5893330247928077	121.25157272817609	121.2515726993361	21.479235177439392	40.15081735708793	40.150817404538714	21.740942990637308	21.740942927644653	46.51823378245467	43.73710372230414	11.82432330940722	0.7436748669015003	5.211631463276973	57.682052275129564	156.3525341232151	156.35253405403938	190.37954419424096	5.899101993732586	255.0
