254.52803637201998	254.9508101851852	103.28020998418515	249.95021449872792	240.5055332233909	236.6742518329327	219.31745910315604	50.981359649122794	232.05	141.66666666666669	252.25641841210597	104.73214285714286	248.93301766562124	117.86666666666667	202.6640418132994	181.333333339	175.666666661	40.55784777122767	175.666666661	169.75714285714287	177.72727273499999	183.63617727040892	253.1427508707117	253.1427508707117	230.23298116797218	254.84149340230084	242.79720360317734	146.49714152025152	218.5556425691106	254.46287737593153
254.99907719098093	245.4743716623067	254.67385545565963	251.45833333333334	243.24633698076923	219.31745685024754	177.72727273499999	229.9074816278756	215.06507543261998	250.4429045741209	67.19652914052645	245.555555565	33.9528124893572	147.7840908251227	139.09090901188017	191.10618693498898	138.99590163934425	206.78256678524988	27.7015437392796	53.76704389538486	202.57729798682425	227.60049739524985	250.42039649236315	247.57219169377345	234.7751166315775	240.91098771636848	253.47027838971667	226.5045306122449	146.49714154995567	141.24789016298615
254.27659776682202	233.718518516	247.16480449171686	248.115	0.0	229.90748164380472	187.64688640469177	187.64688468681982	213.90752028267346	35.859375	11.032935051551505	243.77883430526128	242.81652643492868	236.73213752358907	238.97791197899653	166.93205944798302	40.65594742658078	27.78779188857027	63.35063545703642	238.92040390369434	219.55493450052938	152.4081237911025	218.68503121173546	244.8	231.6296555277831	239.24256034884854	110.74228301353696	52.365568119369186	74.27051093575761	225.9868434406227
195.43973795578128	230.318518516	228.2809592022531	39.62065661182575	100.00488695650623	89.21591921591923	193.684895921875	213.90752026057015	212.88437359647583	232.05	47.78883278883279	209.68075190306044	63.75	49.33319630010277	209.68075190306044	224.9479618058101	109.94601048756559	156.98537540099667	162.7136468711255	215.14614942683102	215.0484093625342	139.61847181892563	131.65413305619302	60.159183673469414	244.8	158.72130222009991	52.366257670449215	110.742283041527	106.12571095376927	254.19475665745966
239.31044882870648	134.4406536121436	249.7843509100946	44.435157811651294	190.00010536776588	64.61538461538461	182.60406468743972	33.46153846153845	191.61221616867624	171.44276809140587	171.44004844553098	49.61538461538461	63.75000000000003	221.3980447347213	226.666666695	104.73214285714286	219.2184454837949	233.3240534521158	233.3240534521158	200.06063581023622	63.35063539325026	63.35063540361554	222.33727809378564	227.47252744739944	243.230769219	56.55102040816328	0.0	110.74228297312214	195.12582978519865	254.4568047324
235.16669840863398	113.90091470320252	194.09510507071818	231.7070822926653	254.02873771226626	32.20480396558591	133.33408022999998	191.61221593521984	178.28389660944123	138.3522303958507	85.52805502798185	21.24999999999997	34.618181818181824	178.5	85.0	67.99999999999997	219.02402107928816	219.21844543684307	219.21844543684307	156.1622848780758	101.02769153843877	175.27701890577995	176.42222222222222	236.0472972972973	244.071428586	244.071428586	65.57142857142856	254.88393263541192	230.78640329218106	253.77319127479663
221.5214766172622	10.832092014760974	235.6657047049234	1.6891279839787785	133.33408004696048	133.33408012079056	180.04383229854747	178.2838967551835	134.84745787852916	152.86724062500002	43.382286616298956	197.79583956079412	205.53158439765275	205.53158439765275	124.43072029288857	199.28884412076462	170.4427887938774	163.48051232923137	163.48051232126517	193.05557319076473	161.17521964387018	219.2184454837949	28.385542907013843	28.385542906938895	133.4899328635084	216.9746454665227	173.39999999999998	253.49112426035504	249.0869648738601	253.77319127455732
222.34436330424884	6.49626672305925	91.60585408764089	133.334079975	133.33408006000002	133.33408006541805	133.33408006795173	163.8474151344426	133.10258772414852	134.84745758140764	14.912092738148004	163.0852067848233	111.8895966029724	205.53158439765275	198.30665385007	112.76779551248814	117.94161830227503	211.00347918982143	107.56551091708576	161.17521959531237	80.78056592007223	235.3846153846154	211.96026517630048	126.96560730698769	231.06258148019072	231.06258148830509	221.64050235200835	197.0715847315416	249.08696487378248	254.5316326566
194.22049570588547	141.80186548151391	242.08859323406898	19.61538461538464	19.615384615384613	117.27122847887577	163.8474145560921	163.8474149388549	163.84741488505847	133.33408022999998	138.19599356085604	163.08520674312038	189.48142077757808	111.88959660297238	122.95597248726256	111.88959660297243	15.159278508357716	170.5101472043952	202.2099846855416	200.2172121710949	32.10000413948893	10.28818443804036	38.72093023255812	211.9602651047132	160.0617638541412	226.3942307725	247.35	231.91146881287727	164.37391493055554	249.83742034783654
254.22331618658734	176.58662697617427	184.52600406506627	39.230769230769226	153.2478056239279	26.08351197377587	163.8474149416591	163.84741496575313	163.84741493885488	163.84741488505847	138.1959936062176	189.48142032062725	189.48142015832877	189.48142017568094	122.95597251421088	110.24326927606188	110.24326927606188	170.5120972173877	35.561670546620604	35.561670593788904	110.75021664068862	19.62854267985915	19.628542680023713	196.25196231750002	177.6020346109899	23.231566666029153	114.63059313215399	127.05729166666666	150.85495619482396	228.888
24.108733944883056	195.79687754612337	31.382279135819488	26.08351197377587	26.083511995047928	26.083512024797272	26.08351204227617	163.8474145560921	163.84741484526734	163.8474148850584	80.14285723101426	189.4814188209562	189.48142015832877	189.4814202297033	189.48142063060195	201.85235662409818	201.85235662409818	105.64773051513322	113.446712039488	35.561670406051206	35.56167051247451	149.9710926353473	151.4833171918092	151.4833172147002	236.81509307601885	177.6020346198591	48.44999999999999	107.37476370510396	156.14000108506946	74.6118078486729
249.78912661220716	247.5604836192328	39.2307692307692	81.79103658171658	9.711411021613571	26.083512039671888	102.15327902081773	102.15327914107735	26.083512076526347	26.083512183713026	80.14285723101426	175.89328319504216	64.77002473436414	64.77002473985016	99.46644354070375	99.46644412045825	99.46644402410945	99.4664435407031	99.46644473985054	159.57437830941848	185.01372302358192	185.01372303667327	185.01372307709426	185.01372305121052	185.01372309627274	20.193939393939417	119.42057291666666	29.421741741741698	29.394201228878615	52.365568119369186
163.5897593929645	28.743041690255836	13.619868011328208	110.95474892207613	103.48152273736173	103.48152288520808	9.711410719873413	9.711410811907939	9.711410820453438	9.711410870743492	9.711410806917286	170.000000085	63.75	184.05075622398851	110.55260428924313	110.5526042644293	142.02751354414005	99.4664422309917	99.46644373630733	99.46644382354302	185.01372299944313	185.0137230068736	185.01372303162816	185.0137230068736	185.0137230477207	16.004981320049836	20.02403846153848	236.14926098179808	248.115	253.08323059981964
252.55108784750803	27.73548727941244	69.98627705930403	69.98627705930403	103.48152266578472	103.48152265344731	103.48152265344731	103.48152266560331	9.711410811907939	9.71141085392577	20.39999999999995	36.6310462787533	46.793371970183046	79.82588995669568	79.82588998567019	184.0507562358594	165.40479573503285	87.54477199356745	89.91231498324638	11.41791044776113	99.40677964783109	185.0137226034058	185.01372303667327	185.0137230088951	185.01372294069597	74.375	163.78048780487808	254.81125171808569	148.5377202213716	246.69767441860466
31.40423824537885	8.731528031414541	69.98627695227933	69.98627699110489	69.98627690372729	69.98627739659418	103.4815226259932	103.48152262877252	155.84667300204057	43.382286616298956	106.27860805829764	115.33074784287777	115.3989701159534	175.1741100143298	175.17411004330435	132.1894397638306	119.6757747645947	79.51037149364592	11.417910446909133	121.70454538539516	121.70454545454547	151.51847737122745	151.51847733439672	185.0137230962727	185.0137230962727	65.80645161290326	60.97826086956522	54.03352047978211	253.08323059981964	233.14285714285714
31.40423824537885	8.73152804552069	69.98627690372729	69.98627696837184	69.9862769633267	69.9862769633267	69.98627699312641	5.227239939482871	14.238053609811487	99.22012413893015	101.67970750398197	115.52722889793822	148.34590517393252	64.46487694774203	64.46487654883802	132.18943980505352	64.46487663299598	64.46487668713323	64.46487622787788	144.4473957355707	151.5184773740068	151.51847734760008	151.5184773465527	151.5184773342153	151.51847726263827	25.5	60.97826086956522	163.78048780487802	237.2394010006285	190.1821611764837
8.731527656174563	8.731527937604568	8.731528106632453	69.98627699312647	69.98627692290577	69.98627697641808	69.98627700055687	6.1669709730489615	38.571207282232166	38.57120728775382	92.65884587184982	103.00532186166615	64.46487660233205	10.321658059214798	10.321658093752603	39.7390898136629	39.739089837388036	144.4473957107569	7.929857210714317	102.89508402659274	9.27272727272728	106.30095114401533	151.5184771147919	108.01201511063064	11.333333333333343	69.06249999999997	173.20896341828342	52.89039177805478	71.63184091747934	111.79113340521033
18.110407485961844	8.731527857851972	8.731528219034516	107.4186113733594	69.98627694878948	9.198395914970405	3.9246933521912126	6.166971005284637	38.571207249693856	61.06211464643181	85.2687776917058	38.57120729876104	38.57120726436503	38.571207279569904	5.227240039761824	28.853216436853103	28.853216497073163	11.484943321236358	7.929857210796683	102.89508403978289	106.30095110777376	91.15258511494156	91.1525851547326	91.15258511494159	91.15258544390792	10.625	255.0	190.9299216003292	167.68102642802415	255.0
18.11040761096976	18.110407652639083	8.731528023705607	9.198395842924981	9.198395914970405	9.19839598934064	9.198395985776813	11.97436775844534	85.85410230620329	88.62632061061524	85.2687776917058	86.73433490062484	38.57120721770906	38.571207275830346	10.233139578801286	10.233139581606338	10.233139578215571	11.484943268627404	10.233139577044199	116.8040063937824	91.15258511494156	91.15258506114509	91.1525850342469	91.15258505834089	91.1525848655574	10.625000000000028	255.0	13.659396093610013	101.21873684572074	248.62582479382831
18.110407472613787	18.11040765795508	18.110407716739473	26.08351197377587	9.198395914970405	9.198395910327122	9.198395975085191	3.9246933146296783	81.38361483421764	11.974367758445311	11.974367738412099	11.974367693074868	11.974367739202961	11.974367739202961	11.97436773693019	85.2687776917058	10.233139557270448	10.233139593774325	10.233139574759292	116.80400643914399	91.15258511494156	91.15258506114509	91.15258503424693	91.15258505834086	91.15258544390792	255.0	255.0	76.06662963146766	249.138672436748	5.134584856904354
149.9919158334981	18.11040761096976	18.110407677549915	129.72825985365694	26.08351197377587	26.083512183713026	93.4381621962475	78.55303610487624	75.03015940898098	78.05254108687706	11.97436769307481	11.97436769307481	11.974367719366029	11.974367693074868	11.974367738412099	11.974367877587355	88.62632061061524	11.974367839565247	10.233139577044227	55.81096625281987	91.1525848655574	91.15258515473263	35.354023881044014	37.25229623106847	7.534740318687881	80.06311959645947	178.5	204.0	183.4208536372878	184.91748977746516
16.65437612199284	185.73746739081872	18.11040765795508	129.7282598031119	129.72825974372608	26.08351204227617	26.083512076526347	68.84298695465273	75.99063732323211	139.24719608197003	139.24719638431577	139.24719616208006	11.97436773436661	11.974367718378943	11.974367762393626	11.97436775844534	11.974367760419483	11.974367839565247	11.97436778533114	5.105785714238863	5.105785567363483	6.425598461837097	5.105785616796879	13.08575898423797	6.440057775081698	133.03669035398383	178.5	204.0	162.31413492202267	226.4556596088265
64.58380336909639	133.33408022999998	39.05516889967387	18.110407735977645	129.7282597140332	129.728259716916	26.083511995047928	26.083512024797272	26.083512039671888	107.775681405	139.24719608937704	139.24719602723042	121.26482263301875	0.0	11.974367693074782	11.974367678312547	11.974367739202961	11.974367736930134	5.105785516404495	5.105785530009626	5.105785530009598	5.105785551706418	4.520835628027754	4.520835585000015	4.520835572655244	22.71499815704317	133.03669035398383	195.00675470472197	195.14993621692156	235.5726860595567
43.773118886396276	133.33408012079056	133.33408006000002	133.334079975	39.05516898472024	129.72825964854553	129.7282596249544	32.64571479853686	32.64571484368432	49.427696469278885	49.42769648480029	49.42769643489987	139.2471962130785	121.26482249068104	46.83461257067037	46.834612548810355	0.0	5.105785486615957	5.105785516404552	5.105785486616071	5.105785420488246	4.127078064499841	4.520835585000015	4.5208355911127	22.71499820309748	22.714998188637082	193.81768016709603	16.471763293017972	18.773790713727863	250.1617319224773
7.832741961411813	149.9919158334981	133.33408006541805	133.33408004696048	133.33408022999998	60.633348546787715	35.78155451620512	35.78155456315696	129.72825944343415	113.36767449682418	113.36767454626622	113.36767445980166	49.42769650753044	49.42769671671738	70.12823377076083	76.07352613710324	5.105785114733948	5.105785356435177	5.105785417487311	4.127078166376833	4.127078358973193	4.520835585000015	4.5208355192459635	22.71499818472529	18.202227165440178	18.20222711974705	224.3859926510905	0.7410025021868591	113.75688731918865	12.890557192277356
254.27706647773405	43.773118886396276	50.36995946827855	133.33408006795173	50.012952701199055	59.63462613122397	52.28138060744453	59.474356371800894	115.33074784287777	100.47574482516805	100.47574495175883	113.36767437333717	113.3676744523058	113.36767443561129	49.427696328724124	4.127078166376833	4.127078211736489	4.127078260815438	4.127078209707463	4.127078231372849	4.520835329999983	20.805559272672554	20.805559276797595	18.202227165440178	18.20222711974705	46.8781484813849	182.12990281289	0.17161457020173998	235.3997259262307	245.1722816259417
42.28735634127017	220.10782926049734	24.522521460103803	25.415710742686144	143.7916034413019	79.4482492081674	79.44824920816737	79.44824921669618	79.44824923375384	100.47574483815566	100.47574482516805	100.47574495175883	100.47574497424668	100.47574496457605	100.47574504878585	30.89480370706437	30.89480371287982	30.894803697724228	20.805559416096145	20.80555928086372	20.805559270610075	20.805559271676657	20.805559253302647	20.805559187431584	204.3177098185135	156.3525342773827	0.0705272265248027	125.19123819261998	89.27510960409697	134.11492139664063
252.6075714937347	212.38563476089956	50.852469013865004	28.743041690255836	110.95474892207613	48.29974628515657	79.44824913140798	79.44824919791975	79.44824919791975	79.4482492079776	79.44824925242585	79.44824926724195	30.53306325700217	30.894803728993082	30.894803715787504	30.89480368982683	16.79294900166647	16.792949015802208	16.792948997049223	16.792948987672702	16.792948889186903	3.2339267475797158	3.2339267471941753	3.233926566325124	31.451129933216095	156.35253413506442	156.35253414793394	195.43864403560434	2.737504820804304	12.704527671893743
10.11327482755945	10.412416012192352	12.335634641305887	20.19784396771439	8.502071446478823	32.57536585338528	30.70508105595394	32.57536585338528	197.41229054437125	79.44824919791978	79.44824919791975	79.44824921669618	79.44824923375384	30.894803563065892	30.89480360391758	16.79294895583817	16.792949014462863	16.79294897270421	43.71227732899712	3.233926777837098	3.2339267514303742	3.2339266996214917	243.3216553643464	69.25617754596345	156.35253399644353	156.35253416029337	156.35253415116733	170.4196433350418	102.4717188923546	255.0
1.0836320116844433	9.949304961029526	10.577351960430576	12.286707274537434	0.38041786435411495	19.48010005803127	3.4206288731132304	40.76568839783258	50.852469013865004	39.19820460146647	40.76568839783258	31.451129933216095	79.44824919791975	79.44824923375384	193.81768016709603	107.59897551251993	107.59897543561954	3.2339267464230943	3.233926738227069	71.62406397212538	67.81022768323231	19.810978250906942	0.010158080422058902	4.552269634536998	0.0	156.3525341232151	156.35253405403938	75.55149903785119	241.5567292016854	255.0
