251.38356073808774	254.89592898444445	254.99964126203557	254.36967947448636	253.0409731461812	250.65931945612982	249.5231916573647	253.22916666666666	252.45	253.86666666666667	250.40306792213727	255.0	250.57811775654318	226.66666666666666	209.72017981484305	229.5	195.5	252.33915442012818	195.5	251.99464285714285	243.4090909090909	135.15733970947662	254.85622724088478	254.85622724088478	235.2824203380716	254.9965849101294	246.469938514462	254.99348048210535	254.97651505839343	253.84446953464234
253.3401979519392	254.99958254669278	234.6082721206834	249.84848484333332	242.0079920164835	249.52318864489993	243.4090909090909	237.21873008183897	238.66636680390707	248.02525191834354	186.72859441668368	248.115	176.19832353082163	234.71590895754778	199.94318170457774	198.46481416138	254.18715846994536	242.71369255855197	252.7401372212693	250.49295900744133	211.84694299627907	226.61863856361433	187.80255061834964	245.54352279038784	235.59559999596644	240.71000117879538	252.78454285052297	254.96457971938776	254.99348048210692	254.9920838483965
253.1614779080396	252.45	251.76231592007878	254.745	237.78132198899715	237.21873009890533	236.8472077154895	236.84720780703347	224.53029837459687	248.359375	96.6602764088837	246.81889367225182	237.7114724098503	240.22405784907738	233.2747306405671	175.12763878132688	240.99573083701978	243.87443670626791	248.06246644119634	234.91499701105323	219.63884656457867	238.72340425531914	241.21621624974435	102.0	231.4636992426376	237.08799442845987	254.77999626333414	254.97741427833935	254.98902210626912	254.944362664892
195.43973795578128	241.11666666666667	228.73161711203332	70.80051619862812	51.79625397973024	253.56103356103355	229.40340918750002	224.5302983823911	223.02931812790328	244.8	229.62874962874963	46.95078797921738	255.0	245.18787255909558	46.95078797921738	218.75587817631376	137.03521606725195	165.06964477293118	179.94836067331278	215.07768187768076	215.3976695421532	230.56240807451672	240.04609556527882	246.9857142857143	102.0	252.74115718226187	254.43670897516483	254.77999626338524	254.7481224489796	248.57978466129032
65.4735267724767	5.89862090475134	255.0	112.53676750881988	22.2875285824515	249.23076923076923	224.4718143272877	203.0769230769231	206.00206619088772	220.82142576126697	244.2239059295081	235.3846153846154	255.0	227.76313693097808	232.05	250.44642857142858	48.06557146918402	249.0367483296214	249.0367483296214	181.64907179413387	248.06246644094935	248.06246643994987	178.84615384959972	244.78021975430858	220.999999983	245.4591836734694	254.59938679665242	254.77999626330816	254.07650212842356	250.4666666712
165.07753950479423	85.12577518599909	89.71292835625005	32.23806853451694	174.14118856711005	101.84669532313958	255.0	206.0020660832048	194.54027696210122	203.87733068086416	120.8679767328961	233.75	229.03636363636363	229.5	238.0	170.0	210.21165352490564	48.06557141795173	48.06557141795173	167.85991714387598	236.57222800502467	209.10215291902688	249.45925925925926	206.75675675675677	240.428571414	240.428571414	252.1377551020408	247.57168866636323	254.87960859625056	246.17840725189853
122.72667852827564	7.8125054480301515	94.2344580372494	14.530509302230485	255.0	255.0	196.5518387200739	194.54027656667594	201.92002128196953	201.04376173125002	255.0	185.82872496206744	194.61684501208146	194.61684501208146	132.15068158117828	113.7225607899484	67.05510696020681	111.006342238954	111.00634221115138	186.658129925497	154.56779620199623	48.06557146918402	238.05984941496678	238.05984941440533	200.2348992952626	178.07262569939843	198.9	230.85798816568047	229.48714887658153	246.17840724903337
17.363543371727445	174.60356855857492	251.73271195697492	255.0	255.0	255.0	255.0	181.82991134213017	200.93558961534168	201.9200211179932	220.1770338946926	196.77998330242625	119.46921443736733	194.61684501208146	204.35125690993988	131.8232976762715	174.36191968717029	203.31412731267446	227.31668243280774	154.56779619368638	200.59720566637566	176.53846153846155	156.44351872881418	181.28846924833988	188.72881352533182	188.7288135305085	224.57613814774416	239.89336787199733	229.4871488765803	254.1673469394
16.894140460693365	209.2379106308279	120.0536280179794	156.92307692307693	156.9230769230769	191.91140866441233	181.82991134213017	181.82991090321462	181.82991101096354	255.0	214.0793174351221	196.77998322202754	176.49414342320674	119.4692144373673	197.56456170325987	119.46921443736733	212.51363628939782	171.2915917302883	194.04334089034717	161.88716519506778	209.79333171984737	200.61959654178673	233.37209302325581	156.44351876002628	216.2482045379739	187.708333336875	204.0	143.66197183098592	247.218017578125	233.43215811875
29.599443493425696	87.05615095719179	108.82256856866252	235.3846153846154	175.8200936558294	255.0	181.82991095656314	181.82991084934014	181.82991090321462	181.82991101096354	214.07931738495293	176.4941435016839	176.4941436797742	176.49414376167752	197.56456160945157	123.22013867632813	123.22013867632813	176.6591443150279	221.92126580324017	221.92126579181746	135.3943981395946	216.3843702834144	216.38437028629787	146.1141838725	156.00720138214126	231.92060516802786	220.91744710223725	230.09765625	242.53971184397133	242.65800000000002
2.274831379468054	5.662912669182589	228.38343534127276	255.0	255.0	255.0	255.0	181.8299101854291	181.82991076377965	181.82991050861466	240.42857141254285	176.49414387310333	176.4941436797742	176.49414376529663	176.4941438731032	192.70399054240346	192.70399054240346	113.12024528569324	217.41158571909588	221.9212657644698	221.92126578957274	129.77225095804036	129.61525418888795	129.61525420847437	193.98945366162303	156.0072014281351	214.2	211.49574669187146	239.18470594618054	254.96813197558757
19.599104886602817	92.41319614545867	235.3846153846154	235.4400363295532	201.8661993465279	255.0	172.03329519194176	172.0332951970242	255.0	255.0	240.42857141254285	162.61692873390626	167.68835617484345	167.68835616704285	106.80833264130464	106.80833359153979	106.80833360811627	106.80833409152316	106.80833382127344	159.4826974435643	119.23796957848893	119.23796954374944	119.2379696320013	119.23796961531968	119.23796950001568	207.70909090909092	215.04557291666666	233.51159159159158	233.29301075268816	254.97741427833935
127.66132444499378	255.0	127.27672631889337	204.3177098185135	157.840724401924	157.84072447120346	201.86619904478775	201.8661990415468	201.86619904478775	201.86619904478775	201.86619906885218	178.5	233.75	219.94046024316128	159.94318529233203	159.94318530434063	141.56486941255554	106.80833233189546	106.80833322552255	106.80833367012997	119.23796958195655	119.23796956561631	119.23796957733308	119.23796956561628	119.23796957502134	206.7310087173101	205.96153846153845	64.0757835829535	252.96	166.557591382525
0.17798552110326682	222.0369719422112	135.76203053200337	135.76203053200337	157.8407244147487	157.84072439593047	157.84072439593047	157.84072439249812	201.8661990415468	201.86619900696724	193.8	107.77568139329088	189.1592832044682	91.23994810250983	91.23994834844035	219.9404602496262	152.25962533283985	94.3033598100813	81.14737573602014	175.07462686567163	155.5932203521689	119.23796925358218	119.23796954374944	119.23796954999898	119.23796946799663	175.3125	27.642276422764212	165.83214833013386	186.6879383869358	246.69767441860466
228.54324199064013	96.45412770699764	135.7620304249787	135.76203045000102	135.76203049998432	135.7620307464178	157.84072443210823	157.84072435829395	165.44533426782385	214.46176166652586	106.40283770851488	174.36191973458108	116.62621770391536	163.7600516515596	163.76005189749014	181.11572048870366	118.88199409369415	85.78402500569123	175.0746268716362	101.05823857894418	101.05823863636363	97.15927564170605	97.15927560750188	119.23796950001568	119.2379697464491	161.7741935346774	149.67391304347825	212.24324943547816	166.557591382525	233.14285714285714
228.54324199064013	96.45412770872369	135.76203049998435	135.76203042266692	135.76203045625056	135.76203045625059	135.76203043438366	138.92795197627282	167.44715694248214	99.3652854892265	99.53606726287546	0.0	155.1264151974076	70.11226765723168	70.11226745266788	181.1157204709457	70.11226753259558	70.11226758673277	70.11226713467121	95.05681469565934	97.1592755678918	97.15927559429852	97.15927560406953	97.1592755852513	97.159275598076	153.0	149.67391304347825	27.64227642276424	12.773044689726078	248.16566516693024
96.45412756255686	96.45412774373949	96.45412768478849	135.7620304343837	135.7620303679987	135.76203042151104	135.76203041804345	160.03138663330338	156.32047958212695	156.32047956868539	93.64013821111175	96.85658353809325	70.11226708764158	135.25907541839848	135.25907546224397	120.09108526452945	120.09108529082778	95.056814707668	146.79623058832888	107.4015007579624	162.27272727272725	86.82866671471271	97.15927552879654	87.64517705473796	158.66666666666666	154.0625	19.559963670446734	151.4799673948101	217.38531801415314	246.16512854301914
203.68556895391401	96.45412773265883	96.4541276335139	129.4200789286827	135.76203038468032	137.0525172159779	159.2692681613059	160.03138658208496	156.32047955771583	95.52424903477004	85.7420946814324	156.32047951560227	156.3204795809716	156.32047960653807	138.92795197894458	111.90944429279344	111.90944436472378	173.46743564816916	146.79623062245807	107.4015007582473	86.82866658067763	73.17008898903649	73.17008923622035	73.17008949138534	73.1700898145709	148.75	117.17854127917988	16.104931452438734	245.9802677413701	255.0
203.6855687211468	203.68556874069378	96.45412770074523	137.05251726549173	137.0525172159779	137.05251723894162	137.05251718584134	148.1751277486993	85.91467918323352	74.51128293182353	85.7420946814324	90.17154161668532	156.32047959665428	156.32047955918182	131.58527391585267	131.58527392942653	131.58527393751072	173.4674356212547	131.58527398082674	40.92068261504707	73.17008924021087	73.17008909678538	73.17008915065989	73.17008904343689	73.17008923622038	148.75	117.17854122918652	78.3268223802105	149.82074133919838	100.22164890045977
203.68556872776935	203.68556874050307	203.6855687532368	186.08927052513167	137.0525172159779	137.05251727551723	137.05251702654056	159.26926811089044	81.65380029662364	148.17512766461817	148.17512771887317	148.1751277766843	148.1751277001585	148.1751277001585	148.17512772043472	85.7420946814324	131.58527387912605	131.58527393556176	131.58527393556176	40.920682564877865	73.17008898903649	73.1700890967854	73.17008915065986	73.17008904343683	73.1700886578698	117.17854124411568	117.1785412470974	171.45305070095924	58.95436084053051	156.1863614874111
249.3061437834513	203.6855687211468	203.68556870256197	142.1696245817303	186.0892707540482	186.08927069116817	110.22505227415814	78.22838230766564	77.76938519704285	79.50038715490305	148.17512767988234	148.17512767988234	148.1751277222818	148.17512767988234	148.17512771887317	148.1751277609871	74.51128293182353	148.17512775409654	131.5852738932594	95.78715872564749	73.1700886578698	73.17008923622038	100.81640611182118	94.56601824911601	125.5566275517086	61.19135162439679	204.0	204.0	0.21449125678927317	245.13671944764027
253.76299065754313	166.88213328978782	203.68556874050307	142.16962460465714	142.16962462207343	186.08927062205782	186.08927055606267	69.31164213398858	77.26537469243141	124.82965111583812	124.82965131328356	124.82965109598294	148.17512769946245	148.1751276890471	148.17512771347597	148.17512770665877	148.17512773108766	148.17512775409654	148.1751277204347	115.98760627221253	115.98760649026042	133.35659477880148	115.9876064549633	93.72383932282531	107.31516963788692	19.103560252472533	204.0	204.0	141.52103101257006	11.534791858763072
109.68656380318882	178.23735127499998	199.67912183249953	203.68556877978776	142.16962463078156	142.1696246218327	186.08927066430186	186.08927064011823	186.0892706280264	115.33074771000003	124.82965111415447	124.82965105428053	49.76105252891929	143.1748404711077	148.17512767988234	148.17512771347594	148.1751277001585	148.1751277204347	115.98760641757781	115.9876064549633	115.98760645496324	115.9876064549633	90.91956748805376	90.919567535	90.91956748805376	76.61794247912562	19.103560252472533	250.58680022408345	237.86545295868706	63.658278067252155
205.89625858704557	178.23735116789447	178.23735110500002	178.23735102	199.67912167216147	142.1696246418839	142.16962453882215	19.357209352530248	19.357209416377287	53.944382624817536	53.94438258359074	53.9443826043362	124.82965112724114	49.76105253978213	152.34449387358885	152.34449388482858	143.17484048144124	115.98760645496327	115.98760641757781	115.9876064549633	115.9876064085559	102.90004558362745	90.91956749250002	90.91956748805373	76.61794251449277	76.61794247542832	8.19095797599445	168.68416706727416	5.7281520947051945	254.2334201104568
178.84891696559976	249.3061437834513	178.23735111252194	178.23735113097945	178.23735101999995	56.03655576420428	206.934428530816	206.9344285820483	142.16962470203754	100.48223840505977	100.48223867013402	100.482238497205	53.944382473449906	53.94438266657269	69.34356017333192	76.33948535377684	115.98760627221247	115.98760645496327	115.98760634038419	102.90004549599212	102.9000454628439	90.91956762000001	90.91956752753958	76.61794250614781	58.890763854395715	58.89076378074205	0.7971802613694763	0.21542370993282134	134.93827051607485	217.92826361708316
7.247330669443556	205.89625858704557	10.476644371342672	178.23735113455692	49.89881367036139	65.35977704942465	53.179889355577075	41.789002183258475	140.9605331234972	12.10440622761655	12.10440609850096	100.48223843956194	100.4822384156694	100.48223851352569	53.944382437411264	102.90004536600009	102.90004552323572	102.90004550310513	102.90004553932283	102.90004556098816	90.91956762000001	61.04677008029577	61.0467700418414	58.890763854395715	58.89076378074205	46.8781484813849	182.12990281289	121.89325372677459	112.64312093587071	248.41585993293367
63.26429306431362	13.314944695844929	48.135463573792606	74.55352775507623	129.19444777909052	120.74318520212137	120.74318520212134	120.74318520864392	120.74318522168912	12.104405942984386	12.10440594913473	12.10440609850096	12.104406130382984	12.104406213703186	12.104406221007082	58.91325992970667	58.91325989279659	58.91325988765098	61.046770308878166	61.04677010790334	61.04677009952297	61.04677009120283	61.04677005780178	61.046770123672815	71.99616450855797	156.3525342773827	134.80571934715164	175.7995653432706	235.00649237639044	254.87691364329606
22.243289001182205	42.79862988170879	34.24016530082338	194.2674012294443	155.65596279056598	0.04101978511107518	120.74318514341803	120.74318519384818	120.74318520998915	120.74318522527471	120.74318519470356	120.74318522755576	24.775402299494658	58.91325988765098	58.91325987434158	58.91325989246701	56.61010584826249	56.61010579828874	56.61010581704181	56.610105826418305	56.61010577623759	65.03824694884969	65.0382469714975	65.0382470633175	14.214236831995947	156.35253413506442	156.35253414793394	0.8688836368799002	1.968388634357666	6.602773631655566
10.135015150362648	8.789518782058906	12.380711341632008	19.182525853055324	24.716500213589	34.24016530082338	29.759449172067548	35.642129522906544	4.195436580354681	120.74318519922852	120.74318520998915	120.74318520864392	120.74318522168912	58.91325992970664	58.91325988765098	56.61010578579919	56.610105826629166	56.61010580983199	32.51122970931601	65.03824693517035	65.03824693517026	65.03824695537554	13.10051519620339	82.91372115739233	156.35253399644353	156.35253416029337	156.35253415116733	4.922784659091008	120.75185045619702	255.0
1.0855477445602446	10.08552863834069	10.088244197042684	12.113398343048999	0.2021804573159045	19.85222817548177	2.245069093168013	32.57536585338528	35.642129522906544	0.0	32.57536585338528	3.5893330247928077	120.74318520998915	120.74318522168912	0.0	8.211327754555242	8.211327788339275	65.03824701679312	65.03824693517035	19.615133738157596	18.30840736049973	4.713954589204974	2.0038638072881554	1.0765640610453318	9.562413569130882	156.3525341232151	156.35253405403938	3.7811446744862565	1.3787988390001544	0.0
