253.74160036326052	254.4962962962963	254.9989557232686	254.1556409610215	248.8430583494812	249.6619591346154	245.7488436657619	253.22916666666666	244.8	253.86666666666667	249.8176071098753	250.44642857142858	219.0730572657202	255.0	221.48311659866678	242.25	238.0	251.11590726157485	238.0	249.53571428571428	243.4090909090909	207.56011413821327	254.91573757707533	254.91573757707533	237.96558680229862	254.99846733083433	248.23430285291423	254.995102583045	254.91161557561927	247.76898730791345
254.55696263178191	254.99749088921283	244.5591884329578	243.66666666666666	247.52747252747253	245.7488442253518	243.4090909090909	243.33705919522012	236.3270782473045	247.28989945706257	141.93942908266126	199.92	96.85978923082732	234.71590895754778	226.02272714430526	211.0469797556151	247.6844262295082	231.3343745694427	250.77186963979418	248.42097665366026	217.01286679982715	227.3317678303549	208.7524049555114	243.99880891463633	235.93650890167908	240.7577461385163	252.19337774226145	254.8829081632653	254.99510258304625	254.99889025831075
243.706344165192	254.3625	251.29608939670598	252.96	227.54798063576987	243.33705923307033	228.61462651738609	228.61462562168091	234.0930518571742	248.359375	89.08464565381698	190.05100358273197	236.25220364424987	193.37019958277142	231.67570889406593	189.81801826007703	250.72101167534623	249.67226546497338	248.7470914633763	231.9247418115259	219.6099829293885	250.0676982591876	223.98648648439098	229.5	231.5169990628853	238.85573201793045	254.81841722931566	254.9251444653533	254.99335424710225	254.99774027463414
195.43973795578128	253.86666666666667	228.73161711203332	38.66989671000934	47.02605203692707	253.56103356103355	225.78125	234.0930517972926	232.49350600302532	214.2	250.75883575883574	243.55134379369272	233.75	252.07523124357658	243.55134379369272	201.24127984839615	255.0	179.74691468152625	255.0	215.1419689078197	215.24377280322818	243.38772084420165	250.13654916546474	250.83673469387756	229.5	250.44299647889164	254.85050277229897	254.8184172293641	254.9320283215327	250.1804559935676
164.87769120028116	3.0192061786383135	91.28803945274075	226.00746280340655	0.5428750602459331	249.23076923076923	220.17768877780583	241.15384615384616	219.9375001449588	210.83869608601356	253.7233422554718	245.76923076923077	233.75	148.24655155519116	163.2	232.23214285714286	181.28846924833988	250.456570155902	250.456570155902	200.5280018892073	248.74709146336482	248.74709146232325	213.46153846341804	233.65384614327357	187.000000017	255.0	254.76714880561033	254.81841722930048	254.89146345136325	236.8666666644
4.355854818563188	25.232988164350957	216.7349642505881	23.737448653199465	167.3832635715987	69.97627040876893	178.23735127499998	219.93750002999144	210.86905513828916	189.69560199623675	178.144304737583	233.75	244.8	204.0	238.0	255.0	207.88616764249915	181.2884691954601	181.2884691954601	174.8773270478014	226.50430998032414	209.10215291902688	244.92592592592592	232.60135135135135	204.0	204.0	249.79591836734693	254.88393263541192	254.60201188843163	249.781220732404
81.3007728683805	135.09944512819686	30.54352799679353	116.32252764054141	178.23735113097945	178.23735116789447	212.8399093291456	210.86905518186362	187.28813575511347	195.29865571875	214.46176166652586	182.77482363653692	191.8001380738695	191.8001380738695	146.78504497610527	228.10061477631436	218.57744076150342	138.37116617236714	138.37116615730434	187.75947290825115	198.03680283888315	181.28846924833988	245.1108361632303	245.11083616258284	205.3691274823206	185.195530720109	229.5	253.49112426035504	237.4683695392695	249.78122073255614
54.3766269830347	134.9424253197049	125.07680486216128	178.23735102	178.23735110500002	178.23735111252194	178.23735113455692	200.56472591553467	186.0794035978526	187.2881356233769	220.1770338946926	192.09977959626224	134.08704883227176	191.8001380738695	142.9838058848719	189.15928311094783	197.98026655650898	197.97516345295017	217.6718222125137	198.03680276625764	227.57669641345092	235.3846153846154	173.53333501265433	181.28846924833988	203.13559320275783	203.135593220339	205.49450549601096	247.7589480914427	237.46836953759546	244.8
79.7957723033744	202.53734648940704	252.76517791701988	215.76923076923077	215.76923076923077	175.01861293290858	200.56472533718414	200.56472547879946	200.56472558039718	178.23735101999995	174.77970998240977	192.09977954304904	173.21689056633016	134.08704883227176	166.0498946601071	134.08704883227173	228.97231754427466	170.9706558755419	140.96053312202145	123.31856624276497	222.41729518500614	227.80979827089337	235.46511627906978	173.5333349552218	231.2654409635353	194.791666663125	204.0	205.2313883299799	245.55555555555554	237.2462606855769
24.370211063214043	0.29010623629000065	28.85231084790567	235.3846153846154	199.1241474105822	186.08927052513167	200.56472552996766	200.56472542800063	200.56472547879946	200.5647253292227	174.77970997591177	173.2168908825534	173.2168908336081	173.21689103275736	166.04989456832865	131.59530413660502	131.59530413660502	203.9966553806549	224.06137571716516	224.0613757094354	174.3619196852641	228.99966459835653	228.9996646002767	154.14820781625	127.98837654175605	242.22634508348793	222.89281997918835	226.66666666666666	243.60712967003457	252.45
0.05386721852238452	94.45843676336062	250.80526294845205	186.0892707540482	186.08927066430186	186.08927064011823	186.08927062205782	200.56472533718414	200.56472533718414	200.5647253292227	140.250000014025	173.2168900630469	173.2168908336081	173.2168909227007	173.21689078690542	186.3113605603855	186.3113605603855	127.6562901994352	204.31579251076	224.0613756898497	224.06137568126155	105.16725831178431	103.24418831929333	103.24418833489486	231.9932858344471	127.98837640806977	228.888	220.1724952741021	243.67173936631946	254.934878423749
3.281120775934852	25.936564319114666	235.3846153846154	144.96489182392236	201.8661993465279	186.0892706280264	154.81048253966807	154.81048236371782	186.08927055606267	186.08927069116817	140.250000014025	159.33173973441234	167.68835617484345	167.68835616704285	121.21404149171119	121.21404228450481	121.21404245852344	121.21404439214885	121.21404341330148	159.61460232987605	137.42136116374476	137.4213612043432	137.42136116374476	137.4213612158691	137.42136133075596	216.36363636363637	223.01432291666666	238.9189189189189	238.69527649769586	254.9251444653533
249.76306920068768	194.2674012294443	194.24785373032108	155.65596279056598	150.29023248210896	150.29023241174735	201.86619904478775	201.8661990415468	201.86619904478775	201.86619904478775	201.86619906885218	102.0	191.25	224.94896592608256	119.0044434755807	119.004443464416	141.22919698218575	121.21403976521552	121.21404195406811	121.21404183639112	137.42136110606836	137.42136114113686	137.42136118297026	137.42136126435355	137.42136122142114	223.56164383561645	214.54326923076923	9.260228629066944	238.68	210.79548689880068
76.73325712668361	222.0369719422112	117.57863877857883	117.57863877857883	150.29023254040445	150.2902325224864	150.2902325224864	150.29023251463886	201.8661990415468	201.86619900696724	224.4	255.0	189.1592832044682	98.90547978874312	98.90547962050528	224.94896592825103	149.03919345075272	107.73957232543012	158.25766962624795	194.1044776119403	177.20338982391553	137.42136083788904	137.4213612043432	137.421361192583	137.42136122142114	170.0	219.7560975609756	155.0823075826928	254.5118783524931	246.69767441860466
250.98075881423412	167.27740032441693	117.57863877857883	117.57863880741704	117.57863891567752	117.57863916211096	150.29023251463886	150.29023248665027	83.89032042501145	157.13203535753348	108.92064376867717	140.9605331234972	113.41477335760402	156.09452037949472	156.09452021125685	145.70408426364088	117.78786895935767	98.33714729949492	194.1044775974549	77.91666650970646	77.9166666988636	104.70976751334973	104.70976748536114	137.42136108432248	137.42136133075593	164.51612903225805	160.76086956521738	201.59174000694242	210.79548689880068	233.14285714285714
250.98075881423412	167.27740033679703	117.57863866924407	117.57863881702977	117.57863879565679	117.57863879565681	117.57863885886317	168.7152676475757	206.35640540607352	102.15313752223872	99.71937991402288	100.92473774807468	94.76585502039936	81.68671707323028	81.68671706956437	145.70408416569643	81.68671703183884	81.68671708597597	81.686716973481	135.99555653558397	104.70976748536114	104.70976748536114	104.7097674775136	104.70976745959555	104.70976751789104	173.39999999999998	160.76086956521738	219.7560975609756	12.773044689726078	74.95451074042751
167.277400676434	167.27740033956917	167.27740029528698	117.57863873564645	117.57863883625524	117.57863883625524	117.57863889393164	147.3433857083773	135.27635376901353	135.27635377069453	113.70254555035632	106.10889858213906	81.68671699628058	175.22233392742137	175.22233395266653	172.19997310640053	172.19997314623674	135.99555652441933	168.09742154219475	83.35459308062846	185.45454545454544	65.78652836886852	104.70976758825262	65.74530154841457	170.0	164.6875	110.03510817607764	131.2230660566421	160.18022557720258	6.396778826092145
203.68556895391401	167.27740037830705	167.27740029411245	155.6361843421239	117.5786387841309	182.96470463394695	138.85399300862144	147.34338564584357	135.27635377835037	96.12931267363032	88.20431658293188	135.27635375453613	135.27635377603502	135.27635375967668	168.7152676527024	154.43058192255924	154.43058193329017	150.36873469638533	168.09742137104047	83.35459302607819	65.78652826671748	54.43527467077729	54.43527466281586	54.43527467077729	54.435274662815885	159.375	255.0	250.20308716165306	254.78297539819107	255.0
203.6855687211468	203.68556874069378	167.27740032296032	182.9647046866806	182.96470463394695	182.96470465123627	182.9647045803476	152.1820200609851	85.72142055470434	83.88413443830174	88.20431658293188	89.19958809491979	135.27635367348415	135.27635376886872	156.4921147842515	156.49211478094972	156.49211477529488	150.36873468183714	156.49211484494901	80.22029002408823	54.43527467077729	54.43527452120054	54.4352745719994	54.43527447003237	54.43527466281586	159.375	255.0	238.02455115517031	220.30460258322057	29.93654701159801
203.68556872776935	203.68556874050307	203.6855687532368	117.17854150809637	182.96470463394695	182.96470467031003	182.96470436768152	138.85399297391962	83.76865433427801	152.182019976904	152.182020010469	152.1820200669788	152.18202003809347	152.18202003809347	152.18202000920814	88.20431658293188	156.49211474580224	156.49211479852346	156.49211477950843	80.2202900175902	54.43527441960288	54.43527452120054	54.43527457199943	54.43527447003234	54.43527466281586	255.0	255.0	0.22667941358477606	116.34548778057004	0.0
224.41615954287295	203.6855687211468	203.68556870256197	60.32020578963511	117.17854127917988	117.17854138233633	108.50332100844685	78.04320716693428	32.64734954123102	85.85686631638282	152.1820200669788	152.1820200669788	152.18202001453818	152.1820200669788	152.1820200314893	152.1820199514375	83.88413443830174	152.18202006539144	156.49211475738167	114.15208345679147	54.435274084465306	54.43527466281586	103.10073378623875	103.2446459328743	137.06879961937915	43.13890258858555	153.0	204.0	151.28385170158992	191.0675461194037
254.82169371873024	166.88213328978782	203.68556874050307	60.32020570667285	60.32020565800073	117.17854124411568	117.17854122658358	68.95093657740765	76.1109913961221	121.41013774745053	121.41013746127388	121.41013759428705	152.1820199990559	152.18202000199346	152.18202002708296	152.18202001894454	152.18202004403406	152.18202006539144	152.18202000920814	138.10520607054752	138.10520630159505	158.152046203132	138.10520646928296	110.75021663025001	117.15479915353163	198.50788017378858	153.0	204.0	106.10701811339658	1.804639302562009
135.17638416095025	101.47470229499999	81.88021420433378	203.68556877978776	60.32020569270654	60.320205677563365	117.17854122918652	117.1785412470974	117.17854125605282	57.477849405	121.41013750243104	121.41013744309609	167.66862862060054	155.2079782961514	152.18202006697877	152.18202002708296	152.18202003809347	152.18202000920814	138.1052063244967	138.1052062957085	138.10520629570848	138.10520633910215	101.4747022250439	101.47470221	101.4747022250439	72.36672367262426	198.50788017378858	44.70131865960363	55.00543620196703	232.38508222968522
160.36885391609667	101.47470222504387	101.47470221	101.4747021675	81.88021423979183	60.320205621527464	60.320205678740166	43.112075501228986	43.112075511993794	63.322512423950116	63.32251240353128	63.32251249355153	121.41013748120594	167.66862858926413	128.55918276411114	128.55918281241895	155.20797831814716	138.1052062089213	138.1052063244967	138.10520627401172	138.10520623289017	127.50000000000001	101.4747021675	101.47470222504387	72.36672360771851	72.36672358690049	39.3350700344275	243.66996689098295	218.57232859016005	1.8074087624145534
109.54592047457439	224.41615954287295	101.4747022250439	101.47470222504387	101.47470254999996	56.18338182192926	73.71153075166015	73.7115308045399	60.32020572531772	97.48711467656145	97.48711465921448	97.48711474567901	63.322512455393905	63.32251254785308	69.42161125782707	75.52721211371534	138.10520607054752	138.1052062089213	138.10520630159505	127.49999999999997	127.50000014965886	101.47470229500001	101.4747020476236	72.36672361835213	66.2987537890582	66.29875379008209	46.52486151824618	255.0	127.50321064443766	250.743356551547
51.35808672105827	160.36885391609667	33.32371046618363	101.47470226911383	49.82668284796691	18.121030076621196	53.37423104526479	55.449568045839584	93.72383928884992	171.16861430346	171.16861447022785	97.48711465921448	97.48711463827914	97.48711469902543	63.32251228339538	127.49999987000794	127.49999992517056	127.50000000000003	127.5	127.49999999999997	101.47470203999998	68.37331730116784	68.37331731472389	66.2987537890582	66.29875379008209	46.8781484813849	182.12990281289	57.45737257755991	252.7698249726134	136.11299990382594
23.052630486629056	36.07496271710178	83.20390558767983	40.612258251571006	129.19444777909052	129.36449005570665	129.36449005570665	129.3644900618104	129.36449007401788	171.16861434983898	171.16861430346	171.16861447022785	171.16861442680437	171.16861438904485	171.16861434923555	74.24266589985388	74.24266586582931	74.24266584613613	68.37331727405561	68.37331730718543	68.37331729438978	68.37331729111577	68.37331725897644	68.37331725897644	204.3177098185135	156.3525342773827	235.67301601198363	23.81396105688802	254.5110846489656	234.03781595410817
25.60174171314452	21.6282812550902	30.374465792951497	89.85526494981661	71.99616450855797	10.064162751886442	129.36449000077295	129.3644900525349	129.3644900525349	129.36449003662997	129.36449006843986	129.36449007904315	96.88849597535727	74.24266584613613	74.24266584881701	74.24266585220539	58.289607004216094	58.28960689512215	58.289606876369135	58.289606866992614	58.289606804356225	72.58873882319392	72.58873884494156	72.58873875795103	54.61283193544992	156.35253413506442	156.35253414793394	103.7209411143825	214.93578184432184	6.602773631655566
10.132860315377144	10.360287035747945	12.899458193685575	20.57498326474567	25.311397302619213	30.374465792951497	29.77870531231639	34.24016530082338	83.83151515604055	129.3644900525349	129.3644900525349	129.3644900618104	129.36449007401788	74.24266575585537	74.2426658461361	58.28960688226206	58.28960685432119	58.28960688084666	22.36902841504704	72.58873885263964	72.58873885263964	72.58873871675019	13.10051519620339	82.91372115739233	156.35253399644353	156.35253416029337	156.35253415116733	50.42144389976315	10.547008064771376	255.0
1.084876398017343	10.012044006870383	10.178322593745833	12.319017457205632	12.890096659914946	31.180783135928834	35.55882505688615	32.57536585338528	34.24016530082338	30.374465792951497	32.57536585338528	14.214236831995947	129.3644900525349	129.36449007401788	8.19095797599445	56.24468807692574	56.2446880188422	72.58873888843681	72.58873885263964	28.43480819243956	26.603669701871922	5.795195333699212	7.207635768894647	1.3254922316660043	51.55725119257383	156.3525341232151	156.35253405403938	5.918467906236117	46.72970361466611	255.0
