254.90275164338198	253.60082304666668	253.78072248988173	238.69527649769586	230.88531189445527	214.54326923076923	220.48747172967714	235.6140350877193	191.25	163.2	212.20489995855664	218.57142857142858	78.12020644112317	253.86666666666667	252.41132917874896	207.4	234.6	212.20578582149756	234.6	207.1875	231.8181818181818	253.8652415245101	193.54713408629794	193.54713408629794	252.02849731963886	224.83221639671854	254.4942596710268	254.13937817919717	254.56662361770023	253.38459595342667
254.90964254768275	253.319091796875	250.39030438192913	236.11111112999998	238.1868131868132	220.48747075300645	231.8181818181818	141.76331948941788	190.67437484930423	206.22205144123618	209.76081422434066	44.88647470499998	208.3467577714148	139.09090901188017	208.63636351782026	249.16614925196376	240.60109289617486	134.8887430532681	216.87392795883363	246.6503669945025	247.1115855400006	227.45211207115233	226.30647255900521	200.1978146160517	234.2995981497261	240.94453288729974	221.2324012750354	246.03515625	254.13937817916877	254.99925655976676
254.637605896526	246.11466666666666	224.51396650187772	223.125	205.50063994642045	141.76331936272737	189.1669395997517	189.16693864578855	115.96389427401908	212.5	253.60127261491402	32.613056319464164	177.60528299683585	57.377869738638935	171.49977199065256	243.87977904569235	212.71906045506418	223.03359278984024	217.25434044309702	164.98721457465248	220.7879789939616	246.36847195357834	239.98552125912065	249.9	231.52247558513375	240.367456462772	249.26384329027235	249.2625813918633	254.73796004003947	254.99767907135023
195.43973795578128	253.368	0.0	34.06479140653113	200.62713240960252	47.78883278883279	159.375	115.9638941138958	123.89816827504191	191.25	239.24710424710423	172.89040788497056	170.0	171.8065775950668	172.89040788497056	185.59779065834482	237.8319294015185	238.35591599895832	244.0773178432996	215.2716612563782	215.2473783497227	251.12874457627518	250.08927000119547	251.35714285714286	249.9	244.6757860234609	250.78807810651006	249.2638432907092	254.94795918367348	254.7613047235023
75.2602505964077	240.6399543342555	229.63892110397862	43.58043933905395	186.79203769928247	33.46153846153845	143.82540613521792	218.07692307692307	88.86363633334199	172.7593274817424	173.98846561867404	162.69230769230768	170.0	21.646034539146882	30.87890625	218.57142857142858	235.6113312960353	129.86636971046772	129.86636971046767	200.45765742519956	217.25434043225232	217.2543404331484	244.78021975430858	178.84615384959972	236.785714293	248.92857142857142	253.6183556082895	249.26384328869963	254.88950085318177	253.698979596
1.961072900188725	19.475125633244915	229.91615250212382	241.04807167294615	188.67926513499827	56.458053262308425	76.76264897999997	88.86363642018591	75.64268338612649	139.93853324580596	207.22879371177987	170.0	136.3090909090909	127.5	102.0	238.0	139.76209635196528	235.6113313250323	235.6113313250323	229.53314458023422	209.04669838007308	255.0	210.92592592592592	210.2027027027027	212.500000017	212.500000017	255.0	195.57350933090578	247.38225880201188	253.72507623452248
73.48680440396228	101.80617047963821	175.24491394616018	14.530509302230485	76.76264890593558	76.76264894285057	73.18301826711004	75.64268315278187	136.4527848383018	117.154799175	134.02854290821654	107.46201832123924	118.30169140490162	118.30169140490162	220.27677972586707	125.0209395870776	168.0166643775393	201.86270714655728	201.86270714272587	187.82134321619657	226.02459187131353	235.6113312960353	232.61358857700736	232.61358858312866	218.20469794996566	244.97705506899473	239.7	158.43195266272187	248.90586456538554	253.72507623432176
193.71081810674218	229.6727018025657	135.56431533658898	76.7626488525	76.76264889500001	76.76264888747806	76.76264886544314	63.123761760026554	134.71684789289827	136.45278453764314	141.5728043534688	102.32964912036007	213.31210191082803	118.30169140490159	31.983028718443023	182.87510831578982	144.82740812565322	116.46772919430262	144.58176102205	226.02459177077174	227.40607199356074	98.07692307692307	211.1052709704656	255.0	230.5084745794944	230.50847457915253	231.1813186830123	248.89998490500977	248.90586456431663	247.9166666712
51.19482730922988	27.299839793967834	254.29577657695964	176.53846153846155	176.53846153846155	118.96161664510134	63.123761760026525	63.12376143522502	63.12376158194908	76.76264897999997	114.76928846518888	102.32964904167977	96.76224903833022	213.31210191082803	58.13853435877175	213.31210191082806	174.11816589751976	168.92090159450441	150.89668592843498	186.84838325914632	224.52167047642578	224.13544668587897	183.13953488372093	211.10527092266196	233.82935938529369	239.0625	229.5	241.14688128772636	253.319091796875	252.85456730769232
48.61918173763499	164.79120475536507	16.463895154271682	19.61538461538464	44.98977502352162	94.99424144864417	63.12376137445952	63.12376136186302	63.12376143522502	63.123761330774585	114.76928845056449	96.76224844476323	96.76224872209889	96.76224896881038	58.138534380660445	206.9594408481308	206.9594408481308	170.5128367375131	164.14776175557705	164.14776174594587	192.53801154466993	207.78886466543688	207.78886467145554	217.9523995875	240.66921321451855	231.92060516802786	252.05168227835588	246.03515625	254.68297658907053	254.082
70.35106436881512	105.22423949604146	156.4922853919697	94.99424144864417	94.99424143016324	94.99424141781807	94.99424142021834	63.12376060332545	63.12376118167606	63.123761330774556	46.75000009817498	96.76224919340183	96.76224913878525	96.76224917227043	96.76224919340197	102.43393899025932	102.43393899025932	209.54412733938295	148.98637404747035	164.14776168925303	164.1477617303577	225.82441475492726	229.83519529968038	229.83519521881044	203.16920748669165	240.66921317559982	244.8	254.87948960302458	253.319091796875	247.7627636076314
35.26356965886362	1.0072314944941922	19.615384615384613	1.9399049892535345	111.03336653105953	94.99424141164548	103.60856404546197	103.6085641665965	94.99424140600541	94.99424149254489	46.75000009817498	87.14401352504905	130.08527787244424	130.08527788731965	205.59782843289963	205.59782851161097	205.59782843289892	205.59782988311818	205.59782893806957	159.70635216738907	183.8311177059081	183.8311177233262	183.83111770590813	183.83111775153964	183.8311177825447	234.39393939393938	246.03515625	248.36336336336336	248.1308803763441	249.2625813918633
51.19482730922988	50.33831008208182	147.6310923283741	40.333365616098604	72.58873887519059	72.58873875795103	111.0333662293194	111.03336626875262	111.03336632989942	111.03336638018945	111.03336647378092	15.9375	170.0	77.8337932319555	155.86832002355993	155.86831998086026	142.39654310628663	205.59782599232224	205.5978277597708	205.59782829242073	183.83111773577804	183.83111769371698	183.83111773162636	183.83111781693373	183.8311177830629	206.7310087173101	232.421875	229.6458622422557	223.125	253.760847894783
88.17882435849097	13.619868011328208	71.16888232396181	71.16888232396181	72.58873882319392	72.58873884494156	72.58873884494156	72.58873885263961	111.03336626875262	111.0333663370954	91.79999999999998	189.1592832044682	57.477849466180345	181.7902383745607	181.7902382134688	77.83379321816307	80.31344277311348	193.56400689439047	240.33155259856494	163.65671641791045	181.52542374419707	183.8311175361112	183.83111772332623	183.83111774448548	183.8311176760382	207.1875	123.0081300813008	186.28476461450208	186.6879383869358	246.69767441860466
2.543680077157944	115.96296906511068	71.1688822169371	71.16888225551449	71.16888221745529	71.16888246388876	72.58873885263961	72.58873888843681	10.72457493587848	134.02854290821654	105.59913021235843	74.68777074986073	110.82911061206747	73.20976178653115	73.20976162543931	73.88427951129637	118.68612584959581	182.64549216892354	163.6567164247271	213.6038957962478	213.6038960625	182.4112611115632	182.41126114736034	183.83111778254468	183.8311175361112	227.58064514758064	249.45652173913044	69.50626126316843	253.760847894783	233.14285714285714
2.543680077157944	115.96296901402161	71.16888221745532	71.16888226837364	71.16888227667374	71.16888227667377	71.16888230628302	93.29580713136582	68.77725920590521	99.24161805924822	99.49702547879124	102.74142215087713	16.9762020282775	169.511124590406	169.51112468391096	73.88427952905434	169.51112460185095	169.51112454771385	169.51112433054237	99.13168001913974	182.41126114736034	182.41126114736034	182.41126115505844	182.41126117680608	182.41126112480939	204.0	249.45652173913044	123.0081300813008	248.62582479382831	182.94109511634122
115.96296904753169	115.96296906071595	115.96296904852375	71.16888218306627	71.1688822940919	71.1688822940919	71.16888226422196	63.459873176252756	58.92470793182116	58.92470793993169	92.27022052224171	95.00875655308542	169.51112447190206	153.86557583192968	153.86557590011628	147.77547559598034	147.77547566321942	99.13167997644007	134.81057688618674	119.2534622149179	162.27272727272725	203.37208095182	182.41126124204897	206.88761270721014	198.33333333333334	207.1875	253.06009501074638	241.47530497981623	97.53408572944872	239.36534745236423
8.731527656174563	115.9629691060764	115.96296907390018	26.615017192959158	71.16888224846033	47.82869095136445	64.78392353004517	63.45987320161797	58.924707918287965	88.72570550593534	88.50219187467002	58.924707932643116	58.92470794200776	58.924707945354385	93.29580720208025	154.07600117991336	154.0760012231101	148.79149030575675	134.8105769272463	119.2534622085353	203.37208065823611	191.8762386692254	191.87623881832394	191.8762386692254	191.87623939667452	185.9375	48.26781180431158	244.25156229131485	51.230372604160294	255.0
8.731527937604568	8.731528031414541	115.96296906770797	47.82869081583456	47.82869090845685	47.828690905367495	47.8286910844333	79.7559661243651	85.75982650377628	90.17154161668532	88.50219187467002	110.20681453349508	58.924707932643116	58.924707938886144	161.57031493254354	161.57031492879247	161.57031492329628	148.79149030598987	161.5703149048018	140.2307115494355	191.8762386692254	191.876238564775	191.876238638137	191.87623862554048	191.876238818324	185.9375	48.26781189348836	131.56804983800822	46.93797107120699	74.55015093557105
8.731527857851972	8.73152804552069	8.731528106632453	94.99424144864417	47.82869088700306	47.828690798498	47.82869073244524	64.783923524975	82.52408919440032	79.7559661243651	79.75596608889904	79.75596611379919	79.75596609866088	79.75596609866088	79.7559660835226	110.20681453349508	161.5703149448566	161.5703149207604	161.57031493977541	140.23071153481112	191.87623841805095	191.876238564775	191.8762385125498	191.87623862554048	191.87623823997347	48.26781186617356	48.26781185407657	2.6153850789648914	149.88445078744797	0.23213038197641822
109.68656380318882	8.731527937604568	8.731528023705607	7.620950759023373	94.99424144864417	94.99424149254489	25.053014585122327	78.71676638248383	91.5747281972435	78.46603942182074	79.75596601699729	79.75596601699726	79.75596608102774	79.75596601699729	79.75596608889904	79.7559661500479	90.17154161668532	79.75596614668223	161.57031490480182	118.120429003309	191.87623823997345	191.87623852914874	171.38220594365276	144.5817610598382	168.66836947295656	202.56314140140978	127.5	204.0	140.9054718657999	0.06418204367622593
156.4922853919697	25.912848012639188	8.73152804552069	7.62095063329167	7.620950632115353	94.99424142021834	94.99424140600541	69.14293117293974	76.1408730150815	57.64856534558598	57.64856499805339	57.64856515289199	79.75596605256843	79.75596605343296	79.75596606658192	79.75596608232456	79.75596609547353	79.75596614668223	79.7559660835226	104.32181991389376	104.32182012508514	133.35659477880148	104.32182017155878	140.96053317152422	144.16343474247608	94.29532930660562	127.5	204.0	10.8938072753769	224.41615954287295
3.287065818830939	76.76264897999997	0.7897129188681902	8.731528219034516	7.620950631527165	7.620950665682074	94.99424143016324	94.99424141781807	94.99424141164548	8.097311565000012	57.6485650603625	57.648565011078574	56.5678858906341	115.7190473355534	79.75596611379913	79.75596606658192	79.75596609866088	79.7559660835226	104.321820054688	104.32182008477156	104.32182008477153	104.32182010646838	133.33408001004548	133.33408006	133.33408006541805	110.26655280642512	94.29532930660562	245.72654836206476	201.6898760414461	23.807192735775573
102.33335621475788	76.76264894285057	76.76264889500001	76.7626488525	0.7897129161748921	7.620950619011438	7.620950747846365	138.55070902681774	138.55070902522533	142.51421168388498	142.51421167495172	142.5142115987974	57.64856495250919	56.56788597800437	69.83933837281893	69.83933838446004	115.71904733476583	104.32182004137789	104.321820054688	104.32182004137795	104.32182003652406	102.90004558362745	133.3340801025	133.33408004696048	110.266552784563	110.26655276032798	61.04660656008079	12.684444597216327	51.55740212458281	179.0728940457294
8.800341281613157	109.68656380318882	76.76264888747806	76.76264890593558	76.76264897999997	57.4121857050944	19.388668703964697	19.388668674967704	7.620950750897407	44.67708525101074	44.6770852377428	44.67708541067185	142.51421161406003	142.51421158609367	69.74342145014461	77.79296968530869	104.32181991389373	104.32181991119708	104.32181997520888	102.90004549599212	102.9000454628439	133.334079975	133.3340800679517	110.2665527632958	255.0	255.0	31.319033253838853	96.22368099423426	251.104635980913	251.43218177357775
59.77442973043958	3.287065818830939	216.03282315195275	76.76264886544314	49.21340862230667	45.57848135606994	53.938533887083	55.53101131917097	74.68777074986073	66.67799853301014	66.67799850937172	44.677085295385865	44.67708528353455	44.67708535205762	142.5142115433303	102.90004536600009	102.90004552323572	102.90004550310513	102.90004553932283	102.90004556098816	133.33408022999998	110.266552784563	110.26655280642512	255.0	255.0	46.8781484813849	182.12990281289	253.141853406128	83.41074632863155	249.4247040086422
18.53818407508166	40.789649379690076	16.39913616197802	35.32498684911431	197.41229054437125	22.968481570856255	22.968481608022188	22.96848159451764	22.968481641840526	66.67799850068187	66.67799853301014	66.67799863031482	66.67799860156472	66.67799865916189	66.67799863584207	77.81722429158017	77.81722421022897	77.81722420891643	110.26655274083873	110.2665527647797	110.26655277363196	110.2665527632958	110.26655276032798	110.26655282619905	0.0	156.3525342773827	136.01861833801837	110.21292534936174	1.979521805186863	105.80527954750704
23.76625423219687	96.79234673988827	27.01249382867556	50.33831008208182	40.333365616098604	13.970001421288998	22.9684815065672	22.968481589256868	22.968481589256896	22.96848155988269	22.96848161863113	22.968481616692628	226.43077664644542	77.81722420891643	77.81722416955336	77.81722419443196	125.45861890751962	125.45861880764235	125.45861880764238	125.45861880764235	125.45861877590414	95.3789714092012	95.37897136742794	95.37897153452096	82.77595861339341	156.35253413506442	156.35253414793394	7.8665114787274035	28.677387092577817	125.19123819261998
9.947237157270706	10.374478109665432	12.495494524760517	18.395906003347847	26.108153393441825	27.01249382867556	30.173227087978262	27.01249382867556	20.060841885110875	22.96848162153887	22.968481589256896	22.96848159451764	22.968481641840526	77.8172241475817	77.81722420891643	125.45861877996316	125.45861880880801	125.45861879784007	143.78747022349185	95.37897132766841	95.37897135407513	95.37897135729952	76.46143961245701	0.0	156.35253399644353	156.35253416029337	156.35253415116733	111.50084218182894	6.218415456354165	255.0
1.1302521260387266	10.31830213970997	10.551090613447855	12.495494524760517	177.89081886279814	19.85222817548177	200.80934200857666	20.548416842969345	27.01249382867556	20.548416842969345	39.19820460146647	82.77595861339341	22.968481589256868	22.968481641840526	61.04660656008079	248.1689953412743	248.16899541877092	95.3789712838815	95.37897136727852	70.0422796957942	66.28348617664653	43.420286110719445	82.21528757309497	51.68073651728025	1.0810466101290217	156.3525341232151	156.35253405403938	108.66546000263264	190.16396541420593	0.0
